2.852636364
2.852636364
2.854636364
2.854363636
2.845727273
2.831090909
2.878636364
2.894
2.896454545
2.899363636
2.901181818
2.914818182
2.918454545
2.950272727
2.971909091
2.984181818
3.000545455
2.995454545
3.013636364
3.033727273
3.064545455
3.066272727
3.094909091
3.103818182
3.119636364
3.128636364
3.161636364
3.163272727
3.177272727
3.216727273
3.215909091
3.249
3.254909091
3.265636364
3.294636364
3.331363636
3.327454545
3.343
3.367909091
3.384636364
3.412363636
3.409818182
3.440545455
3.451909091
3.455
3.476818182
3.481
3.497272727
3.511636364
3.517272727
3.524181818
3.540636364
3.552636364
3.576181818
3.583181818
3.575545455
3.592545455
3.593909091
3.618363636
3.621545455
3.630090909
3.652181818
3.642818182
3.642
3.640454545
3.666636364
3.691090909
3.674090909
3.684454545
3.691
3.702090909
3.701
3.699636364
3.717
3.704909091
3.721272727
3.716363636
3.724636364
3.748090909
3.738545455
3.743545455
3.751272727
3.758727273
3.765090909
3.763363636
3.776090909
3.762090909
3.764454545
3.770545455
3.762
3.780545455
3.786272727
3.789090909
3.784272727
3.798636364
3.807909091
3.798818182
3.793818182
3.803272727
3.814545455
