2.824272727
2.837545455
2.832454545
2.837
2.842909091
2.849818182
2.843454545
2.844090909
2.865454545
2.878363636
2.875636364
2.887181818
2.919090909
2.935363636
2.935
2.942
2.952636364
2.990545455
2.996909091
2.997636364
3.016454545
3.035727273
3.052090909
3.058909091
3.088090909
3.100727273
3.12
3.121636364
3.148545455
3.170454545
3.175363636
3.210909091
3.214818182
3.248272727
3.248727273
3.283727273
3.284090909
3.298090909
3.324454545
3.324727273
3.353818182
3.363090909
3.386818182
3.388363636
3.413272727
3.421636364
3.430727273
3.439
3.461818182
3.465818182
3.475363636
3.515181818
3.513
3.511909091
3.522
3.545909091
3.543727273
3.544
3.570272727
3.569454545
3.587818182
3.604545455
3.602727273
3.603454545
3.614727273
3.618363636
3.650272727
3.637181818
3.633727273
3.642090909
3.658636364
3.662090909
3.662181818
3.651727273
3.670090909
3.692272727
3.673181818
3.685363636
3.692454545
3.714
3.690545455
3.710818182
3.694727273
3.711454545
3.708818182
3.723181818
3.722181818
3.737909091
3.735454545
3.739545455
3.734181818
3.748363636
3.725272727
3.756818182
3.739181818
3.766454545
3.753363636
3.755727273
3.757636364
3.762909091
