2.424678663e+14
1.949858999e+14
1.946872738e+14
1.762190347e+14
1.761289099e+14
1.761245682e+14
1.760999265e+14
1.76099832e+14
1.760943047e+14
1.760941211e+14
1.760940939e+14
1.760940826e+14
1.760940795e+14
1.760940791e+14
1.760940762e+14
1.76094076e+14
1.760940728e+14
1.76094072e+14
1.76094072e+14
1.76094072e+14
1.760940719e+14
1.760940719e+14
1.760940719e+14
1.760940719e+14
1.760940719e+14
1.760940719e+14
1.760940719e+14
1.760940719e+14
1.760940719e+14
1.760940719e+14
1.760940719e+14
1.760940719e+14
1.760940719e+14
1.760940719e+14
1.760940719e+14
1.760940719e+14
1.760940719e+14
1.760940719e+14
1.760940719e+14
1.760940719e+14
1.760940719e+14
1.760940719e+14
1.760940719e+14
1.760940719e+14
1.760940719e+14
1.760940719e+14
1.760940719e+14
1.760940719e+14
1.760940719e+14
1.760940719e+14
1.760940719e+14
1.760940719e+14
1.760940719e+14
1.760940719e+14
1.760940719e+14
1.760940719e+14
1.760940719e+14
1.760940719e+14
1.760940719e+14
1.760940719e+14
1.760940719e+14
1.760940719e+14
1.760940719e+14
1.760940719e+14
1.760940719e+14
1.760940719e+14
1.760940719e+14
1.760940719e+14
1.760940719e+14
1.760940719e+14
1.760940719e+14
1.760940719e+14
1.760940719e+14
1.760940719e+14
1.760940719e+14
1.760940719e+14
1.760940719e+14
1.760940719e+14
1.760940719e+14
1.760940719e+14
1.760940719e+14
1.760940719e+14
1.760940719e+14
1.760940719e+14
1.760940719e+14
1.760940719e+14
1.760940719e+14
1.760940719e+14
1.760940719e+14
1.760940719e+14
1.760940719e+14
1.760940719e+14
1.760940719e+14
1.760940719e+14
1.760940719e+14
1.760940719e+14
1.760940719e+14
1.760940719e+14
1.760940719e+14
1.760940719e+14
