3.779514917e+15
2.656994642e+15
2.640165061e+15
2.640041689e+15
2.640022005e+15
2.640021272e+15
2.640020942e+15
2.64002088e+15
2.640020679e+15
2.640020641e+15
2.640020636e+15
2.640020633e+15
2.640020632e+15
2.640020632e+15
2.640020563e+15
2.640020561e+15
2.640020561e+15
2.640020561e+15
2.640020561e+15
2.640020561e+15
2.640020561e+15
2.640020561e+15
2.640020561e+15
2.640020561e+15
2.640020561e+15
2.640020561e+15
2.640020561e+15
2.640020561e+15
2.640020561e+15
2.640020561e+15
2.640020561e+15
2.640020561e+15
2.640020561e+15
2.640020561e+15
2.640020561e+15
2.640020561e+15
2.640020561e+15
2.640020561e+15
2.640020561e+15
2.640020561e+15
2.640020561e+15
2.640020561e+15
2.640020561e+15
2.640020561e+15
2.640020561e+15
2.640020561e+15
2.640020561e+15
2.640020561e+15
2.640020561e+15
2.640020561e+15
2.640020561e+15
2.640020561e+15
2.640020561e+15
2.640020561e+15
2.640020561e+15
2.640020561e+15
2.640020561e+15
2.640020561e+15
2.640020561e+15
2.640020561e+15
2.640020561e+15
2.640020561e+15
2.640020561e+15
2.640020561e+15
2.640020561e+15
2.640020561e+15
2.640020561e+15
2.640020561e+15
2.640020561e+15
2.640020561e+15
2.640020561e+15
2.640020561e+15
2.640020561e+15
2.640020561e+15
2.640020561e+15
2.640020561e+15
2.640020561e+15
2.640020561e+15
2.640020561e+15
2.640020561e+15
2.640020561e+15
2.640020561e+15
2.640020561e+15
2.640020561e+15
2.640020561e+15
2.640020561e+15
2.640020561e+15
2.640020561e+15
2.640020561e+15
2.640020561e+15
2.640020561e+15
2.640020561e+15
2.640020561e+15
2.640020561e+15
2.640020561e+15
2.640020561e+15
2.640020561e+15
2.640020561e+15
2.640020561e+15
2.640020561e+15
