-0.406253
-0.951932
3.78082
-0.196513
-2.18663
-1.61249
-2.25123
-0.234471
-0.310252
1.07225
-0.820966
0.265826
0.141121
0.212021
1.21277
-0.899722
-0.0394848
0.326042
-2.13461
-0.12375
0.577369
1.78176
-0.499263
0.358797
0.810597
0.69771
1.05723
-0.490265
-1.11916
0.212676
1.30213
1.59973
-0.228688
0.590349
0.853132
2.96707
0.782723
-1.20847
0.746746
-0.595848
-0.722131
-0.617939
0.547872
-1.76985
1.02084
-0.122196
-1.12536
0.678107
1.15827
0.0911658
1.5013
-0.425467
-0.131083
0.149245
-0.226788
-1.25302
-0.106355
0.0519801
-0.0256848
0.152846
2.18478
0.657282
-0.994577
0.534579
-0.0182339
-0.234691
0.957647
0.113925
-0.571574
0.526396
-0.466884
-0.152495
-1.08895
-1.3447
0.312862
0.77185
-1.04
1.50366
-0.138168
-0.221279
-0.54186
-1.64497
0.0163811
0.822383
-0.0674228
0.868702
0.0567247
0.0114093
-1.08166
-0.966774
0.095755
0.747558
1.16169
-0.555003
-1.03125
-0.925026
-0.80216
1.1563
0.145359
2.19154
