# Time-averaged data for fix ave_rdf
# TimeStep Number-of-rows
# Row c_myRDF[1] c_myRDF[2] c_myRDF[3]
5490 200
1 0.025 0 0
2 0.075 0 0
3 0.125 0 0
4 0.175 0 0
5 0.225 0 0
6 0.275 0 0
7 0.325 0 0
8 0.375 0 0
9 0.425 0 0
10 0.475 0 0
11 0.525 0 0
12 0.575 0 0
13 0.625 0 0
14 0.675 0 0
15 0.725 0 0
16 0.775 0 0
17 0.825 0 0
18 0.875 0 0
19 0.925 0.0232601 0.0025
20 0.975 0.408255 0.05125
21 1.025 1.16505 0.205
22 1.075 2.00647 0.49625
23 1.125 2.05228 0.8225
24 1.175 2.24177 1.21125
25 1.225 1.84367 1.55875
26 1.275 1.76927 1.92
27 1.325 1.50222 2.25125
28 1.375 1.17914 2.53125
29 1.425 1.12726 2.81875
30 1.475 1.09331 3.1175
31 1.525 1.03564 3.42
32 1.575 0.87063 3.69125
33 1.625 1.00256 4.02375
34 1.675 0.865565 4.32875
35 1.725 0.959942 4.6875
36 1.775 0.9856 5.0775
37 1.825 0.893491 5.45125
38 1.875 0.934238 5.86375
39 1.925 0.98303 6.32125
40 1.975 0.944096 6.78375
41 2.025 1.02669 7.3125
42 2.075 0.950071 7.82625
43 2.125 1.11528 8.45875
44 2.175 1.13613 9.13375
45 2.225 1.04141 9.78125
46 2.275 1.06537 10.4738
47 2.325 1.009 11.1588
48 2.375 1.03401 11.8913
49 2.425 1.01382 12.64
50 2.475 0.984644 13.3975
51 2.525 0.975696 14.1788
52 2.575 1.04925 15.0525
53 2.625 0.996665 15.915
54 2.675 1.00566 16.8188
55 2.725 0.991878 17.7438
56 2.775 0.949995 18.6625
57 2.825 1.05136 19.7163
58 2.875 0.982596 20.7363
59 2.925 1.02026 21.8325
60 2.975 1.01549 22.9613
61 3.025 0.98546 24.0938
62 3.075 0.986305 25.265
63 3.125 1.00698 26.5
64 3.175 1.02685 27.8
65 3.225 1.01919 29.1313
66 3.275 1.0579 30.5563
67 3.325 1.04433 32.0063
68 3.375 0.994394 33.4288
69 3.425 0.95624 34.8375
70 3.475 0.996508 36.3488
71 3.525 1.01089 37.9263
72 3.575 0.995276 39.5238
73 3.625 0.983158 41.1463
74 3.675 0.972801 42.7963
75 3.725 1.02648 44.585
76 3.775 0.952677 46.29
77 3.825 0.98712 48.1038
78 3.875 0.998268 49.9863
79 3.925 1.03954 51.9975
80 3.975 1.03938 54.06
81 4.025 1.0684 56.2338
82 4.075 1.00938 58.3387
83 4.125 1.01255 60.5025
84 4.175 1.0267 62.75
85 4.225 1.00589 65.005
86 4.275 1.01953 67.345
87 4.325 0.97215 69.6287
88 4.375 0.981257 71.9875
89 4.425 0.983098 74.405
90 4.475 0.979643 76.8688
91 4.525 0.993113 79.4225
92 4.575 0.996252 82.0413
93 4.625 1.00554 84.7425
94 4.675 0.992798 87.4675
95 4.725 1.03788 90.3775
96 4.775 0.981771 93.1887
97 4.825 0.998725 96.1088
98 4.875 0.990908 99.0662
99 4.925 1.04065 102.236
100 4.975 0.970776 105.254
101 5.025 1.01896 108.485
102 5.075 0.965358 111.608
103 5.125 0.996256 114.894
104 5.175 1.01687 118.314
105 5.225 0.975987 121.66
106 5.275 1.01051 125.191
107 5.325 1.02708 128.849
108 5.375 1.01943 132.547
109 5.425 0.994974 136.225
110 5.475 0.99083 139.955
111 5.525 1.0333 143.916
112 5.575 0.999157 147.816
113 5.625 1.00538 151.811
114 5.675 0.977235 155.764
115 5.725 1.00944 159.919
116 5.775 1.00964 164.147
117 5.825 0.985636 168.347
118 5.875 1.02574 172.794
119 5.925 1.01332 177.261
120 5.975 0.99476 181.721
121 6.025 0.979689 186.187
122 6.075 1.00759 190.857
123 6.125 1.00527 195.594
124 6.175 1.00315 200.397
125 6.225 0.971945 205.127
126 6.275 0.997468 210.06
127 6.325 0.990717 215.037
128 6.375 1.03108 220.3
129 6.425 1.00448 225.507
130 6.475 0.99995 230.772
131 6.525 1.00853 236.165
132 6.575 1.01904 241.697
133 6.625 0.98421 247.122
134 6.675 1.00392 252.74
135 6.725 1.00402 258.442
136 6.775 1.01462 264.291
137 6.825 0.997459 270.126
138 6.875 1.00806 276.11
139 6.925 1.01743 282.237
140 6.975 1.00146 288.356
141 7.025 1.004 294.579
142 7.075 1.01193 300.94
143 7.125 1.02268 307.46
144 7.175 1.00093 313.931
145 7.225 1.00295 320.506
146 7.275 0.992598 327.104
147 7.325 1.00339 333.865
148 7.375 1.00868 340.755
149 7.425 0.989548 347.606
150 7.475 1.01412 354.722
151 7.525 1.01071 361.91
152 7.575 1.00018 369.117
153 7.625 1.00269 376.439
154 7.675 1.01552 383.951
155 7.725 0.991574 391.382
156 7.775 1.01706 399.104
157 7.825 0.996627 406.767
158 7.875 1.00712 414.611
159 7.925 0.987641 422.401
160 7.975 0.985625 430.274
161 8.025 1.01202 438.459
162 8.075 0.999526 446.644
163 8.125 0.991483 454.864
164 8.175 1.01648 463.395
165 8.225 1.01401 472.01
166 8.275 0.995982 480.575
167 8.325 0.987789 489.172
168 8.375 1.01959 498.154
169 8.425 1.01258 507.18
170 8.475 1.0148 516.334
171 8.525 1.01211 525.571
172 8.575 0.992216 534.734
173 8.625 1.00349 544.109
174 8.675 0.991163 553.476
175 8.725 1.00416 563.076
176 8.775 0.978138 572.535
177 8.825 1.0099 582.412
178 8.875 0.979218 592.099
179 8.925 0.999641 602.099
180 8.975 1.00954 612.311
181 9.025 1.00095 622.55
182 9.075 1.00107 632.904
183 9.125 1.00471 643.41
184 9.175 1.00455 654.03
185 9.225 1.0041 664.761
186 9.275 0.983703 675.389
187 9.325 1.00042 686.314
188 9.375 0.992953 697.274
189 9.425 1.00665 708.504
190 9.475 1.0139 719.935
191 9.525 0.983209 731.137
192 9.575 1.00521 742.711
193 9.625 0.992001 754.252
194 9.675 1.01272 766.157
195 9.725 1.00475 778.091
196 9.775 0.997311 790.059
197 9.825 1.01008 802.304
198 9.875 0.992117 814.454
199 9.925 1.00195 826.849
200 9.975 0.977226 839.06
5491 200
1 0.025 0 0
2 0.075 0 0
3 0.125 0 0
4 0.175 0 0
5 0.225 0 0
6 0.275 0 0
7 0.325 0 0
8 0.375 0 0
9 0.425 0 0
10 0.475 0 0
11 0.525 0 0
12 0.575 0 0
13 0.625 0 0
14 0.675 0 0
15 0.725 0 0
16 0.775 0 0
17 0.825 0 0
18 0.875 0 0
19 0.925 0.0465203 0.005
20 0.975 0.345447 0.04625
21 1.025 1.17452 0.20125
22 1.075 1.98925 0.49
23 1.125 2.17022 0.835
24 1.175 2.07598 1.195
25 1.225 1.93652 1.56
26 1.275 1.76927 1.92125
27 1.325 1.50789 2.25375
28 1.375 1.18967 2.53625
29 1.425 1.08315 2.8125
30 1.475 1.10246 3.11375
31 1.525 1.05276 3.42125
32 1.575 0.882667 3.69625
33 1.625 1.02141 4.035
34 1.675 0.833638 4.32875
35 1.725 0.969976 4.69125
36 1.775 0.979282 5.07875
37 1.825 0.905444 5.4575
38 1.875 0.954055 5.87875
39 1.925 0.945428 6.31875
40 1.975 0.961957 6.79
41 2.025 1.02669 7.31875
42 2.075 0.945448 7.83
43 2.125 1.09544 8.45125
44 2.175 1.14875 9.13375
45 2.225 1.05348 9.78875
46 2.275 1.02306 10.4538
47 2.325 1.04582 11.1638
48 2.375 1.01637 11.8838
49 2.425 1.01889 12.6363
50 2.475 0.981394 13.3913
51 2.525 1.00692 14.1975
52 2.575 1.01773 15.045
53 2.625 1.00244 15.9125
54 2.675 1.01678 16.8263
55 2.725 0.975793 17.7363
56 2.775 0.956457 18.6613
57 2.825 1.0551 19.7188
58 2.875 0.962126 20.7175
59 2.925 1.05283 21.8488
60 2.975 1.00762 22.9688
61 3.025 0.970233 24.0838
62 3.075 1.0042 25.2763
63 3.125 1.02125 26.5288
64 3.175 1.01501 27.8138
65 3.225 1.01919 29.145
66 3.275 1.05141 30.5613
67 3.325 1.03083 31.9925
68 3.375 1.0075 33.4338
69 3.425 0.957937 34.845
70 3.475 0.998157 36.3588
71 3.525 1.00849 37.9325
72 3.575 0.991382 39.5238
73 3.625 0.977856 41.1375
74 3.675 0.977223 42.795
75 3.725 1.01357 44.5613
76 3.775 0.965948 46.29
77 3.825 0.980997 48.0925
78 3.875 0.994954 49.9688
79 3.925 1.04665 51.9938
80 3.975 1.05828 54.0938
81 4.025 1.04813 56.2263
82 4.075 1.00878 58.33
83 4.125 1.01255 60.4938
84 4.175 1.03184 62.7525
85 4.225 1.00868 65.0138
86 4.275 1.02933 67.3763
87 4.325 0.962572 69.6375
88 4.375 0.969817 71.9688
89 4.425 0.992248 74.4088
90 4.475 0.975169 76.8613
91 4.525 0.99214 79.4125
92 4.575 1.00338 82.05
93 4.625 1.00275 84.7438
94 4.675 0.989154 87.4588
95 4.725 1.03922 90.3725
96 4.775 0.979152 93.1762
97 4.825 1.00514 96.115
98 4.875 0.99007 99.07
99 4.925 1.02916 102.205
100 4.975 0.980428 105.252
101 5.025 1.02251 108.495
102 5.075 0.961494 111.605
103 5.125 1.01558 114.955
104 5.175 0.994566 118.3
105 5.225 0.984373 121.675
106 5.275 1.01373 125.218
107 5.325 1.02006 128.85
108 5.375 1.00806 132.507
109 5.425 1.00546 136.224
110 5.475 0.993487 139.964
111 5.525 1.02906 143.909
112 5.575 0.993392 147.786
113 5.625 1.02363 151.854
114 5.675 0.972599 155.787
115 5.725 0.995163 159.884
116 5.775 1.0171 164.144
117 5.825 0.995903 168.387
118 5.875 1.01363 172.781
119 5.925 1.00708 177.221
120 5.975 1.00312 181.719
121 6.025 0.98106 186.191
122 6.075 1.01029 190.874
123 6.125 1.00368 195.602
124 6.175 0.994014 200.362
125 6.225 0.976825 205.116
126 6.275 1.00379 210.08
127 6.325 0.993703 215.072
128 6.375 1.01712 220.264
129 6.425 1.01196 225.51
130 6.475 0.999475 230.772
131 6.525 1.01414 236.195
132 6.575 1.01673 241.715
133 6.625 0.987384 247.157
134 6.675 0.997667 252.74
135 6.725 1.00203 258.431
136 6.775 1.02655 264.349
137 6.825 0.991263 270.148
138 6.875 0.994586 276.051
139 6.925 1.01743 282.179
140 6.975 1.01067 288.354
141 7.025 0.997542 294.536
142 7.075 1.02147 300.958
143 7.125 1.00777 307.383
144 7.175 1.01582 313.95
145 7.225 0.996469 320.483
146 7.275 0.990717 327.068
147 7.325 1.01323 333.895
148 7.375 1.00338 340.749
149 7.425 0.992617 347.621
150 7.475 1.00931 354.704
151 7.525 1.01703 361.936
152 7.575 1.00886 369.206
153 7.625 0.992416 376.452
154 7.675 1.00724 383.904
155 7.725 0.99074 391.329
156 7.775 1.02365 399.1
157 7.825 0.994352 406.746
158 7.875 1.00279 414.556
159 7.925 0.990177 422.366
160 7.975 0.988755 430.264
161 8.025 1.01681 438.488
162 8.075 0.997388 446.655
163 8.125 0.985603 454.826
164 8.175 1.02333 463.415
165 8.225 1.01313 472.023
166 8.275 0.996564 480.593
167 8.325 0.990661 489.215
168 8.375 1.01193 498.129
169 8.425 1.01328 507.161
170 8.475 1.0105 516.276
171 8.525 1.01608 525.55
172 8.575 0.997495 534.761
173 8.625 1.00041 544.107
174 8.675 0.993412 553.496
175 8.725 0.997095 563.029
176 8.775 0.979042 572.496
177 8.825 1.01539 582.427
178 8.875 0.97846 592.106
179 8.925 0.997017 602.08
180 8.975 1.01424 612.34
181 9.025 0.997897 622.547
182 9.075 1.00578 632.95
183 9.125 0.999215 643.399
184 9.175 1.00207 653.992
185 9.225 1.00551 664.739
186 9.275 0.981042 675.337
187 9.325 1.00695 686.334
188 9.375 0.995897 697.326
189 9.425 1.00441 708.531
190 9.475 1.01168 719.938
191 9.525 0.983099 731.139
192 9.575 1.00098 742.664
193 9.625 0.999092 754.287
194 9.675 1.01229 766.187
195 9.725 0.998752 778.05
196 9.775 1.00335 790.09
197 9.825 1.01111 802.347
198 9.875 0.98487 814.409
199 9.925 0.996292 826.734
200 9.975 0.987129 839.069
5492 200
1 0.025 0 0
2 0.075 0 0
3 0.125 0 0
4 0.175 0 0
5 0.225 0 0
6 0.275 0 0
7 0.325 0 0
8 0.375 0 0
9 0.425 0 0
10 0.475 0 0
11 0.525 0 0
12 0.575 0 0
13 0.625 0 0
14 0.675 0 0
15 0.725 0 0
16 0.775 0 0
17 0.825 0 0
18 0.875 0 0
19 0.925 0.0348902 0.00375
20 0.975 0.355915 0.04625
21 1.025 1.12716 0.195
22 1.075 2.04091 0.49125
23 1.125 2.24885 0.84875
24 1.175 2.03273 1.20125
25 1.225 1.93652 1.56625
26 1.275 1.74478 1.9225
27 1.325 1.50222 2.25375
28 1.375 1.20546 2.54
29 1.425 1.08805 2.8175
30 1.475 1.07044 3.11
31 1.525 1.06988 3.4225
32 1.575 0.890691 3.7
33 1.625 0.972412 4.0225
34 1.675 0.851375 4.3225
35 1.725 0.959942 4.68125
36 1.775 0.966646 5.06375
37 1.825 0.965209 5.4675
38 1.875 0.905927 5.8675
39 1.925 0.964229 6.31625
40 1.975 0.941544 6.7775
41 2.025 1.0631 7.325
42 2.075 0.940825 7.83375
43 2.125 1.09324 8.45375
44 2.175 1.11088 9.11375
45 2.225 1.08564 9.78875
46 2.275 1.01345 10.4475
47 2.325 1.0182 11.1387
48 2.375 1.05872 11.8887
49 2.425 1.01043 12.635
50 2.475 0.986269 13.3938
51 2.525 0.995991 14.1913
52 2.575 1.03875 15.0563
53 2.625 1.00389 15.925
54 2.675 1.00009 16.8238
55 2.725 0.959709 17.7188
56 2.775 0.981015 18.6675
57 2.825 1.03265 19.7025
58 2.875 0.99223 20.7325
59 2.925 1.02258 21.8313
60 2.975 1.02673 22.9725
61 3.025 0.968057 24.085
62 3.075 0.99999 25.2725
63 3.125 1.01819 26.5213
64 3.175 1.02093 27.8138
65 3.225 1.02301 29.15
66 3.275 1.0412 30.5525
67 3.325 1.03983 31.9963
68 3.375 1.00226 33.43
69 3.425 0.968967 34.8575
70 3.475 0.982496 36.3475
71 3.525 0.993271 37.8975
72 3.575 1.01163 39.5213
73 3.625 0.971797 41.125
74 3.675 1.0067 42.8325
75 3.725 0.992053 44.5613
76 3.775 0.964551 46.2875
77 3.825 0.98644 48.1
78 3.875 1.00092 49.9875
79 3.925 1.04213 52.0038
80 3.975 1.05198 54.0913
81 4.025 1.03522 56.1975
82 4.075 1.02556 58.3363
83 4.125 1.01606 60.5075
84 4.175 1.02384 62.7488
85 4.225 1.02596 65.0488
86 4.275 1.0021 67.3488
87 4.325 0.971618 69.6313
88 4.375 0.973457 71.9713
89 4.425 0.985132 74.3938
90 4.475 0.983122 76.8663
91 4.525 0.98971 79.4113
92 4.575 1.00291 82.0475
93 4.625 1.00647 84.7513
94 4.675 1.00783 87.5175
95 4.725 1.01024 90.35
96 4.775 0.975223 93.1425
97 4.825 1.02053 96.1263
98 4.875 0.959916 98.9913
99 4.925 1.05091 102.193
100 4.975 0.990883 105.273
101 5.025 1.01778 108.5
102 5.075 0.96188 111.611
103 5.125 1.01899 114.973
104 5.175 0.972266 118.243
105 5.225 1.00297 121.681
106 5.275 1.00765 125.203
107 5.325 1.01549 128.819
108 5.375 1.01116 132.487
109 5.425 1.00478 136.201
110 5.475 0.991826 139.935
111 5.525 1.03591 143.906
112 5.575 1.00716 147.837
113 5.625 1.00381 151.826
114 5.675 0.976926 155.777
115 5.725 0.998808 159.889
116 5.775 1.00875 164.114
117 5.825 0.993849 168.349
118 5.875 1.02891 172.809
119 5.925 1.00198 177.226
120 5.975 0.997548 181.699
121 6.025 0.983802 186.184
122 6.075 1.01973 190.91
123 6.125 0.995982 195.602
124 6.175 0.989315 200.34
125 6.225 0.9871 205.144
126 6.275 0.995699 210.067
127 6.325 0.997186 215.077
128 6.375 1.01516 220.259
129 6.425 1.01316 225.511
130 6.475 1.00399 230.797
131 6.525 1.0111 236.204
132 6.575 1.00407 241.655
133 6.625 0.997589 247.154
134 6.675 0.989849 252.692
135 6.725 1.01238 258.442
136 6.775 1.01527 264.295
137 6.825 0.994895 270.115
138 6.875 1.0009 276.056
139 6.925 1.01556 282.173
140 6.975 1.01517 288.375
141 7.025 0.99613 294.549
142 7.075 1.01789 300.947
143 7.125 1.0017 307.334
144 7.175 1.03032 313.995
145 7.225 0.989604 320.483
146 7.275 0.995043 327.096
147 7.325 1.00748 333.885
148 7.375 1.00173 340.727
149 7.425 0.994242 347.611
150 7.475 1.00735 354.68
151 7.525 1.0216 361.945
152 7.575 1.00487 369.186
153 7.625 1.00132 376.497
154 7.675 0.999297 383.89
155 7.725 0.993075 391.332
156 7.775 1.02365 399.104
157 7.825 0.986874 406.692
158 7.875 1.00921 414.552
159 7.925 0.990969 422.369
160 7.975 0.983747 430.226
161 8.025 1.02516 438.517
162 8.075 0.99861 446.695
163 8.125 0.987111 454.879
164 8.175 1.01722 463.416
165 8.225 1.01401 472.031
166 8.275 0.989587 480.541
167 8.325 0.995544 489.206
168 8.375 1.01108 498.113
169 8.425 1.01188 507.132
170 8.475 1.01757 516.311
171 8.525 1.01306 525.558
172 8.575 1.00115 534.803
173 8.625 0.995062 544.099
174 8.675 0.996983 553.521
175 8.725 0.995656 563.04
176 8.775 0.981628 572.532
177 8.825 1.00632 582.375
178 8.875 0.985663 592.125
179 8.925 0.998267 602.111
180 8.975 1.00756 612.304
181 9.025 1.00584 622.592
182 9.075 1.00107 632.946
183 9.125 0.999455 643.397
184 9.175 1.00053 653.975
185 9.225 1.00773 664.745
186 9.275 0.978959 675.321
187 9.325 1.00558 686.302
188 9.375 0.997483 697.312
189 9.425 1.01371 708.621
190 9.475 1.00714 719.976
191 9.525 0.976626 731.104
192 9.575 1.00109 742.63
193 9.625 1.00779 754.355
194 9.675 1.0125 766.258
195 9.725 0.9957 778.084
196 9.775 1.00189 790.106
197 9.825 1.0107 802.359
198 9.875 0.981502 814.379
199 9.925 0.99609 826.701
200 9.975 0.98753 839.041
5493 200
1 0.025 0 0
2 0.075 0 0
3 0.125 0 0
4 0.175 0 0
5 0.225 0 0
6 0.275 0 0
7 0.325 0 0
8 0.375 0 0
9 0.425 0 0
10 0.475 0 0
11 0.525 0 0
12 0.575 0 0
13 0.625 0 0
14 0.675 0 0
15 0.725 0 0
16 0.775 0 0
17 0.825 0 0
18 0.875 0 0
19 0.925 0.0465203 0.005
20 0.975 0.314043 0.0425
21 1.025 1.09874 0.1875
22 1.075 2.11842 0.495
23 1.125 2.26458 0.855
24 1.175 1.99669 1.20125
25 1.225 1.8901 1.5575
26 1.275 1.7509 1.915
27 1.325 1.48522 2.2425
28 1.375 1.23705 2.53625
29 1.425 1.10766 2.81875
30 1.475 1.07959 3.11375
31 1.525 1.06988 3.42625
32 1.575 0.878655 3.7
33 1.625 0.946029 4.01375
34 1.675 0.865565 4.31875
35 1.725 0.959942 4.6775
36 1.775 0.988759 5.06875
37 1.825 0.962221 5.47125
38 1.875 0.908758 5.8725
39 1.925 0.956171 6.3175
40 1.975 0.956854 6.78625
41 2.025 1.01941 7.31125
42 2.075 0.982434 7.8425
43 2.125 1.10426 8.46875
44 2.175 1.08143 9.11125
45 2.225 1.06956 9.77625
46 2.275 1.0423 10.4537
47 2.325 1.04582 11.1638
48 2.375 1.00578 11.8763
49 2.425 1.00874 12.6213
50 2.475 0.992768 13.385
51 2.525 1.00536 14.19
52 2.575 1.04925 15.0638
53 2.625 1.001 15.93
54 2.675 1.01122 16.8388
55 2.725 0.944965 17.72
56 2.775 0.992648 18.68
57 2.825 1.02766 19.71
58 2.875 0.975371 20.7225
59 2.925 1.0284 21.8275
60 2.975 1.03348 22.9763
61 3.025 0.945215 24.0625
62 3.075 1.01788 25.2713
63 3.125 1.02023 26.5225
64 3.175 1.00908 27.8
65 3.225 1.03354 29.15
66 3.275 1.03285 30.5413
67 3.325 1.04883 31.9975
68 3.375 1.00488 33.435
69 3.425 0.958785 34.8475
70 3.475 0.987441 36.345
71 3.525 1.00449 37.9125
72 3.575 1.00306 39.5225
73 3.625 0.969524 41.1225
74 3.675 1.00007 42.8188
75 3.725 1.00712 44.5738
76 3.775 0.948487 46.2713
77 3.825 0.985079 48.0813
78 3.875 1.00026 49.9675
79 3.925 1.04148 51.9825
80 3.975 1.06773 54.1013
81 4.025 1.02601 56.1888
82 4.075 1.02916 58.335
83 4.125 1.01255 60.4988
84 4.175 1.03127 62.7563
85 4.225 1.02485 65.0538
86 4.275 1.00646 67.3638
87 4.325 0.966297 69.6338
88 4.375 0.980737 71.9913
89 4.425 0.976998 74.3938
90 4.475 0.985607 76.8725
91 4.525 0.983877 79.4025
92 4.575 1.01052 82.0588
93 4.625 1.00693 84.7638
94 4.675 0.995986 87.4975
95 4.725 1.0089 90.3263
96 4.775 0.992685 93.1688
97 4.825 0.996587 96.0825
98 4.875 0.983369 99.0175
99 4.925 1.03901 102.183
100 4.975 0.990481 105.261
101 5.025 1.02132 108.5
102 5.075 0.962267 111.613
103 5.125 1.00687 114.934
104 5.175 0.975983 118.216
105 5.225 1.02375 121.726
106 5.275 0.997636 125.213
107 5.325 1.01128 128.814
108 5.375 1.01013 132.479
109 5.425 1.00377 136.189
110 5.475 0.994483 139.933
111 5.525 1.03591 143.904
112 5.575 1.00076 147.81
113 5.625 1.00444 151.801
114 5.675 0.993615 155.82
115 5.725 0.988786 159.89
116 5.775 1.01233 164.13
117 5.825 1.00206 168.4
118 5.875 1.01132 172.784
119 5.925 1.00963 177.235
120 5.975 0.98779 181.664
121 6.025 1.00162 186.23
122 6.075 1.01163 190.919
123 6.125 0.985104 195.56
124 6.175 1.00106 200.354
125 6.225 0.983761 205.141
126 6.275 0.998985 210.081
127 6.325 0.998927 215.1
128 6.375 1.01026 220.256
129 6.425 1.01316 225.509
130 6.475 0.996626 230.756
131 6.525 1.02489 236.236
132 6.575 0.999926 241.665
133 6.625 0.986931 247.105
134 6.675 0.989402 252.641
135 6.725 1.0225 258.449
136 6.775 1.01983 264.328
137 6.825 0.994254 270.144
138 6.875 0.986373 275.999
139 6.925 1.02635 282.18
140 6.975 1.00637 288.329
141 7.025 1.004 294.551
142 7.075 1.0173 300.946
143 7.125 1.00601 307.36
144 7.175 1.03225 314.034
145 7.225 0.978164 320.446
146 7.275 0.999932 327.093
147 7.325 1.00265 333.849
148 7.375 1.00795 340.734
149 7.425 0.999839 347.656
150 7.475 0.999156 354.668
151 7.525 1.02231 361.938
152 7.575 1.01198 369.23
153 7.625 0.998921 376.524
154 7.675 0.992538 383.866
155 7.725 1.01309 391.459
156 7.775 0.999278 399.045
157 7.825 0.996465 406.708
158 7.875 1.00423 414.529
159 7.925 0.995723 422.383
160 7.975 0.982964 430.234
161 8.025 1.01681 438.458
162 8.075 1.00105 446.655
163 8.125 0.990729 454.869
164 8.175 1.01871 463.419
165 8.225 1.01372 472.031
166 8.275 0.990459 480.549
167 8.325 0.996262 489.22
168 8.375 1.01293 498.143
169 8.425 1.01005 507.146
170 8.475 1.01605 516.311
171 8.525 1.00759 525.508
172 8.575 1.00629 534.8
173 8.625 0.992653 544.074
174 8.675 0.993676 553.465
175 8.725 0.997487 563.001
176 8.775 0.986152 572.538
177 8.825 1.00261 582.344
178 8.875 0.98402 592.077
179 8.925 1.00102 602.091
180 8.975 1.01226 612.331
181 9.025 1.00535 622.615
182 9.075 1.00337 632.993
183 9.125 0.994195 643.389
184 9.175 1.00373 654
185 9.225 0.997553 664.661
186 9.275 0.990182 675.359
187 9.325 1.00249 686.306
188 9.375 0.999181 697.335
189 9.425 1.01348 708.641
190 9.475 0.999045 719.905
191 9.525 0.983647 731.112
192 9.575 0.995006 742.569
193 9.625 1.01241 754.347
194 9.675 1.00921 766.211
195 9.725 1.00033 778.092
196 9.775 1.00752 790.182
197 9.825 1.00905 802.415
198 9.875 0.976194 814.37
199 9.925 0.990027 826.617
200 9.975 0.996733 839.072
5494 200
1 0.025 0 0
2 0.075 0 0
3 0.125 0 0
4 0.175 0 0
5 0.225 0 0
6 0.275 0 0
7 0.325 0 0
8 0.375 0 0
9 0.425 0 0
10 0.475 0 0
11 0.525 0 0
12 0.575 0 0
13 0.625 0 0
14 0.675 0 0
15 0.725 0 0
16 0.775 0 0
17 0.825 0 0
18 0.875 0 0
19 0.925 0.0581504 0.00625
20 0.975 0.282638 0.04
21 1.025 1.15557 0.1925
22 1.075 2.06675 0.4925
23 1.125 2.20167 0.8425
24 1.175 2.07598 1.2025
25 1.225 1.95642 1.57125
26 1.275 1.68968 1.91625
27 1.325 1.51923 2.25125
28 1.375 1.17914 2.53125
29 1.425 1.13216 2.82
30 1.475 1.06129 3.11
31 1.525 1.10411 3.4325
32 1.575 0.862606 3.70125
33 1.625 0.949798 4.01625
34 1.675 0.84428 4.31375
35 1.725 0.993389 4.685
36 1.775 1.0014 5.08125
37 1.825 0.947279 5.4775
38 1.875 0.908758 5.87875
39 1.925 0.945428 6.31875
40 1.975 0.979818 6.79875
41 2.025 0.990284 7.30875
42 2.075 0.996304 7.8475
43 2.125 1.10867 8.47625
44 2.175 1.07932 9.1175
45 2.225 1.06353 9.77875
46 2.275 1.00768 10.4337
47 2.325 1.03661 11.1375
48 2.375 1.05166 11.8825
49 2.425 1.00366 12.6237
50 2.475 0.989518 13.385
51 2.525 0.981941 14.1713
52 2.575 1.07477 15.0663
53 2.625 1.027 15.955
54 2.675 0.983401 16.8388
55 2.725 0.947645 17.7225
56 2.775 0.991355 18.6812
57 2.825 1.00397 19.6875
58 2.875 0.982596 20.7075
59 2.925 1.0412 21.8262
60 2.975 1.02786 22.9687
61 3.025 0.945215 24.055
62 3.075 1.0242 25.2712
63 3.125 1.00596 26.505
64 3.175 1.01698 27.7925
65 3.225 1.03067 29.1387
66 3.275 1.04769 30.55
67 3.325 1.05063 32.0087
68 3.375 1.00401 33.445
69 3.425 0.925694 34.8088
70 3.475 1.01959 36.355
71 3.525 0.99247 37.9038
72 3.575 1.00306 39.5138
73 3.625 0.958163 41.095
74 3.675 1.02734 42.8375
75 3.725 0.983445 44.5512
76 3.775 0.953376 46.2575
77 3.825 0.996644 48.0887
78 3.875 1.02412 50.02
79 3.925 1.01564 51.985
80 3.975 1.0671 54.1025
81 4.025 1.03031 56.1987
82 4.075 1.01657 58.3187
83 4.125 1.03302 60.5262
84 4.175 1.00614 62.7287
85 4.225 1.02485 65.0262
86 4.275 1.01844 67.3637
87 4.325 0.98226 69.6713
88 4.375 0.972417 72.0088
89 4.425 0.975982 74.4088
90 4.475 0.976661 76.865
91 4.525 0.992626 79.4175
92 4.575 1.01099 82.075
93 4.625 1.00321 84.77
94 4.675 0.990521 87.4888
95 4.725 1.004 90.3038
96 4.775 0.990502 93.14
97 4.825 1.01369 96.1038
98 4.875 0.977925 99.0225
99 4.925 1.02629 102.149
100 4.975 1.01541 105.305
101 5.025 0.997279 108.468
102 5.075 0.982749 111.646
103 5.125 1.00952 114.976
104 5.175 0.967063 118.229
105 5.225 1.02156 121.731
106 5.275 0.99549 125.21
107 5.325 1.01128 128.811
108 5.375 1.00324 132.451
109 5.425 1.00512 136.166
110 5.475 0.996475 139.917
111 5.525 1.03982 143.904
112 5.575 1.00556 147.829
113 5.625 1.00632 151.828
114 5.675 0.985579 155.814
115 5.725 0.99486 159.909
116 5.775 1.00725 164.128
117 5.825 1.00148 168.395
118 5.875 1.00613 172.756
119 5.925 0.996026 177.148
120 5.975 1.01288 181.689
121 6.025 0.993124 186.216
122 6.075 1.01136 190.904
123 6.125 0.984308 195.541
124 6.175 1.01281 200.391
125 6.225 0.986072 205.19
126 6.275 0.991907 210.095
127 6.325 0.995444 215.096
128 6.375 1.01001 220.251
129 6.425 1.01075 225.491
130 6.475 0.994727 230.729
131 6.525 1.0305 236.239
132 6.575 0.991637 241.623
133 6.625 1.00371 247.155
134 6.675 0.973765 252.604
135 6.725 1.03285 258.47
136 6.775 1.01289 264.309
137 6.825 0.999596 270.156
138 6.875 0.986373 276.011
139 6.925 1.02511 282.185
140 6.975 0.995733 288.269
141 7.025 1.02053 294.594
142 7.075 1.0169 300.986
143 7.125 0.999932 307.361
144 7.175 1.03477 314.051
145 7.225 0.973206 320.431
146 7.275 1.00257 327.095
147 7.325 1.00321 333.855
148 7.375 1.01344 340.778
149 7.425 0.995506 347.67
150 7.475 1.00022 354.689
151 7.525 1.02301 361.964
152 7.575 1.00851 369.231
153 7.625 0.997894 376.517
154 7.675 0.997439 383.896
155 7.725 1.01176 391.479
156 7.775 0.98907 398.988
157 7.825 1.00248 406.696
158 7.875 0.999901 414.484
159 7.925 1.00159 422.384
160 7.975 0.982495 430.231
161 8.025 1.02037 438.484
162 8.075 0.997846 446.655
163 8.125 0.992539 454.884
164 8.175 1.01871 463.434
165 8.225 1.00901 472.006
166 8.275 0.993075 480.546
167 8.325 0.996693 489.221
168 8.375 1.00654 498.088
169 8.425 1.01777 507.16
170 8.475 1.00898 516.261
171 8.525 1.00964 525.476
172 8.575 1.00846 534.789
173 8.625 0.994928 544.084
174 8.675 0.997909 553.515
175 8.725 0.994872 563.026
176 8.775 0.982016 572.523
177 8.825 1.0021 582.324
178 8.875 0.98819 592.099
179 8.925 0.999516 602.097
180 8.975 1.00645 612.279
181 9.025 1.01892 622.701
182 9.075 0.993215 632.974
183 9.125 1.00101 643.441
184 9.175 0.993912 653.949
185 9.225 0.998723 664.623
186 9.275 0.995042 675.373
187 9.325 0.998708 686.279
188 9.375 0.998842 697.304
189 9.425 1.0174 708.654
190 9.475 0.998158 719.908
191 9.525 0.989572 731.183
192 9.575 0.987406 742.551
193 9.625 1.01865 754.403
194 9.675 1.00304 766.194
195 9.725 1.00286 778.105
196 9.775 1.00835 790.205
197 9.825 1.011 802.461
198 9.875 0.972315 814.369
199 9.925 0.984672 826.55
200 9.975 1.00033 839.05
5495 200
1 0.025 0 0
2 0.075 0 0
3 0.125 0 0
4 0.175 0 0
5 0.225 0 0
6 0.275 0 0
7 0.325 0 0
8 0.375 0 0
9 0.425 0 0
10 0.475 0 0
11 0.525 0 0
12 0.575 0 0
13 0.625 0 0
14 0.675 0 0
15 0.725 0 0
16 0.775 0 0
17 0.825 0 0
18 0.875 0 0
19 0.925 0.0581504 0.00625
20 0.975 0.293106 0.04125
21 1.025 1.17452 0.19625
22 1.075 1.97202 0.4825
23 1.125 2.25672 0.84125
24 1.175 2.05435 1.1975
25 1.225 2.04263 1.5825
26 1.275 1.68968 1.9275
27 1.325 1.46821 2.25125
28 1.375 1.15809 2.52625
29 1.425 1.18118 2.8275
30 1.475 1.02927 3.10875
31 1.525 1.09983 3.43
32 1.575 0.874642 3.7025
33 1.625 0.938491 4.01375
34 1.675 0.890397 4.3275
35 1.725 0.943218 4.68
36 1.775 1.02351 5.085
37 1.825 0.947279 5.48125
38 1.875 0.900265 5.87875
39 1.925 0.980344 6.335
40 1.975 0.979818 6.815
41 2.025 0.963585 7.31125
42 2.075 0.99168 7.8475
43 2.125 1.10206 8.4725
44 2.175 1.08353 9.11625
45 2.225 1.04744 9.7675
46 2.275 1.0173 10.4288
47 2.325 1.04398 11.1375
48 2.375 1.05166 11.8825
49 2.425 0.996892 12.6188
50 2.475 0.991143 13.3813
51 2.525 0.999113 14.1813
52 2.575 1.04175 15.0488
53 2.625 1.03422 15.9438
54 2.675 0.990356 16.8338
55 2.725 0.948986 17.7188
56 2.775 0.995233 18.6813
57 2.825 1.00521 19.6888
58 2.875 0.99223 20.7188
59 2.925 1.02258 21.8175
60 2.975 1.02898 22.9613
61 3.025 0.956092 24.06
62 3.075 1.02631 25.2788
63 3.125 1.00188 26.5075
64 3.175 1.0229 27.8025
65 3.225 1.03832 29.1588
66 3.275 1.04955 30.5725
67 3.325 1.02362 31.9938
68 3.375 1.02847 33.465
69 3.425 0.919755 34.82
70 3.475 1.01382 36.3575
71 3.525 0.986863 37.8975
72 3.575 0.999169 39.5012
73 3.625 0.962707 41.09
74 3.675 1.03029 42.8375
75 3.725 0.960491 44.5112
76 3.775 0.974329 46.255
77 3.825 0.992563 48.0787
78 3.875 1.02213 50.0062
79 3.925 1.03114 52.0012
80 3.975 1.04946 54.0837
81 4.025 1.05181 56.2237
82 4.075 1.01058 58.3312
83 4.125 1.0301 60.5325
84 4.175 1.001 62.7237
85 4.225 1.02596 65.0237
86 4.275 1.02498 67.3762
87 4.325 0.983324 69.6863
88 4.375 0.960977 71.9963
89 4.425 0.97954 74.405
90 4.475 0.984116 76.88
91 4.525 0.981932 79.405
92 4.575 1.01575 82.075
93 4.625 0.996232 84.7512
94 4.675 1.00327 87.505
95 4.725 0.987501 90.2737
96 4.775 1.00622 93.155
97 4.825 1.00257 96.0862
98 4.875 0.999703 99.07
99 4.925 1.01398 102.159
100 4.975 1.0122 105.305
101 5.025 0.998855 108.472
102 5.075 0.982749 111.651
103 5.125 1.01179 114.989
104 5.175 0.963347 118.229
105 5.225 1.02922 121.757
106 5.275 0.990839 125.22
107 5.325 1.0004 128.782
108 5.375 1.00117 132.415
109 5.425 1.01256 136.157
110 5.475 0.996143 139.907
111 5.525 1.04015 143.895
112 5.575 1.00876 147.833
113 5.625 1.00664 151.833
114 5.675 1.00041 155.879
115 5.725 0.987875 159.945
116 5.775 0.991137 164.096
117 5.825 1.00294 168.37
118 5.875 1.01882 172.786
119 5.925 0.9827 177.119
120 5.975 1.02097 181.696
121 6.025 0.99285 186.223
122 6.075 1.00112 190.863
123 6.125 1.00261 195.586
124 6.175 0.996363 200.358
125 6.225 0.993521 205.193
126 6.275 0.988874 210.083
127 6.325 1.00216 215.118
128 6.375 1.00365 220.24
129 6.425 1.01148 225.484
130 6.475 0.997101 230.734
131 6.525 1.01975 236.186
132 6.575 1.00384 241.636
133 6.625 1.00122 247.155
134 6.675 0.971977 252.594
135 6.725 1.03373 258.465
136 6.775 1.01202 264.299
137 6.825 0.997246 270.133
138 6.875 0.982372 275.964
139 6.925 1.0276 282.153
140 6.975 0.993482 288.223
141 7.025 1.02659 294.585
142 7.075 1.02445 301.025
143 7.125 0.992285 307.351
144 7.175 1.02839 314
145 7.225 0.979308 320.42
146 7.275 0.996735 327.045
147 7.325 1.01119 333.859
148 7.375 1.00466 340.721
149 7.425 1.00688 347.693
150 7.475 0.98918 354.634
151 7.525 1.02407 361.916
152 7.575 1.01441 369.226
153 7.625 0.998237 376.515
154 7.675 0.998452 383.901
155 7.725 1.01643 391.519
156 7.775 0.985777 399.003
157 7.825 0.999716 406.69
158 7.875 0.996691 414.453
159 7.925 0.998893 422.331
160 7.975 0.985312 430.201
161 8.025 1.02268 438.473
162 8.075 0.993572 446.609
163 8.125 1.00611 454.95
164 8.175 1.01394 463.46
165 8.225 0.998271 471.941
166 8.275 1.00063 480.546
167 8.325 0.996836 489.223
168 8.375 1.00597 498.084
169 8.425 1.01762 507.155
170 8.475 1.01494 516.31
171 8.525 1.00581 525.49
172 8.575 1.00792 534.798
173 8.625 0.985696 544.006
174 8.675 1.00002 553.458
175 8.725 1.00102 563.028
176 8.775 0.976457 572.47
177 8.825 1.00249 582.275
178 8.875 0.997036 592.138
179 8.925 0.991519 602.056
180 8.975 1.01003 612.274
181 9.025 1.01488 622.655
182 9.075 1.00192 633.018
183 9.125 0.997901 643.452
184 9.175 0.994385 653.965
185 9.225 1.00282 664.683
186 9.275 0.992265 675.403
187 9.325 0.991954 686.235
188 9.375 1.0019 697.294
189 9.425 1.01416 708.608
190 9.475 1.00071 719.89
191 9.525 0.990998 731.181
192 9.575 0.992183 742.605
193 9.625 1.01392 754.401
194 9.675 1.00527 766.219
195 9.725 1.00517 778.158
196 9.775 1.00283 790.191
197 9.825 1.00667 802.395
198 9.875 0.976092 814.349
199 9.925 0.989825 826.594
200 9.975 0.997333 839.056
5496 200
1 0.025 0 0
2 0.075 0 0
3 0.125 0 0
4 0.175 0 0
5 0.225 0 0
6 0.275 0 0
7 0.325 0 0
8 0.375 0 0
9 0.425 0 0
10 0.475 0 0
11 0.525 0 0
12 0.575 0 0
13 0.625 0 0
14 0.675 0 0
15 0.725 0 0
16 0.775 0 0
17 0.825 0 0
18 0.875 0 0
19 0.925 0.0465203 0.005
20 0.975 0.314043 0.0425
21 1.025 1.19346 0.2
22 1.075 1.91174 0.4775
23 1.125 2.29603 0.8425
24 1.175 2.11923 1.21
25 1.225 1.97631 1.5825
26 1.275 1.70805 1.93125
27 1.325 1.42853 2.24625
28 1.375 1.18967 2.52875
29 1.425 1.16647 2.82625
30 1.475 1.01554 3.10375
31 1.525 1.12551 3.4325
32 1.575 0.874642 3.705
33 1.625 0.912108 4.0075
34 1.675 0.911681 4.32875
35 1.725 0.939873 4.68
36 1.775 1.03614 5.09
37 1.825 0.956244 5.49
38 1.875 0.88611 5.88125
39 1.925 0.966915 6.33125
40 1.975 0.98237 6.8125
41 2.025 0.956304 7.305
42 2.075 1.01248 7.8525
43 2.125 1.06018 8.45375
44 2.175 1.13823 9.13
45 2.225 0.995173 9.74875
46 2.275 1.04422 10.4275
47 2.325 1.04582 11.1375
48 2.375 1.02872 11.8663
49 2.425 1.00705 12.61
50 2.475 1.00739 13.385
51 2.525 1.00536 14.19
52 2.575 1.02674 15.045
53 2.625 1.03278 15.9388
54 2.675 0.98062 16.82
55 2.725 0.967751 17.7225
56 2.775 0.981015 18.6713
57 2.825 1.01145 19.685
58 2.875 0.989821 20.7125
59 2.925 1.00281 21.79
60 2.975 1.0481 22.955
61 3.025 0.96697 24.0663
62 3.075 1.03052 25.29
63 3.125 0.98965 26.5038
64 3.175 1.0387 27.8188
65 3.225 1.04789 29.1875
66 3.275 1.02821 30.5725
67 3.325 1.01462 31.9813
68 3.375 1.03808 33.4663
69 3.425 0.907028 34.8025
70 3.475 1.02206 36.3525
71 3.525 0.988465 37.895
72 3.575 1.00306 39.505
73 3.625 0.981643 41.125
74 3.675 1.01039 42.8387
75 3.725 0.946144 44.4875
76 3.775 0.972932 46.2287
77 3.825 1.00549 48.0763
78 3.875 1.03207 50.0225
79 3.925 1.03437 52.0237
80 3.975 1.02993 54.0675
81 4.025 1.06963 56.2438
82 4.075 1.00398 58.3375
83 4.125 1.02015 60.5175
84 4.175 1.01185 62.7325
85 4.225 1.0254 65.0312
86 4.275 1.02116 67.375
87 4.325 0.989709 69.7
88 4.375 0.970857 72.0337
89 4.425 0.971407 74.4225
90 4.475 0.973678 76.8713
91 4.525 0.973668 79.375
92 4.575 1.01527 82.0438
93 4.625 1.01857 84.78
94 4.675 0.986877 87.4887
95 4.725 0.990622 90.2662
96 4.775 1.00796 93.1525
97 4.825 1.00557 96.0925
98 4.875 1.01143 99.1112
99 4.925 0.982791 102.105
100 4.975 1.03673 105.328
101 5.025 0.992943 108.476
102 5.075 0.979271 111.644
103 5.125 1.01217 114.983
104 5.175 0.974868 118.261
105 5.225 1.01245 121.733
106 5.275 0.991912 125.199
107 5.325 0.988466 128.719
108 5.375 1.03596 132.477
109 5.425 0.999032 136.17
110 5.475 0.983857 139.874
111 5.525 1.04928 143.896
112 5.575 1.01165 147.845
113 5.625 1.00507 151.839
114 5.675 0.999796 155.882
115 5.725 0.986964 159.945
116 5.775 0.991436 164.097
117 5.825 1.00236 168.369
118 5.875 1.02084 172.794
119 5.925 0.974478 177.09
120 5.975 1.04048 181.755
121 6.025 0.987092 186.255
122 6.075 0.995183 190.868
123 6.125 1.01721 195.66
124 6.175 0.986705 200.385
125 6.225 0.988641 205.196
126 6.275 0.994435 210.114
127 6.325 1.00316 215.154
128 6.375 1.01173 220.317
129 6.425 0.996526 225.484
130 6.475 1.00209 230.76
131 6.525 1.01414 236.182
132 6.575 1.0043 241.635
133 6.625 0.994414 247.116
134 6.675 0.974658 252.57
135 6.725 1.0236 258.384
136 6.775 1.01896 264.257
137 6.825 0.998742 270.1
138 6.875 0.987637 275.962
139 6.925 1.0276 282.151
140 6.975 0.986731 288.18
141 7.025 1.03445 294.591
142 7.075 1.01948 301
143 7.125 0.995226 307.345
144 7.175 1.01833 313.929
145 7.225 0.990558 320.423
146 7.275 0.997299 327.051
147 7.325 1.00618 333.831
148 7.375 0.99807 340.649
149 7.425 1.01825 347.699
150 7.475 0.997018 354.695
151 7.525 1.01633 361.923
152 7.575 1.01371 369.228
153 7.625 0.994128 376.486
154 7.675 1.00437 383.916
155 7.725 1.00709 391.464
156 7.775 0.98413 398.935
157 7.825 1.00264 406.645
158 7.875 1.00391 414.464
159 7.925 0.996833 422.326
160 7.975 0.988755 430.224
161 8.025 1.01511 438.434
162 8.075 1.00533 446.666
163 8.125 1.00083 454.964
164 8.175 1.00814 463.425
165 8.225 0.999889 471.92
166 8.275 1.00456 480.559
167 8.325 0.995257 489.221
168 8.375 1.00611 498.084
169 8.425 1.02267 507.2
170 8.475 1.01078 516.318
171 8.525 1.00526 525.493
172 8.575 1.00656 534.788
173 8.625 0.981013 543.952
174 8.675 1.00267 553.429
175 8.725 0.999448 562.984
176 8.775 0.984472 572.504
177 8.825 0.998908 582.274
178 8.875 0.993371 592.1
179 8.925 0.993393 602.037
180 8.975 1.00905 612.245
181 9.025 1.01672 622.645
182 9.075 0.995995 632.946
183 9.125 0.998857 643.391
184 9.175 1.00254 653.99
185 9.225 1.00001 664.677
186 9.275 0.990645 675.38
187 9.325 0.995045 686.246
188 9.375 1.00575 697.347
189 9.425 1.00497 708.559
190 9.475 1.00315 719.869
191 9.525 0.991985 731.171
192 9.575 0.992183 742.595
193 9.625 1.0165 754.421
194 9.675 1.00038 766.181
195 9.725 1.01117 778.191
196 9.775 0.999603 790.186
197 9.825 1.00698 802.394
198 9.875 0.978644 814.379
199 9.925 0.979013 826.49
200 9.975 1.00494 839.047
5497 200
1 0.025 0 0
2 0.075 0 0
3 0.125 0 0
4 0.175 0 0
5 0.225 0 0
6 0.275 0 0
7 0.325 0 0
8 0.375 0 0
9 0.425 0 0
10 0.475 0 0
11 0.525 0 0
12 0.575 0 0
13 0.625 0 0
14 0.675 0 0
15 0.725 0 0
16 0.775 0 0
17 0.825 0 0
18 0.875 0 0
19 0.925 0.0581504 0.00625
20 0.975 0.314043 0.04375
21 1.025 1.20293 0.2025
22 1.075 1.92897 0.4825
23 1.125 2.31176 0.85
24 1.175 2.14806 1.2225
25 1.225 1.90336 1.58125
26 1.275 1.73254 1.935
27 1.325 1.39452 2.2425
28 1.375 1.19493 2.52625
29 1.425 1.19098 2.83
30 1.475 1.01554 3.1075
31 1.525 1.06988 3.42
32 1.575 0.938836 3.7125
33 1.625 0.912108 4.015
34 1.675 0.908134 4.335
35 1.725 0.91646 4.6775
36 1.775 1.04562 5.09125
37 1.825 0.953256 5.49
38 1.875 0.874786 5.87625
39 1.925 0.985716 6.335
40 1.975 0.995128 6.8225
41 2.025 0.939313 7.30625
42 2.075 1.01017 7.8525
43 2.125 1.05577 8.45125
44 2.175 1.13403 9.125
45 2.225 1.0012 9.7475
46 2.275 1.06537 10.44
47 2.325 1.01452 11.1288
48 2.375 1.03225 11.86
49 2.425 0.971504 12.5775
50 2.475 1.05614 13.39
51 2.525 0.989746 14.1825
52 2.575 1.05376 15.06
53 2.625 1.01255 15.9363
54 2.675 0.986183 16.8225
55 2.725 0.983836 17.74
56 2.775 0.974553 18.6825
57 2.825 1.00646 19.6913
58 2.875 0.993434 20.7225
59 2.925 1.00513 21.8025
60 2.975 1.03236 22.95
61 3.025 0.97132 24.0663
62 3.075 1.02525 25.2838
63 3.125 0.985573 26.4925
64 3.175 1.04956 27.8213
65 3.225 1.04024 29.18
66 3.275 1.03192 30.57
67 3.325 1.01822 31.9838
68 3.375 1.03721 33.4675
69 3.425 0.921452 34.825
70 3.475 1.01876 36.37
71 3.525 0.987664 37.9113
72 3.575 0.980479 39.485
73 3.625 0.986188 41.1125
74 3.675 1.02292 42.8475
75 3.725 0.946862 44.4975
76 3.775 0.944994 46.1887
77 3.825 1.02386 48.07
78 3.875 1.02412 50.0012
79 3.925 1.05699 52.0462
80 3.975 1.02112 54.0725
81 4.025 1.06287 56.235
82 4.075 1.00158 58.3237
83 4.125 1.03946 60.545
84 4.175 0.996435 62.7262
85 4.225 1.02262 65.0187
86 4.275 1.01899 67.3575
87 4.325 0.993966 69.6925
88 4.375 0.962017 72.005
89 4.425 0.969882 74.39
90 4.475 0.983122 76.8625
91 4.525 0.975613 79.3712
92 4.575 1.01432 82.0375
93 4.625 1.02369 84.7875
94 4.675 0.976403 87.4675
95 4.725 0.998647 90.2675
96 4.775 0.995741 93.1187
97 4.825 1.01967 96.1
98 4.875 0.995096 99.07
99 4.925 0.995511 102.102
100 4.975 1.03311 105.314
101 5.025 0.998855 108.481
102 5.075 0.995502 111.701
103 5.125 0.977688 114.926
104 5.175 0.99531 118.274
105 5.225 1.01099 121.74
106 5.275 0.994416 125.215
107 5.325 0.989168 128.737
108 5.375 1.02632 132.461
109 5.425 1.00411 136.172
110 5.475 0.99249 139.909
111 5.525 1.03852 143.89
112 5.575 1.02542 147.892
113 5.625 0.992169 151.835
114 5.675 0.996396 155.865
115 5.725 0.993645 159.955
116 5.775 0.986661 164.087
117 5.825 1.01116 168.396
118 5.875 1.00757 172.764
119 5.925 0.979298 177.081
120 5.975 1.0324 181.71
121 6.025 1.0008 186.272
122 6.075 0.986823 190.846
123 6.125 1.01376 195.622
124 6.175 0.986183 200.345
125 6.225 1.00174 205.22
126 6.275 0.982807 210.08
127 6.325 1.00664 215.137
128 6.375 1.00879 220.286
129 6.425 0.995803 225.449
130 6.475 1.01633 230.8
131 6.525 1.00269 236.161
132 6.575 1.00614 241.624
133 6.625 1.00281 247.151
134 6.675 0.973318 252.597
135 6.725 1.0192 258.386
136 6.775 1.01831 264.256
137 6.825 1.00216 270.119
138 6.875 0.990795 276
139 6.925 1.01992 282.143
140 6.975 1.00023 288.254
141 7.025 1.01771 294.561
142 7.075 1.01849 300.964
143 7.125 1.00817 307.391
144 7.175 1.01466 313.951
145 7.225 0.985028 320.409
146 7.275 1.00087 327.061
147 7.325 0.998015 333.786
148 7.375 1.00685 340.664
149 7.425 1.01555 347.695
150 7.475 1.00076 354.717
151 7.525 1.01035 361.902
152 7.575 1.02048 369.256
153 7.625 0.991218 376.494
154 7.675 1.00352 383.917
155 7.725 1.00709 391.465
156 7.775 0.97952 398.901
157 7.825 1.00687 406.644
158 7.875 1.00247 414.451
159 7.925 0.990811 422.266
160 7.975 0.994701 430.211
161 8.025 1.01233 438.399
162 8.075 1.01357 446.699
163 8.125 0.996006 454.956
164 8.175 1.00918 463.426
165 8.225 1.00018 471.924
166 8.275 1.00485 480.565
167 8.325 0.992959 489.207
168 8.375 1.01065 498.11
169 8.425 1.01664 507.172
170 8.475 1.01632 516.34
171 8.525 1.00622 525.524
172 8.575 1.00318 534.787
173 8.625 0.982351 543.965
174 8.675 1.00201 553.435
175 8.725 0.992911 562.927
176 8.775 0.993908 572.539
177 8.825 0.994435 582.265
178 8.875 0.9983 592.14
179 8.925 0.987395 602.018
180 8.975 1.01214 612.256
181 9.025 1.0161 622.65
182 9.075 0.999621 632.989
183 9.125 0.997662 643.421
184 9.175 0.995094 653.941
185 9.225 0.996383 664.59
186 9.275 1.00164 675.411
187 9.325 0.986345 686.182
188 9.375 1.01266 697.36
189 9.425 1.00183 708.536
190 9.475 1.00459 719.862
191 9.525 0.992753 731.174
192 9.575 0.99468 742.626
193 9.625 1.00994 754.376
194 9.675 1.00357 766.174
195 9.725 1.01001 778.17
196 9.775 1.00752 790.26
197 9.825 0.998528 802.365
198 9.875 0.979562 814.361
199 9.925 0.977195 826.45
200 9.975 1.00754 839.04
5498 200
1 0.025 0 0
2 0.075 0 0
3 0.125 0 0
4 0.175 0 0
5 0.225 0 0
6 0.275 0 0
7 0.325 0 0
8 0.375 0 0
9 0.425 0 0
10 0.475 0 0
11 0.525 0 0
12 0.575 0 0
13 0.625 0 0
14 0.675 0 0
15 0.725 0 0
16 0.775 0 0
17 0.825 0 0
18 0.875 0 0
19 0.925 0.0465203 0.005
20 0.975 0.27217 0.0375
21 1.025 1.18399 0.19375
22 1.075 2.04091 0.49
23 1.125 2.28031 0.8525
24 1.175 2.14806 1.225
25 1.225 1.82378 1.56875
26 1.275 1.82437 1.94125
27 1.325 1.37184 2.24375
28 1.375 1.18441 2.525
29 1.425 1.18608 2.8275
30 1.475 1.04299 3.1125
31 1.525 1.03564 3.415
32 1.575 0.934824 3.70625
33 1.625 0.961105 4.025
34 1.675 0.883302 4.33625
35 1.725 0.926494 4.6825
36 1.775 1.04246 5.095
37 1.825 0.953256 5.49375
38 1.875 0.888941 5.88625
39 1.925 0.985716 6.345
40 1.975 0.974715 6.8225
41 2.025 0.944168 7.30875
42 2.075 1.01711 7.85875
43 2.125 1.06238 8.46125
44 2.175 1.13403 9.135
45 2.225 0.985121 9.7475
46 2.275 1.05576 10.4337
47 2.325 1.02373 11.1288
48 2.375 1.01284 11.8462
49 2.425 1.00366 12.5875
50 2.475 1.04151 13.3887
51 2.525 0.991308 14.1825
52 2.575 1.07777 15.08
53 2.625 0.976442 15.925
54 2.675 0.997311 16.8212
55 2.725 0.978474 17.7338
56 2.775 0.9836 18.685
57 2.825 1.00397 19.6913
58 2.875 0.989821 20.7188
59 2.925 1.00048 21.7938
60 2.975 1.03123 22.94
61 3.025 0.983285 24.07
62 3.075 1.02841 25.2913
63 3.125 0.994746 26.5113
64 3.175 1.02883 27.8137
65 3.225 1.05268 29.1887
66 3.275 1.01521 30.5562
67 3.325 1.03443 31.9925
68 3.375 1.0075 33.4337
69 3.425 0.944361 34.825
70 3.475 1.02124 36.3737
71 3.525 0.983659 37.9087
72 3.575 0.989045 39.4962
73 3.625 0.980886 41.115
74 3.675 1.01333 42.8337
75 3.725 0.955469 44.4987
76 3.775 0.944296 46.1887
77 3.825 1.0293 48.08
78 3.875 1.01815 50
79 3.925 1.06022 52.0512
80 3.975 1.0419 54.1187
81 4.025 1.04874 56.2525
82 4.075 1.00098 58.34
83 4.125 1.02425 60.5287
84 4.175 1.00843 62.7362
85 4.225 1.01146 65.0037
86 4.275 1.0228 67.3512
87 4.325 1.00088 69.7025
88 4.375 0.980737 72.06
89 4.425 0.937349 74.365
90 4.475 0.993559 76.8637
91 4.525 0.978529 79.38
92 4.575 1.02003 82.0612
93 4.625 1.01345 84.7837
94 4.675 0.975948 87.4625
95 4.725 1.0089 90.2912
96 4.775 0.996614 93.145
97 4.825 1.00343 96.0787
98 4.875 0.998028 99.0575
99 4.925 1.00741 102.126
100 4.975 1.02064 105.299
101 5.025 1.00674 108.491
102 5.075 0.983908 111.674
103 5.125 1.00005 114.972
104 5.175 0.99308 118.312
105 5.225 1.00224 121.749
106 5.275 0.984043 125.187
107 5.325 0.993732 128.726
108 5.375 1.0246 132.444
109 5.425 1.01425 136.192
110 5.475 0.984853 139.9
111 5.525 1.03819 143.88
112 5.575 1.03246 147.91
113 5.625 0.985562 151.826
114 5.675 1.00721 155.9
115 5.725 0.995163 159.996
116 5.775 0.980692 164.104
117 5.825 1.0182 168.442
118 5.875 0.987098 172.721
119 5.925 0.991773 177.094
120 5.975 1.03519 181.735
121 6.025 0.991753 186.256
122 6.075 0.983586 190.815
123 6.125 1.02994 195.667
124 6.175 0.969737 200.311
125 6.225 1.01201 205.236
126 6.275 0.979268 210.079
127 6.325 1.00341 215.12
128 6.375 1.01908 220.321
129 6.425 0.989293 225.45
130 6.475 1.0225 230.834
131 6.525 0.991464 236.135
132 6.575 0.999926 241.564
133 6.625 1.00349 247.095
134 6.675 0.987615 252.621
135 6.725 1.01128 258.365
136 6.775 1.01657 264.225
137 6.825 1.00921 270.129
138 6.875 0.991638 276.015
139 6.925 1.01245 282.113
140 6.975 1.01578 288.319
141 7.025 1.00218 294.53
142 7.075 1.02684 300.985
143 7.125 0.999736 307.359
144 7.175 1.00924 313.884
145 7.225 1.00581 320.478
146 7.275 0.991658 327.069
147 7.325 0.9982 333.795
148 7.375 0.995142 340.593
149 7.425 1.02475 347.688
150 7.475 1.00468 354.738
151 7.525 1.00684 361.898
152 7.575 1.02169 369.26
153 7.625 0.992587 376.508
154 7.675 1.00825 383.966
155 7.725 1.00091 391.468
156 7.775 0.987753 398.966
157 7.825 0.997765 406.639
158 7.875 0.998296 414.414
159 7.925 1.00016 422.303
160 7.975 0.993293 430.236
161 8.025 1.01403 438.438
162 8.075 1.01204 446.725
163 8.125 0.9948 454.973
164 8.175 1.00203 463.383
165 8.225 1.0068 471.936
166 8.275 0.999326 480.53
167 8.325 0.99856 489.221
168 8.375 1.01136 498.13
169 8.425 1.01622 507.189
170 8.475 1.00607 516.264
171 8.525 1.0106 525.488
172 8.575 1.00277 534.748
173 8.625 0.98302 543.931
174 8.675 1.00505 553.43
175 8.725 0.990688 562.901
176 8.775 0.993779 572.511
177 8.825 0.991751 582.211
178 8.875 1.00512 592.154
179 8.925 0.980273 601.96
180 8.975 1.02264 612.305
181 9.025 1.01207 622.658
182 9.075 1.00663 633.069
183 9.125 0.994673 643.47
184 9.175 0.995094 653.99
185 9.225 0.988196 664.551
186 9.275 1.00557 675.415
187 9.325 0.990581 686.233
188 9.375 1.00926 697.373
189 9.425 0.992642 708.446
190 9.475 1.00459 719.773
191 9.525 1.00252 731.195
192 9.575 0.986755 742.556
193 9.625 1.01553 754.371
194 9.675 1.00655 766.204
195 9.725 1.00633 778.156
196 9.775 1.01429 790.328
197 9.825 0.989351 802.321
198 9.875 0.98487 814.383
199 9.925 0.977599 826.476
200 9.975 1.00744 839.065
5499 200
1 0.025 0 0
2 0.075 0 0
3 0.125 0 0
4 0.175 0 0
5 0.225 0 0
6 0.275 0 0
7 0.325 0 0
8 0.375 0 0
9 0.425 0 0
10 0.475 0 0
11 0.525 0 0
12 0.575 0 0
13 0.625 0 0
14 0.675 0 0
15 0.725 0 0
16 0.775 0 0
17 0.825 0 0
18 0.875 0 0
19 0.925 0.0581504 0.00625
20 0.975 0.261702 0.0375
21 1.025 1.23135 0.2
22 1.075 2.04091 0.49625
23 1.125 2.18595 0.84375
24 1.175 2.14806 1.21625
25 1.225 1.87683 1.57
26 1.275 1.84273 1.94625
27 1.325 1.34917 2.24375
28 1.375 1.17388 2.5225
29 1.425 1.15667 2.8175
30 1.475 1.12991 3.12625
31 1.525 0.975726 3.41125
32 1.575 0.946861 3.70625
33 1.625 0.953567 4.0225
34 1.675 0.85847 4.325
35 1.725 0.969976 4.6875
36 1.775 1.02983 5.095
37 1.825 0.959232 5.49625
38 1.875 0.880448 5.885
39 1.925 0.999145 6.35
40 1.975 0.959405 6.82
41 2.025 0.953876 7.31125
42 2.075 1.0148 7.86
43 2.125 1.05577 8.45875
44 2.175 1.13192 9.13125
45 2.225 0.979089 9.74
46 2.275 1.06153 10.43
47 2.325 1.01268 11.1175
48 2.375 1.0199 11.84
49 2.425 0.995199 12.575
50 2.475 1.06101 13.3912
51 2.525 0.991308 14.185
52 2.575 1.06577 15.0725
53 2.625 0.996665 15.935
54 2.675 0.986183 16.8212
55 2.725 0.985176 17.74
56 2.775 0.96809 18.6762
57 2.825 1.01893 19.6975
58 2.875 0.983801 20.7187
59 2.925 1.0063 21.8
60 2.975 1.00874 22.9212
61 3.025 1.02897 24.1037
62 3.075 0.988411 25.2775
63 3.125 0.990669 26.4925
64 3.175 1.04463 27.815
65 3.225 1.04885 29.185
66 3.275 1.01336 30.55
67 3.325 1.04073 31.995
68 3.375 1.01362 33.445
69 3.425 0.949452 34.8438
70 3.475 0.990738 36.3463
71 3.525 0.990067 37.8913
72 3.575 0.978143 39.4613
73 3.625 1.01194 41.1313
74 3.675 1.00228 42.8313
75 3.725 0.943992 44.4763
76 3.775 0.964551 46.2025
77 3.825 1.02794 48.0913
78 3.875 1.02279 50.02
79 3.925 1.04148 52.035
80 3.975 1.06899 54.1563
81 4.025 1.03522 56.2625
82 4.075 0.981205 58.3088
83 4.125 1.03712 60.525
84 4.175 0.997577 62.7088
85 4.225 1.03098 65.02
86 4.275 1.01572 67.3513
87 4.325 1.01099 69.7263
88 4.375 0.982817 72.0888
89 4.425 0.928199 74.3713
90 4.475 0.979146 76.8338
91 4.525 1.00186 79.41
92 4.575 1.00434 82.05
93 4.625 1.01205 84.7688
94 4.675 0.985967 87.475
95 4.725 1.00667 90.2975
96 4.775 0.993994 93.1438
97 4.825 1.01967 96.125
98 4.875 0.981275 99.0538
99 4.925 1.01521 102.146
100 4.975 1.02024 105.318
101 5.025 1.00792 108.514
102 5.075 0.987386 111.708
103 5.125 0.99474 114.989
104 5.175 0.978585 118.28
105 5.225 1.02338 121.789
106 5.275 0.979751 125.213
107 5.325 0.993732 128.751
108 5.375 1.01357 132.429
109 5.425 1.01662 136.186
110 5.475 0.988506 139.908
111 5.525 1.032 143.864
112 5.575 1.03823 147.916
113 5.625 0.994685 151.869
114 5.675 0.98527 155.854
115 5.725 0.9982 159.963
116 5.775 0.987258 164.098
117 5.825 1.02054 168.446
118 5.875 0.982484 172.705
119 5.925 1.0051 177.136
120 5.975 1.01762 181.699
121 6.025 0.998334 186.25
122 6.075 0.986553 190.823
123 6.125 1.02623 195.658
124 6.175 0.981484 200.358
125 6.225 1.00225 205.235
126 6.275 0.98761 210.119
127 6.325 1.00266 215.156
128 6.375 1.02128 220.369
129 6.425 0.979889 225.449
130 6.475 1.02132 230.826
131 6.525 0.993334 236.138
132 6.575 0.998545 241.559
133 6.625 0.999404 247.068
134 6.675 0.996997 252.646
135 6.725 0.998513 258.318
136 6.775 1.02048 264.2
137 6.825 1.0137 270.13
138 6.875 0.990585 276.01
139 6.925 1.00892 282.086
140 6.975 1.0123 288.271
141 7.025 1.00783 294.518
142 7.075 1.02903 300.986
143 7.125 1.01307 307.445
144 7.175 0.985657 313.818
145 7.225 1.00448 320.403
146 7.275 0.99918 327.044
147 7.325 1.00525 333.818
148 7.375 0.994044 340.608
149 7.425 1.02223 347.685
150 7.475 1.0004 354.705
151 7.525 1.02108 361.966
152 7.575 1.01579 369.286
153 7.625 0.991218 376.524
154 7.675 1.00166 383.934
155 7.725 0.998412 391.416
156 7.775 0.995327 398.973
157 7.825 0.990775 406.591
158 7.875 1.00391 414.41
159 7.925 1.00238 422.316
160 7.975 0.989537 430.22
161 8.025 1.01264 438.41
162 8.075 1.01403 446.714
163 8.125 0.993292 454.949
164 8.175 1.00263 463.364
165 8.225 1.01034 471.948
166 8.275 0.998599 480.535
167 8.325 0.989512 489.148
168 8.375 1.01959 498.129
169 8.425 1.02562 507.271
170 8.475 0.990964 516.21
171 8.525 1.01567 525.48
172 8.575 0.99939 534.709
173 8.625 0.991048 543.967
174 8.675 0.998041 553.4
175 8.725 0.993172 562.895
176 8.775 0.997656 572.543
177 8.825 0.993413 582.259
178 8.875 1.00121 592.162
179 8.925 0.977649 601.942
180 8.975 1.02523 612.314
181 9.025 1.00951 622.64
182 9.075 1.01038 633.09
183 9.125 0.993239 643.476
184 9.175 0.990956 653.952
185 9.225 0.994512 664.581
186 9.275 1.00141 675.4
187 9.325 0.99184 686.231
188 9.375 1.00915 697.37
189 9.425 0.994099 708.46
190 9.475 1.00514 719.792
191 9.525 0.999226 731.177
192 9.575 0.988709 742.561
193 9.625 1.01693 754.392
194 9.675 1.00485 766.205
195 9.725 1.01159 778.22
196 9.775 1.00929 790.331
197 9.825 0.988836 802.319
198 9.875 0.988748 814.427
199 9.925 0.972041 826.452
200 9.975 1.00343 838.991
5500 200
1 0.025 0 0
2 0.075 0 0
3 0.125 0 0
4 0.175 0 0
5 0.225 0 0
6 0.275 0 0
7 0.325 0 0
8 0.375 0 0
9 0.425 0 0
10 0.475 0 0
11 0.525 0 0
12 0.575 0 0
13 0.625 0 0
14 0.675 0 0
15 0.725 0 0
16 0.775 0 0
17 0.825 0 0
18 0.875 0 0
19 0.925 0.0348902 0.00375
20 0.975 0.27217 0.03625
21 1.025 1.29765 0.2075
22 1.075 1.94619 0.49
23 1.125 2.13091 0.82875
24 1.175 2.20573 1.21125
25 1.225 1.94315 1.5775
26 1.275 1.79376 1.94375
27 1.325 1.3435 2.24
28 1.375 1.21073 2.5275
29 1.425 1.12236 2.81375
30 1.475 1.12991 3.1225
31 1.525 0.958608 3.4025
32 1.575 0.978958 3.7075
33 1.625 0.968643 4.02875
34 1.675 0.862017 4.3325
35 1.725 0.973321 4.69625
36 1.775 0.9856 5.08625
37 1.825 0.98015 5.49625
38 1.875 0.931407 5.9075
39 1.925 0.948114 6.34875
40 1.975 0.961957 6.82
41 2.025 1.00485 7.3375
42 2.075 0.966253 7.86
43 2.125 1.04255 8.45125
44 2.175 1.16348 9.1425
45 2.225 0.967027 9.74375
46 2.275 1.03268 10.415
47 2.325 1.02925 11.1138
48 2.375 1.01284 11.8313
49 2.425 0.993507 12.565
50 2.475 1.09676 13.4088
51 2.525 0.986624 14.1988
52 2.575 1.06577 15.0862
53 2.625 0.983665 15.9375
54 2.675 0.973665 16.8125
55 2.725 1.01064 17.755
56 2.775 0.966798 18.69
57 2.825 1.0127 19.705
58 2.875 0.966942 20.7087
59 2.925 1.00979 21.7937
60 2.975 1.00762 22.9138
61 3.025 1.03114 24.0987
62 3.075 0.993674 25.2787
63 3.125 0.991688 26.495
64 3.175 1.04265 27.815
65 3.225 1.05555 29.1937
66 3.275 1.00872 30.5525
67 3.325 1.04253 32
68 3.375 0.996141 33.425
69 3.425 0.991876 34.8862
70 3.475 0.980848 36.3737
71 3.525 0.971643 37.89
72 3.575 0.978143 39.46
73 3.625 1.02785 41.1562
74 3.675 0.986804 42.83
75 3.725 0.936819 44.4625
76 3.775 0.965249 46.19
77 3.825 1.03746 48.0962
78 3.875 1.03141 50.0412
79 3.925 1.02791 52.03
80 3.975 1.0797 54.1725
81 4.025 1.01864 56.245
82 4.075 0.980006 58.2887
83 4.125 1.04238 60.5162
84 4.175 1.00272 62.7112
85 4.225 1.02039 64.9987
86 4.275 1.01517 67.3287
87 4.325 1.01951 69.7237
88 4.375 0.990617 72.105
89 4.425 0.923116 74.375
90 4.475 0.975169 76.8275
91 4.525 1.00283 79.4062
92 4.575 1.00671 82.0525
93 4.625 1.01345 84.775
94 4.675 0.98369 87.475
95 4.725 1.00221 90.285
96 4.775 1.00491 93.1625
97 4.825 1.01369 96.1262
98 4.875 0.989652 99.08
99 4.925 1.00249 102.134
100 4.975 1.00858 105.269
101 5.025 1.02527 108.52
102 5.075 0.995115 111.739
103 5.125 0.976551 114.96
104 5.175 0.992708 118.299
105 5.225 1.015 121.779
106 5.275 0.973312 125.18
107 5.325 1.0011 128.745
108 5.375 1.02218 132.454
109 5.425 1.0058 136.171
110 5.475 0.99083 139.901
111 5.525 1.03689 143.876
112 5.575 1.03727 147.925
113 5.625 0.998145 151.891
114 5.675 0.983725 155.87
115 5.725 0.994252 159.962
116 5.775 0.986661 164.095
117 5.825 1.0179 168.432
118 5.875 0.98133 172.686
119 5.925 1.01049 177.141
120 5.975 1.01511 181.692
121 6.025 0.999431 186.249
122 6.075 0.981698 190.799
123 6.125 1.02649 195.635
124 6.175 0.995319 200.401
125 6.225 0.990696 205.223
126 6.275 0.991401 210.125
127 6.325 0.999176 215.145
128 6.375 1.01344 220.318
129 6.425 0.987122 225.435
130 6.475 1.0225 230.819
131 6.525 0.987489 236.099
132 6.575 0.998545 241.52
133 6.625 1.0112 247.094
134 6.675 0.991859 252.644
135 6.725 1.00049 258.326
136 6.775 1.0144 264.174
137 6.825 1.01498 270.111
138 6.875 0.995849 276.023
139 6.925 1.00373 282.068
140 6.975 1.01496 288.269
141 7.025 1.00178 294.478
142 7.075 1.03738 300.999
143 7.125 1.0017 307.385
144 7.175 0.994164 313.813
145 7.225 1.00257 320.385
146 7.275 0.998052 327.019
147 7.325 1.01007 333.825
148 7.375 1.00063 340.66
149 7.425 1.01157 347.664
150 7.475 1.00486 354.715
151 7.525 1.01949 361.965
152 7.575 1.02082 369.321
153 7.625 0.983343 376.501
154 7.675 0.99879 383.89
155 7.725 1.00058 391.389
156 7.775 0.997632 398.963
157 7.825 0.994189 406.608
158 7.875 1.00295 414.419
159 7.925 0.999844 422.305
160 7.975 0.991728 430.226
161 8.025 1.01341 438.423
162 8.075 1.01967 446.773
163 8.125 0.990277 454.983
164 8.175 0.998754 463.365
165 8.225 1.00886 471.936
166 8.275 1.00354 480.566
167 8.325 0.986927 489.156
168 8.375 1.01874 498.13
169 8.425 1.02394 507.258
170 8.475 0.994012 516.224
171 8.525 1.00841 525.428
172 8.575 1.00183 534.679
173 8.625 0.992787 543.954
174 8.675 0.99857 553.391
175 8.725 0.998533 562.938
176 8.775 0.987445 572.486
177 8.825 1.00415 582.308
178 8.875 0.996151 592.161
179 8.925 0.980898 601.974
180 8.975 1.02548 612.347
181 9.025 1.00767 622.655
182 9.075 1.00748 633.075
183 9.125 0.989055 643.417
184 9.175 0.999587 653.985
185 9.225 0.9896 664.561
186 9.275 1.00383 675.406
187 9.325 0.988978 686.206
188 9.375 1.00994 697.354
189 9.425 0.999253 708.501
190 9.475 0.995387 719.724
191 9.525 1.01042 731.236
192 9.575 0.988166 742.614
193 9.625 1.0122 754.39
194 9.675 0.998256 766.125
195 9.725 1.0178 778.214
196 9.775 1.00867 790.317
197 9.825 0.984815 802.256
198 9.875 0.99028 814.384
199 9.925 0.980226 826.51
200 9.975 0.996833 838.966
