# Time-averaged data for fix ave_rdf
# TimeStep Number-of-rows
# Row c_myRDF[1] c_myRDF[2] c_myRDF[3]
5552 200
1 0.025 0 0
2 0.075 0 0
3 0.125 0 0
4 0.175 0 0
5 0.225 0 0
6 0.275 0 0
7 0.325 0 0
8 0.375 0 0
9 0.425 0 0
10 0.475 0 0
11 0.525 0 0
12 0.575 0 0
13 0.625 0 0
14 0.675 0 0
15 0.725 0 0
16 0.775 0 0
17 0.825 0 0
18 0.875 0 0
19 0.925 0.139561 0.015
20 0.975 1.10962 0.1475
21 1.025 3.73193 0.64
22 1.075 4.89131 1.35
23 1.125 4.67856 2.09375
24 1.175 4.16637 2.81625
25 1.225 3.56134 3.4875
26 1.275 3.01204 4.1025
27 1.325 2.64731 4.68625
28 1.375 2.35302 5.245
29 1.425 2.33294 5.84
30 1.475 1.80694 6.33375
31 1.525 1.93433 6.89875
32 1.575 1.75731 7.44625
33 1.625 1.74507 8.025
34 1.675 1.70985 8.6275
35 1.725 1.69579 9.26125
36 1.775 1.78166 9.96625
37 1.825 1.72423 10.6875
38 1.875 2.01569 11.5775
39 1.925 2.14064 12.5738
40 1.975 2.13315 13.6188
41 2.025 2.22814 14.7663
42 2.075 2.30005 16.01
43 2.125 2.38926 17.365
44 2.175 2.32486 18.7463
45 2.225 2.18737 20.1063
46 2.275 2.34228 21.6288
47 2.325 2.04377 23.0163
48 2.375 2.17037 24.5538
49 2.425 2.01579 26.0425
50 2.475 1.89617 27.5013
51 2.525 1.99823 29.1013
52 2.575 1.87785 30.665
53 2.625 1.88211 32.2938
54 2.675 1.86944 33.9738
55 2.725 1.89261 35.7388
56 2.775 1.87802 37.555
57 2.825 1.8695 39.4288
58 2.875 1.97844 41.4825
59 2.925 2.02306 43.6562
60 2.975 2.00399 45.8837
61 3.025 2.04488 48.2338
62 3.075 1.91787 50.5113
63 3.125 1.93649 52.8863
64 3.175 1.89672 55.2875
65 3.225 1.89004 57.7563
66 3.275 1.9664 60.405
67 3.325 1.79067 62.8912
68 3.375 1.91277 65.6275
69 3.425 1.89466 68.4188
70 3.475 1.79437 71.14
71 3.525 1.77267 73.9062
72 3.575 1.81844 76.825
73 3.625 1.78529 79.7713
74 3.675 1.83579 82.885
75 3.725 1.75313 85.94
76 3.775 1.7524 89.0763
77 3.825 1.80689 92.3962
78 3.875 1.75592 95.7075
79 3.925 1.75863 99.11
80 3.975 1.75246 102.588
81 4.025 1.7221 106.091
82 4.075 1.81616 109.879
83 4.125 1.76304 113.646
84 4.175 1.71364 117.397
85 4.225 1.72127 121.256
86 4.275 1.72318 125.211
87 4.325 1.68517 129.17
88 4.375 1.67027 133.185
89 4.425 1.69831 137.361
90 4.475 1.69338 141.62
91 4.525 1.67415 145.925
92 4.575 1.68008 150.341
93 4.625 1.64022 154.748
94 4.675 1.63447 159.234
95 4.725 1.58089 163.666
96 4.775 1.58288 168.199
97 4.825 1.61224 172.913
98 4.875 1.58101 177.631
99 4.925 1.59093 182.478
100 4.975 1.58364 187.4
101 5.025 1.56648 192.368
102 5.075 1.58909 197.508
103 5.125 1.55142 202.625
104 5.175 1.55949 207.87
105 5.225 1.55422 213.199
106 5.275 1.52918 218.543
107 5.325 1.56203 224.105
108 5.375 1.5052 229.566
109 5.425 1.51241 235.156
110 5.475 1.52078 240.881
111 5.525 1.48066 246.558
112 5.575 1.49169 252.38
113 5.625 1.44453 258.12
114 5.675 1.43124 263.909
115 5.725 1.42943 269.793
116 5.775 1.46417 275.925
117 5.825 1.45088 282.108
118 5.875 1.43754 288.339
119 5.925 1.41309 294.569
120 5.975 1.42523 300.959
121 6.025 1.41812 307.424
122 6.075 1.37114 313.779
123 6.125 1.40005 320.375
124 6.175 1.38582 327.011
125 6.225 1.41913 333.918
126 6.275 1.37967 340.74
127 6.325 1.3353 347.449
128 6.375 1.33354 354.255
129 6.425 1.35289 361.269
130 6.475 1.36104 368.435
131 6.525 1.3253 375.521
132 6.575 1.30822 382.624
133 6.625 1.30283 389.805
134 6.675 1.32248 397.205
135 6.725 1.31103 404.651
136 6.775 1.29327 412.106
137 6.825 1.29661 419.691
138 6.875 1.2814 427.297
139 6.925 1.30053 435.13
140 6.975 1.29157 443.021
141 7.025 1.24017 450.707
142 7.075 1.25571 458.601
143 7.125 1.25364 466.594
144 7.175 1.25054 474.679
145 7.225 1.21708 482.657
146 7.275 1.2273 490.815
147 7.325 1.19762 498.885
148 7.375 1.23359 507.311
149 7.425 1.20313 515.641
150 7.475 1.17088 523.857
151 7.525 1.20388 532.419
152 7.575 1.18267 540.941
153 7.625 1.17097 549.491
154 7.675 1.15999 558.072
155 7.725 1.17738 566.896
156 7.775 1.18089 575.861
157 7.825 1.16569 584.825
158 7.875 1.14756 593.762
159 7.925 1.1748 603.029
160 7.975 1.14447 612.17
161 8.025 1.11588 621.195
162 8.075 1.12561 630.412
163 8.125 1.11376 639.646
164 8.175 1.09958 648.875
165 8.225 1.10479 658.261
166 8.275 1.09424 667.671
167 8.325 1.09349 677.189
168 8.375 1.10261 686.901
169 8.425 1.10779 696.776
170 8.475 1.07494 706.472
171 8.525 1.071 716.247
172 8.575 1.08156 726.235
173 8.625 1.05875 736.126
174 8.675 1.04513 746.004
175 8.725 1.04521 755.996
176 8.775 1.05272 766.176
177 8.825 1.05118 776.457
178 8.875 1.02168 786.564
179 8.925 1.02051 796.772
180 8.975 1.0256 807.147
181 9.025 1.03004 817.684
182 9.075 1.02101 828.244
183 9.125 1.0083 838.787
184 9.175 1.00952 849.46
185 9.225 1.00983 860.252
186 9.275 0.985207 870.896
187 9.325 1.0311 882.156
188 9.375 0.990914 893.094
189 9.425 1.00205 904.272
190 9.475 0.984411 915.371
191 9.525 0.985512 926.6
192 9.575 0.983606 937.925
193 9.625 0.966215 949.166
194 9.675 0.968589 960.552
195 9.725 0.977914 972.167
196 9.775 0.955748 983.636
197 9.825 0.971513 995.414
198 9.875 0.936999 1006.89
199 9.925 0.935868 1018.47
200 9.975 0.92941 1030.08
5553 200
1 0.025 0 0
2 0.075 0 0
3 0.125 0 0
4 0.175 0 0
5 0.225 0 0
6 0.275 0 0
7 0.325 0 0
8 0.375 0 0
9 0.425 0 0
10 0.475 0 0
11 0.525 0 0
12 0.575 0 0
13 0.625 0 0
14 0.675 0 0
15 0.725 0 0
16 0.775 0 0
17 0.825 0 0
18 0.875 0 0
19 0.925 0.116301 0.0125
20 0.975 1.17243 0.1525
21 1.025 3.80771 0.655
22 1.075 4.85686 1.36
23 1.125 4.66283 2.10125
24 1.175 4.07987 2.80875
25 1.225 3.64756 3.49625
26 1.275 2.9447 4.0975
27 1.325 2.66999 4.68625
28 1.375 2.38987 5.25375
29 1.425 2.31334 5.84375
30 1.475 1.83438 6.345
31 1.525 1.84019 6.8825
32 1.575 1.82953 7.4525
33 1.625 1.72245 8.02375
34 1.675 1.73113 8.63375
35 1.725 1.70916 9.2725
36 1.775 1.78798 9.98
37 1.825 1.69136 10.6875
38 1.875 2.01003 11.575
39 1.925 2.17287 12.5862
40 1.975 2.11018 13.62
41 2.025 2.16989 14.7375
42 2.075 2.34166 16.0037
43 2.125 2.39807 17.3637
44 2.175 2.28699 18.7225
45 2.225 2.20345 20.0925
46 2.275 2.29997 21.5875
47 2.325 2.09901 23.0125
48 2.375 2.15272 24.5375
49 2.425 2.05302 26.0537
50 2.475 1.89292 27.51
51 2.525 2.00759 29.1175
52 2.575 1.89436 30.695
53 2.625 1.82866 32.2775
54 2.675 1.86665 33.955
55 2.725 1.93014 35.755
56 2.775 1.87026 37.5637
57 2.825 1.86326 39.4312
58 2.875 1.9664 41.4725
59 2.925 2.06261 43.6887
60 2.975 1.94664 45.8525
61 3.025 2.04162 48.1987
62 3.075 1.94945 50.5137
63 3.125 1.92426 52.8737
64 3.175 1.89968 55.2787
65 3.225 1.91779 57.7837
66 3.275 1.94227 60.4
67 3.325 1.84198 62.9575
68 3.375 1.86121 65.62
69 3.425 1.88702 68.4
70 3.475 1.8158 71.1537
71 3.525 1.7951 73.955
72 3.575 1.79041 76.8287
73 3.625 1.80877 79.8137
74 3.675 1.80189 82.87
75 3.725 1.78541 85.9812
76 3.775 1.74122 89.0975
77 3.825 1.78716 92.3812
78 3.875 1.75061 95.6825
79 3.925 1.7638 99.095
80 3.975 1.7701 102.607
81 4.025 1.7221 106.111
82 4.075 1.80297 109.871
83 4.125 1.77474 113.664
84 4.175 1.71078 117.409
85 4.225 1.72964 121.286
86 4.275 1.69323 125.172
87 4.325 1.7123 129.195
88 4.375 1.65883 133.183
89 4.425 1.69323 137.346
90 4.475 1.69984 141.621
91 4.525 1.67949 145.94
92 4.575 1.67627 150.346
93 4.625 1.64302 154.76
94 4.675 1.63174 159.239
95 4.725 1.56752 163.634
96 4.775 1.60078 168.218
97 4.825 1.60198 172.901
98 4.875 1.59274 177.655
99 4.925 1.59175 182.504
100 4.975 1.56354 187.364
101 5.025 1.57594 192.361
102 5.075 1.58523 197.489
103 5.125 1.56506 202.651
104 5.175 1.55206 207.871
105 5.225 1.55422 213.2
106 5.275 1.53884 218.577
107 5.325 1.54623 224.084
108 5.375 1.51174 229.569
109 5.425 1.51411 235.165
110 5.475 1.52543 240.907
111 5.525 1.46501 246.524
112 5.575 1.49425 252.356
113 5.625 1.45837 258.151
114 5.675 1.42166 263.901
115 5.725 1.43823 269.821
116 5.775 1.47551 276.001
117 5.825 1.43739 282.126
118 5.875 1.426 288.308
119 5.925 1.4182 294.56
120 5.975 1.42606 300.954
121 6.025 1.42361 307.444
122 6.075 1.37465 313.815
123 6.125 1.3897 320.363
124 6.175 1.38817 327.01
125 6.225 1.42555 333.947
126 6.275 1.38018 340.772
127 6.325 1.33033 347.456
128 6.375 1.33771 354.284
129 6.425 1.36857 361.379
130 6.475 1.34751 368.474
131 6.525 1.31548 375.507
132 6.575 1.31973 382.672
133 6.625 1.30464 389.864
134 6.675 1.31332 397.212
135 6.725 1.30949 404.65
136 6.775 1.29349 412.106
137 6.825 1.31285 419.786
138 6.875 1.26982 427.324
139 6.925 1.29742 435.138
140 6.975 1.29566 443.054
141 7.025 1.24118 450.746
142 7.075 1.25353 458.626
143 7.125 1.25384 466.62
144 7.175 1.24764 474.686
145 7.225 1.22719 482.731
146 7.275 1.21846 490.83
147 7.325 1.19279 498.868
148 7.375 1.23578 507.309
149 7.425 1.2071 515.666
150 7.475 1.17729 523.928
151 7.525 1.20213 532.476
152 7.575 1.17607 540.951
153 7.625 1.16977 549.493
154 7.675 1.15881 558.065
155 7.725 1.17955 566.905
156 7.775 1.18073 575.869
157 7.825 1.17235 584.884
158 7.875 1.15366 593.869
159 7.925 1.16704 603.074
160 7.975 1.14635 612.23
161 8.025 1.10583 621.174
162 8.075 1.12408 630.379
163 8.125 1.12054 639.669
164 8.175 1.09899 648.893
165 8.225 1.10479 658.279
166 8.275 1.09948 667.734
167 8.325 1.08631 677.189
168 8.375 1.09892 686.869
169 8.425 1.11186 696.78
170 8.475 1.07924 706.515
171 8.525 1.06812 716.264
172 8.575 1.08169 726.253
173 8.625 1.06062 736.161
174 8.675 1.04274 746.016
175 8.725 1.04338 755.991
176 8.775 1.05686 766.211
177 8.825 1.05041 776.485
178 8.875 1.01991 786.574
179 8.925 1.02301 796.808
180 8.975 1.02845 807.211
181 9.025 1.02845 817.731
182 9.075 1.02198 828.301
183 9.125 1.0028 838.788
184 9.175 1.01543 849.523
185 9.225 1.00808 860.296
186 9.275 0.986595 870.955
187 9.325 1.02858 882.188
188 9.375 0.990122 893.116
189 9.425 1.00037 904.276
190 9.475 0.991728 915.458
191 9.525 0.982989 926.658
192 9.575 0.988058 938.034
193 9.625 0.963851 949.248
194 9.675 0.967206 960.618
195 9.725 0.975178 972.2
196 9.775 0.950852 983.61
197 9.825 0.976978 995.454
198 9.875 0.936897 1006.93
199 9.925 0.928795 1018.42
200 9.975 0.939013 1030.15
5554 200
1 0.025 0 0
2 0.075 0 0
3 0.125 0 0
4 0.175 0 0
5 0.225 0 0
6 0.275 0 0
7 0.325 0 0
8 0.375 0 0
9 0.425 0 0
10 0.475 0 0
11 0.525 0 0
12 0.575 0 0
13 0.625 0 0
14 0.675 0 0
15 0.725 0 0
16 0.775 0 0
17 0.825 0 0
18 0.875 0 0
19 0.925 0.139561 0.015
20 0.975 1.20383 0.15875
21 1.025 3.73193 0.65125
22 1.075 4.76213 1.3425
23 1.125 4.76505 2.1
24 1.175 4.12312 2.815
25 1.225 3.64092 3.50125
26 1.275 2.9447 4.1025
27 1.325 2.6133 4.67875
28 1.375 2.4583 5.2625
29 1.425 2.23492 5.8325
30 1.475 1.85726 6.34
31 1.525 1.8787 6.88875
32 1.575 1.79743 7.44875
33 1.625 1.73753 8.025
34 1.675 1.74177 8.63875
35 1.725 1.69579 9.2725
36 1.775 1.74375 9.9625
37 1.825 1.77503 10.705
38 1.875 1.93642 11.56
39 1.925 2.1863 12.5775
40 1.975 2.15101 13.6313
41 2.025 2.12377 14.725
42 2.075 2.35322 15.9975
43 2.125 2.43995 17.3813
44 2.175 2.26805 18.7288
45 2.225 2.18134 20.085
46 2.275 2.28843 21.5725
47 2.325 2.12478 23.015
48 2.375 2.12626 24.5213
49 2.425 2.09703 26.07
50 2.475 1.87667 27.5138
51 2.525 1.97637 29.0963
52 2.575 1.92588 30.7
53 2.625 1.82866 32.2825
54 2.675 1.84718 33.9425
55 2.725 1.92478 35.7375
56 2.775 1.88706 37.5625
57 2.825 1.86825 39.435
58 2.875 1.99168 41.5025
59 2.925 2.02771 43.6813
60 2.975 1.95788 45.8575
61 3.025 2.03074 48.1913
62 3.075 1.96735 50.5275
63 3.125 1.89674 52.8538
64 3.175 1.92041 55.285
65 3.225 1.92066 57.7938
66 3.275 1.92835 60.3913
67 3.325 1.84018 62.9463
68 3.375 1.8717 65.6238
69 3.425 1.85818 68.3613
70 3.475 1.82982 71.1363
71 3.525 1.81112 73.9625
72 3.575 1.74991 76.7713
73 3.625 1.83679 79.8025
74 3.675 1.81221 82.8763
75 3.725 1.77321 85.9663
76 3.775 1.75449 89.1063
77 3.825 1.79872 92.4113
78 3.875 1.73802 95.6888
79 3.925 1.77349 99.12
80 3.975 1.76128 102.615
81 4.025 1.71534 106.105
82 4.075 1.81556 109.891
83 4.125 1.78 113.695
84 4.175 1.68338 117.38
85 4.225 1.7419 121.285
86 4.275 1.70902 125.208
87 4.325 1.70273 129.208
88 4.375 1.65779 133.193
89 4.425 1.69729 137.366
90 4.475 1.70978 141.666
91 4.525 1.66928 145.959
92 4.575 1.67152 150.353
93 4.625 1.65139 154.789
94 4.675 1.60988 159.208
95 4.725 1.58758 163.659
96 4.775 1.59118 168.215
97 4.825 1.61267 172.93
98 4.875 1.57683 177.636
99 4.925 1.60406 182.523
100 4.975 1.56153 187.376
101 5.025 1.58067 192.389
102 5.075 1.57595 197.486
103 5.125 1.56923 202.663
104 5.175 1.55912 207.906
105 5.225 1.53562 213.171
106 5.275 1.55351 218.6
107 5.325 1.55045 224.121
108 5.375 1.49693 229.553
109 5.425 1.54353 235.258
110 5.475 1.49089 240.87
111 5.525 1.48099 246.548
112 5.575 1.48881 252.359
113 5.625 1.45837 258.154
114 5.675 1.42568 263.92
115 5.725 1.43702 269.835
116 5.775 1.48387 276.05
117 5.825 1.4148 282.079
118 5.875 1.43811 288.313
119 5.925 1.42273 294.585
120 5.975 1.42551 300.976
121 6.025 1.41675 307.435
122 6.075 1.36575 313.765
123 6.125 1.40748 320.396
124 6.175 1.39444 327.074
125 6.225 1.41913 333.98
126 6.275 1.37335 340.771
127 6.325 1.33605 347.484
128 6.375 1.33599 354.303
129 6.425 1.36712 361.39
130 6.475 1.34348 368.464
131 6.525 1.31969 375.52
132 6.575 1.30891 382.626
133 6.625 1.31734 389.888
134 6.675 1.30729 397.203
135 6.725 1.30157 404.595
136 6.775 1.31235 412.16
137 6.825 1.30366 419.786
138 6.875 1.27235 427.339
139 6.925 1.29534 435.14
140 6.975 1.29177 443.033
141 7.025 1.2438 450.741
142 7.075 1.25532 458.633
143 7.125 1.25246 466.618
144 7.175 1.25402 474.725
145 7.225 1.22566 482.76
146 7.275 1.22185 490.881
147 7.325 1.19224 498.915
148 7.375 1.23121 507.325
149 7.425 1.21143 515.713
150 7.475 1.17622 523.966
151 7.525 1.20107 532.508
152 7.575 1.17972 541.009
153 7.625 1.16361 549.505
154 7.675 1.16421 558.118
155 7.725 1.17838 566.949
156 7.775 1.17134 575.841
157 7.825 1.18389 584.945
158 7.875 1.15221 593.919
159 7.925 1.16688 603.123
160 7.975 1.14291 612.251
161 8.025 1.11341 621.256
162 8.075 1.11798 630.411
163 8.125 1.11421 639.649
164 8.175 1.10614 648.933
165 8.225 1.10141 658.29
166 8.275 1.10936 667.83
167 8.325 1.08516 677.275
168 8.375 1.09353 686.908
169 8.425 1.10947 696.798
170 8.475 1.07813 706.523
171 8.525 1.08058 716.385
172 8.575 1.07222 726.286
173 8.625 1.05741 736.165
174 8.675 1.04327 746.025
175 8.725 1.05528 756.114
176 8.775 1.05104 766.278
177 8.825 1.03955 776.445
178 8.875 1.02332 786.568
179 8.925 1.035 796.921
180 8.975 1.02301 807.27
181 9.025 1.02759 817.781
182 9.075 1.02899 828.424
183 9.125 0.997183 838.851
184 9.175 1.01803 849.614
185 9.225 1.00609 860.366
186 9.275 0.985323 871.011
187 9.325 1.02412 882.195
188 9.375 0.988763 893.109
189 9.425 1.00116 904.278
190 9.475 0.993724 915.481
191 9.525 0.979149 926.638
192 9.575 0.989035 938.025
193 9.625 0.965141 949.254
194 9.675 0.96391 960.585
195 9.725 0.98465 972.28
196 9.775 0.943247 983.599
197 9.825 0.982443 995.509
198 9.875 0.938939 1007.01
199 9.925 0.928795 1018.5
200 9.975 0.935912 1030.19
5555 200
1 0.025 0 0
2 0.075 0 0
3 0.125 0 0
4 0.175 0 0
5 0.225 0 0
6 0.275 0 0
7 0.325 0 0
8 0.375 0 0
9 0.425 0 0
10 0.475 0 0
11 0.525 0 0
12 0.575 0 0
13 0.625 0 0
14 0.675 0 0
15 0.725 0 0
16 0.775 0 0
17 0.825 0 0
18 0.875 0 0
19 0.925 0.162821 0.0175
20 0.975 1.19336 0.16
21 1.025 3.74141 0.65375
22 1.075 4.7363 1.34125
23 1.125 4.77292 2.1
24 1.175 4.12312 2.815
25 1.225 3.63429 3.5
26 1.275 2.96306 4.105
27 1.325 2.65298 4.69
28 1.375 2.38461 5.25625
29 1.425 2.25943 5.8325
30 1.475 1.87098 6.34375
31 1.525 1.8573 6.88625
32 1.575 1.79743 7.44625
33 1.625 1.73376 8.02125
34 1.675 1.75951 8.64125
35 1.725 1.67237 9.26625
36 1.775 1.7406 9.955
37 1.825 1.8079 10.7112
38 1.875 1.93925 11.5675
39 1.925 2.20779 12.595
40 1.975 2.11273 13.63
41 2.025 2.08251 14.7025
42 2.075 2.36246 15.98
43 2.125 2.47081 17.3812
44 2.175 2.27015 18.73
45 2.225 2.17933 20.085
46 2.275 2.26343 21.5562
47 2.325 2.1432 23.0113
48 2.375 2.12978 24.52
49 2.425 2.09872 26.07
50 2.475 1.88805 27.5225
51 2.525 1.97013 29.1
52 2.575 1.95741 30.73
53 2.625 1.79111 32.28
54 2.675 1.84996 33.9425
55 2.725 1.93014 35.7425
56 2.775 1.89094 37.5712
57 2.825 1.87823 39.4537
58 2.875 1.9676 41.4962
59 2.925 2.02771 43.675
60 2.975 1.96575 45.86
61 3.025 2.03074 48.1938
62 3.075 1.95156 50.5113
63 3.125 1.9049 52.8475
64 3.175 1.92239 55.2813
65 3.225 1.93693 57.8113
66 3.275 1.89587 60.365
67 3.325 1.86449 62.9538
68 3.375 1.85946 65.6138
69 3.425 1.8743 68.375
70 3.475 1.82817 71.1475
71 3.525 1.78789 73.9375
72 3.575 1.76393 76.7688
73 3.625 1.83604 79.7988
74 3.675 1.80558 82.8613
75 3.725 1.76819 85.9425
76 3.775 1.78592 89.1388
77 3.825 1.79736 92.4413
78 3.875 1.73338 95.71
79 3.925 1.74635 99.0888
80 3.975 1.76065 102.583
81 4.025 1.74851 106.14
82 4.075 1.78079 109.854
83 4.125 1.81451 113.731
84 4.175 1.67938 117.408
85 4.225 1.73298 121.293
86 4.275 1.70357 125.203
87 4.325 1.70964 129.219
88 4.375 1.65207 133.19
89 4.425 1.70034 137.371
90 4.475 1.69437 141.633
91 4.525 1.69602 145.994
92 4.575 1.66248 150.364
93 4.625 1.65139 154.8
94 4.675 1.61034 159.22
95 4.725 1.58401 163.661
96 4.775 1.60907 168.269
97 4.825 1.59386 172.929
98 4.875 1.58436 177.657
99 4.925 1.59544 182.518
100 4.975 1.56957 187.396
101 5.025 1.58421 192.42
102 5.075 1.57093 197.501
103 5.125 1.57302 202.69
104 5.175 1.54983 207.903
105 5.225 1.54328 213.194
106 5.275 1.54278 218.585
107 5.325 1.56273 224.15
108 5.375 1.50382 229.606
109 5.425 1.53203 235.269
110 5.475 1.49355 240.891
111 5.525 1.48457 246.583
112 5.575 1.47824 252.353
113 5.625 1.4612 258.159
114 5.675 1.43927 263.98
115 5.725 1.42761 269.856
116 5.775 1.47731 276.044
117 5.825 1.42389 282.111
118 5.875 1.42744 288.299
119 5.925 1.43748 294.636
120 5.975 1.42634 301.031
121 6.025 1.3992 307.41
122 6.075 1.36575 313.74
123 6.125 1.40722 320.37
124 6.175 1.40801 327.113
125 6.225 1.41297 333.989
126 6.275 1.37386 340.783
127 6.325 1.34177 347.524
128 6.375 1.32399 354.281
129 6.425 1.37604 361.415
130 6.475 1.34799 368.513
131 6.525 1.31151 375.525
132 6.575 1.31121 382.644
133 6.625 1.32165 389.929
134 6.675 1.2988 397.196
135 6.725 1.30795 404.625
136 6.775 1.30563 412.151
137 6.825 1.30751 419.8
138 6.875 1.25992 427.279
139 6.925 1.30863 435.16
140 6.975 1.29136 443.05
141 7.025 1.2434 450.756
142 7.075 1.2571 458.659
143 7.125 1.2505 466.631
144 7.175 1.25421 474.74
145 7.225 1.23519 482.838
146 7.275 1.21432 490.909
147 7.325 1.18704 498.908
148 7.375 1.23707 507.358
149 7.425 1.21667 515.781
150 7.475 1.16945 523.988
151 7.525 1.20002 532.521
152 7.575 1.17469 540.986
153 7.625 1.17046 549.533
154 7.675 1.16303 558.136
155 7.725 1.17488 566.941
156 7.775 1.17793 575.884
157 7.825 1.17836 584.945
158 7.875 1.15863 593.969
159 7.925 1.16038 603.121
160 7.975 1.14181 612.241
161 8.025 1.11403 621.251
162 8.075 1.11722 630.4
163 8.125 1.11768 639.666
164 8.175 1.11075 648.989
165 8.225 1.09302 658.275
166 8.275 1.12026 667.909
167 8.325 1.08128 677.32
168 8.375 1.09253 686.944
169 8.425 1.10583 696.801
170 8.475 1.07993 706.542
171 8.525 1.08456 716.441
172 8.575 1.06802 726.304
173 8.625 1.05902 736.197
174 8.675 1.04301 746.055
175 8.725 1.05436 756.135
176 8.775 1.05169 766.305
177 8.825 1.03929 776.47
178 8.875 1.03116 786.67
179 8.925 1.02313 796.905
180 8.975 1.02783 807.302
181 9.025 1.02527 817.79
182 9.075 1.0302 828.445
183 9.125 0.995271 838.852
184 9.175 1.0256 849.695
185 9.225 1.00621 860.449
186 9.275 0.984281 871.082
187 9.325 1.01874 882.207
188 9.375 0.986611 893.097
189 9.425 1.00497 904.309
190 9.475 0.990065 915.471
191 9.525 0.987926 926.727
192 9.575 0.984366 938.061
193 9.625 0.963207 949.267
194 9.675 0.964974 960.611
195 9.725 0.983071 972.287
196 9.775 0.947831 983.661
197 9.825 0.97904 995.53
198 9.875 0.945471 1007.11
199 9.925 0.922631 1018.52
200 9.975 0.936112 1030.22
5556 200
1 0.025 0 0
2 0.075 0 0
3 0.125 0 0
4 0.175 0 0
5 0.225 0 0
6 0.275 0 0
7 0.325 0 0
8 0.375 0 0
9 0.425 0 0
10 0.475 0 0
11 0.525 0 0
12 0.575 0 0
13 0.625 0 0
14 0.675 0 0
15 0.725 0 0
16 0.775 0 0
17 0.825 0 0
18 0.875 0 0
19 0.925 0.127931 0.01375
20 0.975 1.25617 0.16375
21 1.025 3.71299 0.65375
22 1.075 4.76213 1.345
23 1.125 4.66283 2.08625
24 1.175 4.23846 2.82125
25 1.225 3.60113 3.5
26 1.275 2.98143 4.10875
27 1.325 2.64164 4.69125
28 1.375 2.34249 5.2475
29 1.425 2.30844 5.83625
30 1.475 1.83896 6.33875
31 1.525 1.8787 6.8875
32 1.575 1.75731 7.435
33 1.625 1.76014 8.01875
34 1.675 1.78789 8.64875
35 1.725 1.64561 9.26375
36 1.775 1.7406 9.9525
37 1.825 1.8079 10.7088
38 1.875 1.93642 11.5638
39 1.925 2.20779 12.5913
40 1.975 2.11784 13.6288
41 2.025 2.10193 14.7113
42 2.075 2.32317 15.9675
43 2.125 2.5193 17.3963
44 2.175 2.28488 18.7538
45 2.225 2.17531 20.1063
46 2.275 2.23074 21.5563
47 2.325 2.16161 23.0238
48 2.375 2.08214 24.4988
49 2.425 2.13765 26.0775
50 2.475 1.90429 27.5425
51 2.525 1.9311 29.0888
52 2.575 1.96791 30.7275
53 2.625 1.76511 32.255
54 2.675 1.90421 33.9663
55 2.725 1.90601 35.7438
56 2.775 1.88836 37.57
57 2.825 1.88571 39.46
58 2.875 1.96038 41.495
59 2.925 2.04051 43.6875
60 2.975 1.93314 45.8363
61 3.025 2.03836 48.1788
62 3.075 1.94735 50.4913
63 3.125 1.91509 52.84
64 3.175 1.94609 55.3038
65 3.225 1.9264 57.82
66 3.275 1.87917 60.3513
67 3.325 1.86269 62.9375
68 3.375 1.88218 65.63
69 3.425 1.85393 68.3613
70 3.475 1.82652 71.1313
71 3.525 1.7999 73.94
72 3.575 1.77483 76.7888
73 3.625 1.83073 79.81
74 3.675 1.79158 82.8487
75 3.725 1.79043 85.9688
76 3.775 1.78592 89.165
77 3.825 1.79056 92.455
78 3.875 1.7294 95.7163
79 3.925 1.76121 99.1238
80 3.975 1.73923 102.575
81 4.025 1.75712 106.15
82 4.075 1.78919 109.881
83 4.125 1.79053 113.708
84 4.175 1.70507 117.44
85 4.225 1.72183 121.3
86 4.275 1.70085 125.204
87 4.325 1.70273 129.204
88 4.375 1.66975 133.218
89 4.425 1.6917 137.378
90 4.475 1.68045 141.604
91 4.525 1.70428 145.986
92 4.575 1.66105 150.353
93 4.625 1.65418 154.796
94 4.675 1.62582 159.259
95 4.725 1.58223 163.695
96 4.775 1.6082 168.3
97 4.825 1.58317 172.929
98 4.875 1.58478 177.659
99 4.925 1.59093 182.505
100 4.975 1.57399 187.398
101 5.025 1.57002 192.376
102 5.075 1.58561 197.505
103 5.125 1.59272 202.759
104 5.175 1.53013 207.905
105 5.225 1.53562 213.17
106 5.275 1.54957 218.585
107 5.325 1.56203 224.147
108 5.375 1.50692 229.615
109 5.425 1.53676 235.295
110 5.475 1.48193 240.874
111 5.525 1.4849 246.566
112 5.575 1.46799 252.296
113 5.625 1.48825 258.21
114 5.675 1.43155 264
115 5.725 1.43307 269.899
116 5.775 1.47551 276.079
117 5.825 1.42624 282.156
118 5.875 1.42023 288.312
119 5.925 1.43039 294.619
120 5.975 1.42606 301.012
121 6.025 1.39098 307.354
122 6.075 1.37573 313.73
123 6.125 1.42313 320.435
124 6.175 1.39522 327.116
125 6.225 1.41785 334.016
126 6.275 1.38144 340.847
127 6.325 1.32386 347.499
128 6.375 1.33746 354.325
129 6.425 1.36688 361.411
130 6.475 1.3487 368.512
131 6.525 1.3232 375.587
132 6.575 1.30154 382.654
133 6.625 1.32143 389.938
134 6.675 1.30751 397.254
135 6.725 1.31037 404.696
136 6.775 1.30129 412.198
137 6.825 1.29448 419.77
138 6.875 1.27698 427.35
139 6.925 1.30759 435.225
140 6.975 1.28134 443.054
141 7.025 1.24542 450.773
142 7.075 1.26247 458.709
143 7.125 1.24776 466.664
144 7.175 1.2486 474.736
145 7.225 1.24015 482.866
146 7.275 1.21338 490.931
147 7.325 1.19168 498.961
148 7.375 1.22407 507.322
149 7.425 1.22299 515.79
150 7.475 1.1707 524.005
151 7.525 1.19597 532.51
152 7.575 1.18544 541.053
153 7.625 1.16224 549.539
154 7.675 1.16472 558.155
155 7.725 1.17438 566.956
156 7.775 1.18254 575.934
157 7.825 1.17983 585.006
158 7.875 1.16377 594.07
159 7.925 1.15293 603.164
160 7.975 1.13868 612.259
161 8.025 1.108 621.22
162 8.075 1.12805 630.457
163 8.125 1.11723 639.72
164 8.175 1.10658 649.008
165 8.225 1.1017 658.368
166 8.275 1.11372 667.945
167 8.325 1.07827 677.33
168 8.375 1.087 686.905
169 8.425 1.10176 696.726
170 8.475 1.09601 706.613
171 8.525 1.07675 716.44
172 8.575 1.06721 726.295
173 8.625 1.05862 736.185
174 8.675 1.05161 746.124
175 8.725 1.0507 756.169
176 8.775 1.05854 766.405
177 8.825 1.03418 776.52
178 8.875 1.0218 786.628
179 8.925 1.03026 796.934
180 8.975 1.02869 807.34
181 9.025 1.02258 817.8
182 9.075 1.02343 828.385
183 9.125 1.00495 838.894
184 9.175 1.02714 849.753
185 9.225 0.997904 860.418
186 9.275 0.989488 871.108
187 9.325 1.01759 882.22
188 9.375 0.989216 893.139
189 9.425 1.00777 904.381
190 9.475 0.988845 915.53
191 9.525 0.979259 926.688
192 9.575 0.986429 938.045
193 9.625 0.974058 949.377
194 9.675 0.959338 960.655
195 9.725 0.980335 972.299
196 9.775 0.952414 983.727
197 9.825 0.972235 995.514
198 9.875 0.954963 1007.21
199 9.925 0.921722 1018.61
200 9.975 0.932011 1030.26
5557 200
1 0.025 0 0
2 0.075 0 0
3 0.125 0 0
4 0.175 0 0
5 0.225 0 0
6 0.275 0 0
7 0.325 0 0
8 0.375 0 0
9 0.425 0 0
10 0.475 0 0
11 0.525 0 0
12 0.575 0 0
13 0.625 0 0
14 0.675 0 0
15 0.725 0 0
16 0.775 0 0
17 0.825 0 0
18 0.875 0 0
19 0.925 0.104671 0.01125
20 0.975 1.28757 0.165
21 1.025 3.70352 0.65375
22 1.075 4.68463 1.33375
23 1.125 4.68642 2.07875
24 1.175 4.46912 2.85375
25 1.225 3.41544 3.4975
26 1.275 2.98143 4.10625
27 1.325 2.65865 4.6925
28 1.375 2.31091 5.24125
29 1.425 2.31824 5.8325
30 1.475 1.88928 6.34875
31 1.525 1.83163 6.88375
32 1.575 1.77336 7.43625
33 1.625 1.73753 8.0125
34 1.675 1.79853 8.64625
35 1.725 1.65565 9.265
36 1.775 1.71848 9.945
37 1.825 1.83778 10.7137
38 1.875 1.93925 11.57
39 1.925 2.18362 12.5862
40 1.975 2.1408 13.635
41 2.025 2.06552 14.6987
42 2.075 2.39714 15.995
43 2.125 2.46861 17.395
44 2.175 2.28909 18.755
45 2.225 2.21351 20.1312
46 2.275 2.16151 21.5362
47 2.325 2.16529 23.0062
48 2.375 2.09449 24.49
49 2.425 2.11057 26.0487
50 2.475 1.94654 27.5462
51 2.525 1.93578 29.0962
52 2.575 1.9439 30.715
53 2.625 1.79255 32.2662
54 2.675 1.90421 33.9775
55 2.725 1.88725 35.7375
56 2.775 1.90904 37.5837
57 2.825 1.88571 39.4737
58 2.875 1.9387 41.4862
59 2.925 2.04982 43.6887
60 2.975 1.94888 45.855
61 3.025 2.0438 48.2037
62 3.075 1.92419 50.4887
63 3.125 1.92121 52.845
64 3.175 1.95497 55.32
65 3.225 1.91205 57.8175
66 3.275 1.86432 60.3287
67 3.325 1.896 62.9612
68 3.375 1.86558 65.63
69 3.425 1.8446 68.3475
70 3.475 1.83641 71.1325
71 3.525 1.8007 73.9425
72 3.575 1.79041 76.8162
73 3.625 1.79513 79.7788
74 3.675 1.78863 82.8125
75 3.725 1.82271 85.9887
76 3.775 1.77963 89.1737
77 3.825 1.79804 92.4775
78 3.875 1.72874 95.7375
79 3.925 1.74894 99.1213
80 3.975 1.74238 102.579
81 4.025 1.76142 106.162
82 4.075 1.78319 109.881
83 4.125 1.79463 113.716
84 4.175 1.71364 117.467
85 4.225 1.70789 121.296
86 4.275 1.73298 125.274
87 4.325 1.68783 129.239
88 4.375 1.65259 133.211
89 4.425 1.68662 137.359
90 4.475 1.69835 141.63
91 4.525 1.69796 145.996
92 4.575 1.66486 150.373
93 4.625 1.64115 154.781
94 4.675 1.63447 159.268
95 4.725 1.59427 163.738
96 4.775 1.59598 168.308
97 4.825 1.57975 172.926
98 4.875 1.58604 177.66
99 4.925 1.57985 182.473
100 4.975 1.59852 187.441
101 5.025 1.54598 192.344
102 5.075 1.58948 197.485
103 5.125 1.58893 202.726
104 5.175 1.56098 207.976
105 5.225 1.51411 213.168
106 5.275 1.55852 218.614
107 5.325 1.55325 224.145
108 5.375 1.50589 229.609
109 5.425 1.5415 235.306
110 5.475 1.47097 240.844
111 5.525 1.49273 246.566
112 5.575 1.46255 252.275
113 5.625 1.49675 258.223
114 5.675 1.42135 263.971
115 5.725 1.45524 269.961
116 5.775 1.4591 276.072
117 5.825 1.42888 282.161
118 5.875 1.41302 288.286
119 5.925 1.44116 294.64
120 5.975 1.42383 301.024
121 6.025 1.38906 307.356
122 6.075 1.37384 313.724
123 6.125 1.43454 320.483
124 6.175 1.38948 327.136
125 6.225 1.41322 334.014
126 6.275 1.37234 340.8
127 6.325 1.34351 347.55
128 6.375 1.33526 354.365
129 6.425 1.36495 361.441
130 6.475 1.3411 368.502
131 6.525 1.33278 375.629
132 6.575 1.29947 382.684
133 6.625 1.32029 389.961
134 6.675 1.31354 397.311
135 6.725 1.30685 404.734
136 6.775 1.30585 412.261
137 6.825 1.28037 419.751
138 6.875 1.27656 427.329
139 6.925 1.308 435.206
140 6.975 1.28686 443.069
141 7.025 1.24703 450.798
142 7.075 1.2571 458.7
143 7.125 1.25089 466.675
144 7.175 1.25208 474.77
145 7.225 1.24206 482.912
146 7.275 1.20172 490.9
147 7.325 1.19706 498.966
148 7.375 1.22151 507.31
149 7.425 1.22768 515.81
150 7.475 1.17319 524.042
151 7.525 1.19791 532.561
152 7.575 1.18527 541.102
153 7.625 1.15779 549.556
154 7.675 1.16489 558.174
155 7.725 1.17071 566.947
156 7.775 1.18846 575.97
157 7.825 1.17771 585.026
158 7.875 1.16281 594.082
159 7.925 1.15436 603.187
160 7.975 1.14619 612.342
161 8.025 1.10212 621.256
162 8.075 1.12805 630.494
163 8.125 1.11723 639.756
164 8.175 1.10345 649.017
165 8.225 1.09582 658.327
166 8.275 1.12244 667.98
167 8.325 1.08258 677.402
168 8.375 1.08913 686.996
169 8.425 1.08774 696.692
170 8.475 1.10099 706.624
171 8.525 1.08415 716.519
172 8.575 1.06694 726.371
173 8.625 1.04604 736.144
174 8.675 1.05769 746.14
175 8.725 1.05057 756.184
176 8.775 1.05763 766.411
177 8.825 1.03687 776.552
178 8.875 1.02244 786.666
179 8.925 1.02588 796.929
180 8.975 1.03215 807.37
181 9.025 1.02784 817.884
182 9.075 1.0157 828.389
183 9.125 1.00794 838.929
184 9.175 1.02915 849.809
185 9.225 0.997202 860.466
186 9.275 0.982661 871.082
187 9.325 1.02011 882.222
188 9.375 0.991707 893.169
189 9.425 1.00228 904.35
190 9.475 0.997715 915.599
191 9.525 0.9752 926.71
192 9.575 0.9886 938.092
193 9.625 0.977174 949.461
194 9.675 0.959763 960.744
195 9.725 0.975283 972.327
196 9.775 0.951268 983.742
197 9.825 0.972235 995.529
198 9.875 0.94639 1007.12
199 9.925 0.936979 1018.71
200 9.975 0.92791 1030.3
5558 200
1 0.025 0 0
2 0.075 0 0
3 0.125 0 0
4 0.175 0 0
5 0.225 0 0
6 0.275 0 0
7 0.325 0 0
8 0.375 0 0
9 0.425 0 0
10 0.475 0 0
11 0.525 0 0
12 0.575 0 0
13 0.625 0 0
14 0.675 0 0
15 0.725 0 0
16 0.775 0 0
17 0.825 0 0
18 0.875 0 0
19 0.925 0.104671 0.01125
20 0.975 1.37132 0.175
21 1.025 3.6088 0.65125
22 1.075 4.78797 1.34625
23 1.125 4.61565 2.08
24 1.175 4.48354 2.8575
25 1.225 3.49502 3.51625
26 1.275 2.87736 4.10375
27 1.325 2.64731 4.6875
28 1.375 2.33723 5.2425
29 1.425 2.31824 5.83375
30 1.475 1.89385 6.35125
31 1.525 1.78027 6.87125
32 1.575 1.80144 7.4325
33 1.625 1.72622 8.005
34 1.675 1.78434 8.63375
35 1.725 1.69244 9.26625
36 1.775 1.71532 9.945
37 1.825 1.82583 10.7088
38 1.875 1.91943 11.5563
39 1.925 2.2239 12.5913
40 1.975 2.1459 13.6425
41 2.025 2.08008 14.7138
42 2.075 2.36015 15.99
43 2.125 2.49065 17.4025
44 2.175 2.30171 18.77
45 2.225 2.18335 20.1275
46 2.275 2.16344 21.5338
47 2.325 2.18186 23.015
48 2.375 2.0892 24.495
49 2.425 2.09533 26.0425
50 2.475 1.95954 27.55
51 2.525 1.93578 29.1
52 2.575 1.92438 30.7025
53 2.625 1.81566 32.2738
54 2.675 1.90004 33.9813
55 2.725 1.88189 35.7363
56 2.775 1.90516 37.5788
57 2.825 1.90941 39.4925
58 2.875 1.91462 41.48
59 2.925 2.03469 43.6663
60 2.975 1.99274 45.8813
61 3.025 2.02531 48.2088
62 3.075 1.90314 50.4688
63 3.125 1.94465 52.8538
64 3.175 1.94905 55.3213
65 3.225 1.90822 57.8138
66 3.275 1.88845 60.3575
67 3.325 1.8816 62.97
68 3.375 1.87781 65.6562
69 3.425 1.82933 68.3512
70 3.475 1.81498 71.1037
71 3.525 1.82233 73.9475
72 3.575 1.7943 76.8275
73 3.625 1.78377 79.7712
74 3.675 1.79452 82.815
75 3.725 1.83275 86.0087
76 3.775 1.77963 89.1937
77 3.825 1.78103 92.4662
78 3.875 1.74399 95.755
79 3.925 1.7554 99.1512
80 3.975 1.74238 102.609
81 4.025 1.73438 106.137
82 4.075 1.79818 109.887
83 4.125 1.77825 113.687
84 4.175 1.7479 117.514
85 4.225 1.68838 121.299
86 4.275 1.72808 125.265
87 4.325 1.6841 129.221
88 4.375 1.65935 133.21
89 4.425 1.69882 137.387
90 4.475 1.70381 141.672
91 4.525 1.69067 146.02
92 4.575 1.65773 150.377
93 4.625 1.6472 154.802
94 4.675 1.61307 159.23
95 4.725 1.6121 163.75
96 4.775 1.59292 168.311
97 4.825 1.58915 172.958
98 4.875 1.57976 177.673
99 4.925 1.57452 182.469
100 4.975 1.61139 187.477
101 5.025 1.52942 192.327
102 5.075 1.6003 197.504
103 5.125 1.58514 202.732
104 5.175 1.54983 207.945
105 5.225 1.53161 213.196
106 5.275 1.55744 218.639
107 5.325 1.55115 224.162
108 5.375 1.52208 229.685
109 5.425 1.52594 235.325
110 5.475 1.46499 240.84
111 5.525 1.49403 246.567
112 5.575 1.47472 252.324
113 5.625 1.47001 258.165
114 5.675 1.44267 264
115 5.725 1.44856 269.962
116 5.775 1.47283 276.131
117 5.825 1.42272 282.194
118 5.875 1.40726 288.294
119 5.925 1.43549 294.622
120 5.975 1.42997 301.034
121 6.025 1.39372 307.387
122 6.075 1.37869 313.777
123 6.125 1.43269 320.527
124 6.175 1.39992 327.231
125 6.225 1.39524 334.021
126 6.275 1.36703 340.781
127 6.325 1.34103 347.519
128 6.375 1.34946 354.406
129 6.425 1.36109 361.462
130 6.475 1.34799 368.56
131 6.525 1.32764 375.659
132 6.575 1.29647 382.697
133 6.625 1.31644 389.954
134 6.675 1.32382 397.361
135 6.725 1.30091 404.75
136 6.775 1.30671 412.283
137 6.825 1.2761 419.748
138 6.875 1.27087 427.291
139 6.925 1.31257 435.196
140 6.975 1.29934 443.135
141 7.025 1.24118 450.827
142 7.075 1.26068 458.752
143 7.125 1.24541 466.692
144 7.175 1.26542 474.874
145 7.225 1.22547 482.907
146 7.275 1.20981 490.949
147 7.325 1.18723 498.949
148 7.375 1.22041 507.285
149 7.425 1.23906 515.864
150 7.475 1.17177 524.086
151 7.525 1.20599 532.662
152 7.575 1.17365 541.12
153 7.625 1.16087 549.596
154 7.675 1.16185 558.191
155 7.725 1.17404 566.99
156 7.775 1.18303 575.971
157 7.825 1.18292 585.068
158 7.875 1.15767 594.084
159 7.925 1.16482 603.271
160 7.975 1.13649 612.349
161 8.025 1.10243 621.265
162 8.075 1.13019 630.52
163 8.125 1.11843 639.793
164 8.175 1.11254 649.13
165 8.225 1.08464 658.345
166 8.275 1.12201 667.994
167 8.325 1.08186 677.41
168 8.375 1.09041 687.015
169 8.425 1.08367 696.675
170 8.475 1.10543 706.646
171 8.525 1.07826 716.488
172 8.575 1.07086 726.376
173 8.625 1.04845 736.171
174 8.675 1.05478 746.14
175 8.725 1.05436 756.22
176 8.775 1.05337 766.406
177 8.825 1.03878 776.566
178 8.875 1.02332 786.689
179 8.925 1.036 797.052
180 8.975 1.02449 807.416
181 9.025 1.02527 817.904
182 9.075 1.01582 828.41
183 9.125 1.01009 838.972
184 9.175 1.02725 849.832
185 9.225 1.00293 860.551
186 9.275 0.986248 871.206
187 9.325 1.00878 882.222
188 9.375 1.00077 893.269
189 9.425 0.992194 904.337
190 9.475 1.00426 915.66
191 9.525 0.972238 926.737
192 9.575 0.990772 938.145
193 9.625 0.978678 949.531
194 9.675 0.952639 960.73
195 9.725 0.979914 972.369
196 9.775 0.956269 983.844
197 9.825 0.967801 995.576
198 9.875 0.94149 1007.11
199 9.925 0.939202 1018.72
200 9.975 0.920307 1030.22
5559 200
1 0.025 0 0
2 0.075 0 0
3 0.125 0 0
4 0.175 0 0
5 0.225 0 0
6 0.275 0 0
7 0.325 0 0
8 0.375 0 0
9 0.425 0 0
10 0.475 0 0
11 0.525 0 0
12 0.575 0 0
13 0.625 0 0
14 0.675 0 0
15 0.725 0 0
16 0.775 0 0
17 0.825 0 0
18 0.875 0 0
19 0.925 0.127931 0.01375
20 0.975 1.31898 0.17125
21 1.025 3.58038 0.64375
22 1.075 4.74491 1.3325
23 1.125 4.68642 2.0775
24 1.175 4.46191 2.85125
25 1.225 3.50165 3.51125
26 1.275 2.82226 4.0875
27 1.325 2.74935 4.69375
28 1.375 2.32144 5.245
29 1.425 2.20061 5.80625
30 1.475 2.03109 6.36125
31 1.525 1.72464 6.865
32 1.575 1.81749 7.43125
33 1.625 1.7413 8.00875
34 1.675 1.77015 8.6325
35 1.725 1.70916 9.27125
36 1.775 1.64267 9.92125
37 1.825 1.89157 10.7125
38 1.875 1.96756 11.5813
39 1.925 2.08692 12.5525
40 1.975 2.17142 13.6163
41 2.025 2.13591 14.7163
42 2.075 2.36246 15.9938
43 2.125 2.4642 17.3912
44 2.175 2.32907 18.775
45 2.225 2.20948 20.1487
46 2.275 2.1019 21.515
47 2.325 2.19291 23.0038
48 2.375 2.09626 24.4887
49 2.425 2.1021 26.0412
50 2.475 1.95954 27.5487
51 2.525 1.94515 29.1062
52 2.575 1.88986 30.68
53 2.625 1.85466 32.285
54 2.675 1.90282 33.995
55 2.725 1.88055 35.7487
56 2.775 1.88577 37.5725
57 2.825 1.92811 39.505
58 2.875 1.88451 41.4612
59 2.925 2.07308 43.6887
60 2.975 1.95226 45.8587
61 3.025 2.05359 48.2187
62 3.075 1.89893 50.4737
63 3.125 1.95586 52.8725
64 3.175 1.92831 55.3137
65 3.225 1.90726 57.805
66 3.275 1.88938 60.35
67 3.325 1.9005 62.9887
68 3.375 1.88306 65.6825
69 3.425 1.83357 68.3837
70 3.475 1.78778 71.095
71 3.525 1.83275 73.955
72 3.575 1.79508 76.8362
73 3.625 1.76332 79.7462
74 3.675 1.81369 82.8225
75 3.725 1.81267 85.9812
76 3.775 1.80827 89.2175
77 3.825 1.77423 92.4775
78 3.875 1.73471 95.7487
79 3.925 1.76768 99.1687
80 3.975 1.71719 102.576
81 4.025 1.76695 106.171
82 4.075 1.76821 109.859
83 4.125 1.78234 113.667
84 4.175 1.74219 117.481
85 4.225 1.70845 121.311
86 4.275 1.73625 125.296
87 4.325 1.67506 129.231
88 4.375 1.65571 133.211
89 4.425 1.71 137.416
90 4.475 1.69934 141.69
91 4.525 1.68095 146.012
92 4.575 1.64964 150.349
93 4.625 1.65884 154.805
94 4.675 1.61535 159.239
95 4.725 1.61344 163.763
96 4.775 1.58725 168.308
97 4.825 1.58573 172.944
98 4.875 1.59148 177.694
99 4.925 1.5737 182.487
100 4.975 1.61139 187.496
101 5.025 1.52588 192.335
102 5.075 1.60842 197.537
103 5.125 1.57188 202.722
104 5.175 1.54574 207.921
105 5.225 1.54948 213.234
106 5.275 1.54456 218.631
107 5.325 1.53886 224.111
108 5.375 1.55309 229.746
109 5.425 1.50092 235.294
110 5.475 1.46665 240.815
111 5.525 1.48718 246.516
112 5.575 1.48977 252.331
113 5.625 1.46435 258.15
114 5.675 1.4504 264.016
115 5.725 1.45949 270.024
116 5.775 1.46775 276.171
117 5.825 1.42154 282.229
118 5.875 1.40235 288.307
119 5.925 1.43974 294.655
120 5.975 1.41798 301.012
121 6.025 1.39125 307.355
122 6.075 1.38975 313.796
123 6.125 1.42499 320.51
124 6.175 1.39104 327.171
125 6.225 1.41322 334.049
126 6.275 1.35515 340.75
127 6.325 1.34351 347.5
128 6.375 1.35583 354.42
129 6.425 1.36398 361.491
130 6.475 1.34395 368.568
131 6.525 1.32951 375.676
132 6.575 1.3066 382.77
133 6.625 1.31372 390.011
134 6.675 1.31935 397.394
135 6.725 1.29739 404.762
136 6.775 1.29674 412.238
137 6.825 1.27888 419.719
138 6.875 1.28287 427.334
139 6.925 1.30759 435.209
140 6.975 1.29586 443.126
141 7.025 1.2434 450.833
142 7.075 1.25333 458.711
143 7.125 1.25031 466.683
144 7.175 1.27142 474.903
145 7.225 1.22661 482.944
146 7.275 1.21489 491.019
147 7.325 1.19057 499.041
148 7.375 1.21968 507.373
149 7.425 1.22588 515.86
150 7.475 1.17978 524.139
151 7.525 1.20037 532.675
152 7.575 1.18423 541.209
153 7.625 1.15762 549.661
154 7.675 1.16371 558.27
155 7.725 1.16687 567.015
156 7.775 1.17727 575.952
157 7.825 1.19202 585.119
158 7.875 1.15992 594.153
159 7.925 1.16181 603.316
160 7.975 1.13758 612.403
161 8.025 1.10506 621.34
162 8.075 1.12302 630.536
163 8.125 1.11647 639.793
164 8.175 1.11909 649.185
165 8.225 1.08125 658.371
166 8.275 1.12579 668.053
167 8.325 1.07712 677.428
168 8.375 1.09395 687.064
169 8.425 1.07498 696.646
170 8.475 1.10626 706.625
171 8.525 1.08538 716.531
172 8.575 1.06558 726.371
173 8.625 1.05567 736.234
174 8.675 1.04962 746.154
175 8.725 1.05423 756.232
176 8.775 1.0566 766.45
177 8.825 1.03354 776.559
178 8.875 1.02446 786.692
179 8.925 1.04075 797.104
180 8.975 1.01943 807.416
181 9.025 1.02417 817.892
182 9.075 1.01799 828.421
183 9.125 1.01607 839.046
184 9.175 1.0243 849.875
185 9.225 1.00632 860.63
186 9.275 0.982546 871.245
187 9.325 1.00821 882.255
188 9.375 0.993972 893.226
189 9.425 0.99802 904.36
190 9.475 1.00747 915.719
191 9.525 0.970482 926.776
192 9.575 0.985995 938.129
193 9.625 0.981472 949.547
194 9.675 0.953702 960.759
195 9.725 0.981703 972.419
196 9.775 0.95481 983.876
197 9.825 0.966667 995.595
198 9.875 0.938326 1007.09
199 9.925 0.947387 1018.81
200 9.975 0.920507 1030.31
5560 200
1 0.025 0 0
2 0.075 0 0
3 0.125 0 0
4 0.175 0 0
5 0.225 0 0
6 0.275 0 0
7 0.325 0 0
8 0.375 0 0
9 0.425 0 0
10 0.475 0 0
11 0.525 0 0
12 0.575 0 0
13 0.625 0 0
14 0.675 0 0
15 0.725 0 0
16 0.775 0 0
17 0.825 0 0
18 0.875 0 0
19 0.925 0.0930406 0.01
20 0.975 1.32945 0.16875
21 1.025 3.6088 0.645
22 1.075 4.74491 1.33375
23 1.125 4.72574 2.085
24 1.175 4.38983 2.84625
25 1.225 3.62103 3.52875
26 1.275 2.75491 4.09125
27 1.325 2.73234 4.69375
28 1.375 2.35302 5.2525
29 1.425 2.1565 5.8025
30 1.475 2.03109 6.3575
31 1.525 1.73748 6.865
32 1.575 1.81348 7.43
33 1.625 1.78652 8.0225
34 1.675 1.72758 8.63125
35 1.725 1.67906 9.25875
36 1.775 1.64583 9.91
37 1.825 1.9603 10.73
38 1.875 1.93925 11.5862
39 1.925 2.10841 12.5675
40 1.975 2.10253 13.5975
41 2.025 2.20144 14.7312
42 2.075 2.31854 15.985
43 2.125 2.44436 17.3712
44 2.175 2.37956 18.785
45 2.225 2.18536 20.1438
46 2.275 2.10574 21.5125
47 2.325 2.22789 23.025
48 2.375 2.05567 24.4812
49 2.425 2.08518 26.0212
50 2.475 2.00666 27.565
51 2.525 1.95764 29.1325
52 2.575 1.84633 30.67
53 2.625 1.84888 32.27
54 2.675 1.9209 33.9962
55 2.725 1.89261 35.7612
56 2.775 1.87026 37.57
57 2.825 1.91315 39.4875
58 2.875 1.91101 41.4712
59 2.925 2.03469 43.6575
60 2.975 1.99837 45.8787
61 3.025 2.02966 48.2112
62 3.075 1.90419 50.4725
63 3.125 1.95586 52.8712
64 3.175 1.9135 55.2937
65 3.225 1.9197 57.8012
66 3.275 1.89402 60.3525
67 3.325 1.8996 62.99
68 3.375 1.86471 65.6575
69 3.425 1.82848 68.3512
70 3.475 1.8158 71.105
71 3.525 1.85117 73.9937
72 3.575 1.76704 76.83
73 3.625 1.79286 79.7887
74 3.675 1.79895 82.84
75 3.725 1.80047 85.9775
76 3.775 1.82084 89.2362
77 3.825 1.77219 92.4925
78 3.875 1.74001 95.7737
79 3.925 1.77155 99.2012
80 3.975 1.72412 102.622
81 4.025 1.75957 106.202
82 4.075 1.76461 109.882
83 4.125 1.77415 113.674
84 4.175 1.73991 117.482
85 4.225 1.72183 121.342
86 4.275 1.71828 125.286
87 4.325 1.66973 129.209
88 4.375 1.67235 133.229
89 4.425 1.69424 137.395
90 4.475 1.70481 141.682
91 4.525 1.68144 146.006
92 4.575 1.6544 150.355
93 4.625 1.68071 154.87
94 4.675 1.58893 159.231
95 4.725 1.61701 163.765
96 4.775 1.60907 168.372
97 4.825 1.57889 172.989
98 4.875 1.57515 177.69
99 4.925 1.57288 182.481
100 4.975 1.61501 187.501
101 5.025 1.52548 192.339
102 5.075 1.60416 197.527
103 5.125 1.56771 202.699
104 5.175 1.56544 207.964
105 5.225 1.54401 213.257
106 5.275 1.53169 218.61
107 5.325 1.56238 224.174
108 5.375 1.54654 229.785
109 5.425 1.49855 235.324
110 5.475 1.45204 240.79
111 5.525 1.49729 246.53
112 5.575 1.4824 252.316
113 5.625 1.46906 258.154
114 5.675 1.44978 264.017
115 5.725 1.4522 269.995
116 5.775 1.48089 276.197
117 5.825 1.42096 282.252
118 5.875 1.41447 288.384
119 5.925 1.41706 294.631
120 5.975 1.41881 300.992
121 6.025 1.38659 307.314
122 6.075 1.39029 313.757
123 6.125 1.43348 320.511
124 6.175 1.39522 327.192
125 6.225 1.41708 334.089
126 6.275 1.34807 340.755
127 6.325 1.34376 347.506
128 6.375 1.36563 354.476
129 6.425 1.35675 361.51
130 6.475 1.34537 368.594
131 6.525 1.33302 375.721
132 6.575 1.30453 382.804
133 6.625 1.29671 389.951
134 6.675 1.33387 397.415
135 6.725 1.29386 404.764
136 6.775 1.30997 412.315
137 6.825 1.26413 419.71
138 6.875 1.28582 427.342
139 6.925 1.308 435.22
140 6.975 1.29525 443.134
141 7.025 1.25066 450.885
142 7.075 1.24179 458.691
143 7.125 1.25972 466.722
144 7.175 1.266 474.907
145 7.225 1.22738 482.954
146 7.275 1.20755 490.98
147 7.325 1.20244 499.082
148 7.375 1.20779 507.332
149 7.425 1.22786 515.834
150 7.475 1.1951 524.22
151 7.525 1.19035 532.685
152 7.575 1.18214 541.204
153 7.625 1.15984 549.672
154 7.675 1.16557 558.295
155 7.725 1.16404 567.019
156 7.775 1.18138 575.987
157 7.825 1.19023 585.14
158 7.875 1.16361 594.202
159 7.925 1.14295 603.217
160 7.975 1.14682 612.377
161 8.025 1.11959 621.432
162 8.075 1.1108 630.529
163 8.125 1.11738 639.792
164 8.175 1.11939 649.187
165 8.225 1.08876 658.437
166 8.275 1.12404 668.104
167 8.325 1.07827 677.489
168 8.375 1.0853 687.049
169 8.425 1.07989 696.675
170 8.475 1.10557 706.647
171 8.525 1.08743 716.572
172 8.575 1.06098 726.37
173 8.625 1.06116 736.284
174 8.675 1.04367 746.147
175 8.725 1.06038 756.285
176 8.775 1.0535 766.472
177 8.825 1.03648 776.61
178 8.875 1.02522 786.751
179 8.925 1.03163 797.071
180 8.975 1.02597 807.45
181 9.025 1.03052 817.991
182 9.075 1.01473 828.486
183 9.125 1.01045 839.052
184 9.175 1.02584 849.897
185 9.225 1.01217 860.715
186 9.275 0.982314 871.327
187 9.325 1.00191 882.269
188 9.375 0.99216 893.22
189 9.425 1.00508 904.432
190 9.475 1.00237 915.734
191 9.525 0.972018 926.809
192 9.575 0.983715 938.135
193 9.625 0.985232 949.597
194 9.675 0.954021 960.812
195 9.725 0.970758 972.342
196 9.775 0.967831 983.956
197 9.825 0.96842 995.696
198 9.875 0.939959 1007.21
199 9.925 0.940011 1018.84
200 9.975 0.925809 1030.4
5561 200
1 0.025 0 0
2 0.075 0 0
3 0.125 0 0
4 0.175 0 0
5 0.225 0 0
6 0.275 0 0
7 0.325 0 0
8 0.375 0 0
9 0.425 0 0
10 0.475 0 0
11 0.525 0 0
12 0.575 0 0
13 0.625 0 0
14 0.675 0 0
15 0.725 0 0
16 0.775 0 0
17 0.825 0 0
18 0.875 0 0
19 0.925 0.0581504 0.00625
20 0.975 1.57021 0.19375
21 1.025 3.34359 0.635
22 1.075 4.92575 1.35
23 1.125 4.71001 2.09875
24 1.175 4.33216 2.85
25 1.225 3.68071 3.54375
26 1.275 2.75491 4.10625
27 1.325 2.74368 4.71125
28 1.375 2.28985 5.255
29 1.425 2.18101 5.81125
30 1.475 2.00364 6.35875
31 1.525 1.75032 6.87
32 1.575 1.82953 7.44
33 1.625 1.6923 8.00125
34 1.675 1.79853 8.635
35 1.725 1.68575 9.265
36 1.775 1.61424 9.90375
37 1.825 2.01708 10.7475
38 1.875 1.87131 11.5738
39 1.925 2.12184 12.5613
40 1.975 2.14335 13.6113
41 2.025 2.20144 14.745
42 2.075 2.30236 15.99
43 2.125 2.42012 17.3625
44 2.175 2.37325 18.7725
45 2.225 2.18134 20.1288
46 2.275 2.11921 21.5063
47 2.325 2.25183 23.035
48 2.375 2.0345 24.4763
49 2.425 2.0801 26.0125
50 2.475 2.03266 27.5763
51 2.525 1.94203 29.1313
52 2.575 1.86734 30.6863
53 2.625 1.83011 32.27
54 2.675 1.91395 33.99
55 2.725 1.90869 35.77
56 2.775 1.87931 37.5875
57 2.825 1.90567 39.4975
58 2.875 1.90739 41.4775
59 2.925 2.00445 43.6313
60 2.975 2.01748 45.8738
61 3.025 2.02966 48.2063
62 3.075 1.87682 50.435
63 3.125 1.97624 52.8588
64 3.175 1.90659 55.2725
65 3.225 1.92258 57.7837
66 3.275 1.91443 60.3625
67 3.325 1.8834 62.9775
68 3.375 1.85422 65.63
69 3.425 1.84715 68.3512
70 3.475 1.8191 71.11
71 3.525 1.83515 73.9737
72 3.575 1.77561 76.8237
73 3.625 1.80953 79.81
74 3.675 1.78568 82.8387
75 3.725 1.80693 85.9875
76 3.775 1.82573 89.255
77 3.825 1.76879 92.505
78 3.875 1.72476 95.7575
79 3.925 1.75798 99.1587
80 3.975 1.75435 102.64
81 4.025 1.7651 106.231
82 4.075 1.75022 109.881
83 4.125 1.77474 113.674
84 4.175 1.74961 117.504
85 4.225 1.72462 121.37
86 4.275 1.70466 125.282
87 4.325 1.67772 129.224
88 4.375 1.66923 133.236
89 4.425 1.68306 137.375
90 4.475 1.71723 141.694
91 4.525 1.66831 145.984
92 4.575 1.64869 150.317
93 4.625 1.68164 154.835
94 4.675 1.60487 159.24
95 4.725 1.61656 163.772
96 4.775 1.59423 168.337
97 4.825 1.6007 173.017
98 4.875 1.55672 177.664
99 4.925 1.57739 182.469
100 4.975 1.61984 187.504
101 5.025 1.53652 192.376
102 5.075 1.59025 197.52
103 5.125 1.55862 202.661
104 5.175 1.5725 207.95
105 5.225 1.55786 213.291
106 5.275 1.53312 218.649
107 5.325 1.5515 224.174
108 5.375 1.55309 229.809
109 5.425 1.4955 235.336
110 5.475 1.46201 240.84
111 5.525 1.4787 246.509
112 5.575 1.48336 252.299
113 5.625 1.47252 258.15
114 5.675 1.44855 264.009
115 5.725 1.45888 270.014
116 5.775 1.48208 276.221
117 5.825 1.42565 282.296
118 5.875 1.39716 288.352
119 5.925 1.42358 294.629
120 5.975 1.41435 300.97
121 6.025 1.39646 307.336
122 6.075 1.39622 313.807
123 6.125 1.42499 320.521
124 6.175 1.39888 327.22
125 6.225 1.41656 334.114
126 6.275 1.34302 340.755
127 6.325 1.35247 347.55
128 6.375 1.36097 354.496
129 6.425 1.35964 361.545
130 6.475 1.34348 368.619
131 6.525 1.32717 375.715
132 6.575 1.30384 382.794
133 6.625 1.30691 389.998
134 6.675 1.33231 397.452
135 6.725 1.29496 404.808
136 6.775 1.29891 412.295
137 6.825 1.26584 419.7
138 6.875 1.29614 427.394
139 6.925 1.30946 435.28
140 6.975 1.28584 443.136
141 7.025 1.25792 450.933
142 7.075 1.23702 458.709
143 7.125 1.25442 466.706
144 7.175 1.26388 474.878
145 7.225 1.23462 482.971
146 7.275 1.19853 490.938
147 7.325 1.21468 499.123
148 7.375 1.20284 507.339
149 7.425 1.23147 515.865
150 7.475 1.19902 524.279
151 7.525 1.18332 532.694
152 7.575 1.18145 541.207
153 7.625 1.16515 549.715
154 7.675 1.16776 558.354
155 7.725 1.15786 567.031
156 7.775 1.18731 576.045
157 7.825 1.18308 585.142
158 7.875 1.16473 594.214
159 7.925 1.14263 603.226
160 7.975 1.14838 612.399
161 8.025 1.11557 621.421
162 8.075 1.11248 630.531
163 8.125 1.1222 639.835
164 8.175 1.11805 649.219
165 8.225 1.08964 658.476
166 8.275 1.11125 668.033
167 8.325 1.08588 677.484
168 8.375 1.09026 687.087
169 8.425 1.0911 696.814
170 8.475 1.09753 706.714
171 8.525 1.07524 716.528
172 8.575 1.05868 726.304
173 8.625 1.06678 736.27
174 8.675 1.05676 746.257
175 8.725 1.05907 756.382
176 8.775 1.04691 766.506
177 8.825 1.04198 776.697
178 8.875 1.02092 786.796
179 8.925 1.02663 797.066
180 8.975 1.02597 807.445
181 9.025 1.03333 818.015
182 9.075 1.01739 828.537
183 9.125 1.01559 839.157
184 9.175 1.02111 849.952
185 9.225 1.00492 860.692
186 9.275 0.990529 871.394
187 9.325 0.996876 882.28
188 9.375 0.99703 893.285
189 9.425 0.998805 904.427
190 9.475 0.997604 915.675
191 9.525 0.980027 926.841
192 9.575 0.983932 938.17
193 9.625 0.985877 949.64
194 9.675 0.957849 960.9
195 9.725 0.960128 972.304
196 9.775 0.976061 984.016
197 9.825 0.967183 995.741
198 9.875 0.935978 1007.2
199 9.925 0.935565 1018.78
200 9.975 0.933111 1030.44
5562 200
1 0.025 0 0
2 0.075 0 0
3 0.125 0 0
4 0.175 0 0
5 0.225 0 0
6 0.275 0 0
7 0.325 0 0
8 0.375 0 0
9 0.425 0 0
10 0.475 0 0
11 0.525 0 0
12 0.575 0 0
13 0.625 0 0
14 0.675 0 0
15 0.725 0 0
16 0.775 0 0
17 0.825 0 0
18 0.875 0 0
19 0.925 0.0465203 0.005
20 0.975 1.57021 0.1925
21 1.025 3.38147 0.63875
22 1.075 4.84825 1.3425
23 1.125 4.74933 2.0975
24 1.175 4.25287 2.835
25 1.225 3.7603 3.54375
26 1.275 2.73655 4.1025
27 1.325 2.71534 4.70125
28 1.375 2.31091 5.25
29 1.425 2.20061 5.81125
30 1.475 1.98534 6.35375
31 1.525 1.75887 6.8675
32 1.575 1.87767 7.4525
33 1.625 1.62823 7.9925
34 1.675 1.85174 8.645
35 1.725 1.6523 9.2625
36 1.775 1.64583 9.91375
37 1.825 1.99915 10.75
38 1.875 1.85998 11.5712
39 1.925 2.12721 12.5612
40 1.975 2.11528 13.5975
41 2.025 2.22571 14.7437
42 2.075 2.32548 16.0012
43 2.125 2.37603 17.3487
44 2.175 2.36483 18.7538
45 2.225 2.20948 20.1275
46 2.275 2.12882 21.5113
47 2.325 2.22789 23.0237
48 2.375 2.02391 24.4575
49 2.425 2.0801 25.9937
50 2.475 2.00828 27.5388
51 2.525 1.9873 29.13
52 2.575 1.86734 30.685
53 2.625 1.86333 32.2975
54 2.675 1.88891 33.995
55 2.725 1.89529 35.7625
56 2.775 1.88577 37.5862
57 2.825 1.92188 39.5125
58 2.875 1.91582 41.5012
59 2.925 1.96024 43.6075
60 2.975 2.02536 45.8588
61 3.025 2.03183 48.1938
62 3.075 1.87893 50.425
63 3.125 1.96095 52.83
64 3.175 1.93325 55.2775
65 3.225 1.9264 57.7938
66 3.275 1.91258 60.37
67 3.325 1.8798 62.98
68 3.375 1.85335 65.6313
69 3.425 1.82084 68.3138
70 3.475 1.81663 71.0688
71 3.525 1.84156 73.9425
72 3.575 1.78963 76.815
73 3.625 1.79968 79.785
74 3.675 1.79673 82.8325
75 3.725 1.7933 85.9575
76 3.775 1.84319 89.2563
77 3.825 1.77015 92.5088
78 3.875 1.7294 95.77
79 3.925 1.75217 99.16
80 3.975 1.76191 102.656
81 4.025 1.75834 106.234
82 4.075 1.75502 109.894
83 4.125 1.75075 113.635
84 4.175 1.77474 117.52
85 4.225 1.738 121.416
86 4.275 1.68724 125.289
87 4.325 1.68729 129.252
88 4.375 1.65363 133.227
89 4.425 1.67849 137.355
90 4.475 1.74208 141.736
91 4.525 1.65859 146.001
92 4.575 1.65345 150.347
93 4.625 1.66768 154.827
94 4.675 1.60077 159.221
95 4.725 1.63573 163.807
96 4.775 1.58899 168.357
97 4.825 1.5883 173.001
98 4.875 1.57766 177.71
99 4.925 1.56754 182.485
100 4.975 1.60817 187.484
101 5.025 1.55268 192.408
102 5.075 1.57943 197.516
103 5.125 1.56316 202.673
104 5.175 1.57956 207.985
105 5.225 1.53854 213.26
106 5.275 1.54707 218.666
107 5.325 1.53886 224.146
108 5.375 1.56893 229.839
109 5.425 1.48942 235.344
110 5.475 1.46134 240.845
111 5.525 1.47773 246.51
112 5.575 1.47568 252.27
113 5.625 1.4914 258.196
114 5.675 1.43556 264.002
115 5.725 1.46708 270.041
116 5.775 1.49103 276.286
117 5.825 1.4148 282.315
118 5.875 1.40754 288.416
119 5.925 1.40856 294.626
120 5.975 1.40404 300.921
121 6.025 1.40825 307.341
122 6.075 1.40135 313.836
123 6.125 1.41942 320.524
124 6.175 1.40984 327.275
125 6.225 1.3973 334.075
126 6.275 1.35288 340.765
127 6.325 1.35197 347.558
128 6.375 1.36416 354.52
129 6.425 1.36278 361.585
130 6.475 1.34158 368.649
131 6.525 1.32577 375.738
132 6.575 1.30131 382.803
133 6.625 1.31054 390.026
134 6.675 1.33812 397.514
135 6.725 1.28572 404.816
136 6.775 1.29197 412.264
137 6.825 1.27353 419.714
138 6.875 1.29488 427.4
139 6.925 1.31174 435.3
140 6.975 1.28625 443.159
141 7.025 1.2553 450.939
142 7.075 1.2412 458.741
143 7.125 1.26168 466.785
144 7.175 1.25324 474.887
145 7.225 1.22947 482.947
146 7.275 1.20981 490.989
147 7.325 1.19947 499.071
148 7.375 1.22114 507.412
149 7.425 1.21721 515.84
150 7.475 1.21114 524.339
151 7.525 1.17892 532.722
152 7.575 1.17607 541.197
153 7.625 1.17166 549.752
154 7.675 1.17925 558.476
155 7.725 1.14369 567.047
156 7.775 1.19472 576.117
157 7.825 1.18178 585.205
158 7.875 1.15494 594.2
159 7.925 1.14279 603.214
160 7.975 1.14979 612.397
161 8.025 1.12423 621.49
162 8.075 1.10836 630.566
163 8.125 1.12567 639.899
164 8.175 1.10956 649.211
165 8.225 1.09184 658.487
166 8.275 1.11474 668.074
167 8.325 1.09378 677.594
168 8.375 1.08232 687.127
169 8.425 1.09699 696.906
170 8.475 1.08908 706.73
171 8.525 1.07661 716.556
172 8.575 1.05976 726.342
173 8.625 1.06678 736.309
174 8.675 1.05465 746.276
175 8.725 1.05672 756.379
176 8.775 1.0491 766.524
177 8.825 1.04377 776.732
178 8.875 1.02142 786.836
179 8.925 1.02076 797.047
180 8.975 1.02931 807.46
181 9.025 1.03236 818.02
182 9.075 1.0221 828.591
183 9.125 1.0083 839.135
184 9.175 1.02643 849.986
185 9.225 1.0034 860.71
186 9.275 0.994694 871.456
187 9.325 0.994244 882.314
188 9.375 0.994085 893.286
189 9.425 1.00217 904.466
190 9.475 0.998158 915.72
191 9.525 0.981673 926.905
192 9.575 0.978178 938.167
193 9.625 0.992968 949.72
194 9.675 0.953383 960.927
195 9.725 0.960654 972.337
196 9.775 0.983457 984.139
197 9.825 0.958006 995.752
198 9.875 0.943021 1007.3
199 9.925 0.925864 1018.75
200 9.975 0.940614 1030.51
