# Time-averaged data for fix ave_rdf
# TimeStep Number-of-rows
# Row c_myRDF[1] c_myRDF[2] c_myRDF[3]
5362 200
1 0.025 0 0
2 0.075 0 0
3 0.125 0 0
4 0.175 0 0
5 0.225 0 0
6 0.275 0 0
7 0.325 0 0
8 0.375 0 0
9 0.425 0 0
10 0.475 0 0
11 0.525 0 0
12 0.575 0 0
13 0.625 0 0
14 0.675 0 0
15 0.725 0 0
16 0.775 0 0
17 0.825 0 0
18 0.875 0 0
19 0.925 0.0232601 0.0025
20 0.975 0.355915 0.045
21 1.025 1.17452 0.2
22 1.075 1.96341 0.485
23 1.125 2.06014 0.8125
24 1.175 1.67952 1.10375
25 1.225 1.79062 1.44125
26 1.275 1.43868 1.735
27 1.325 1.30382 2.0225
28 1.375 1.16335 2.29875
29 1.425 0.98513 2.55
30 1.475 0.855436 2.78375
31 1.525 0.924372 3.05375
32 1.575 0.918776 3.34
33 1.625 0.829189 3.615
34 1.675 0.971987 3.9575
35 1.725 0.889702 4.29
36 1.775 1.02351 4.695
37 1.825 0.92935 5.08375
38 1.875 0.988027 5.52
39 1.925 0.934684 5.955
40 1.975 1.03085 6.46
41 2.025 1.00242 6.97625
42 2.075 0.996304 7.515
43 2.125 1.04916 8.11
44 2.175 1.0162 8.71375
45 2.225 1.01327 9.34375
46 2.275 1.02883 10.0125
47 2.325 1.02557 10.7087
48 2.375 1.04989 11.4525
49 2.425 1.02397 12.2087
50 2.475 0.994393 12.9737
51 2.525 0.969452 13.75
52 2.575 1.05826 14.6312
53 2.625 0.966331 15.4675
54 2.675 1.02652 16.39
55 2.725 1.02807 17.3487
56 2.775 0.982308 18.2987
57 2.825 0.970293 19.2712
58 2.875 1.0404 20.3512
59 2.925 0.996989 21.4225
60 2.975 0.989624 22.5225
61 3.025 0.978934 23.6475
62 3.075 0.970516 24.8
63 3.125 0.983535 26.0062
64 3.175 0.980448 27.2475
65 3.225 0.957938 28.4987
66 3.275 0.970672 29.8062
67 3.325 0.980411 31.1675
68 3.375 0.955946 32.535
69 3.425 1.07503 34.1187
70 3.475 0.990738 35.6212
71 3.525 1.00449 37.1887
72 3.575 1.02098 38.8275
73 3.625 1.01649 40.505
74 3.675 0.973538 42.1562
75 3.725 0.964795 43.8375
76 3.775 0.995981 45.62
77 3.825 0.9878 47.435
78 3.875 0.989651 49.3012
79 3.925 1.0305 51.295
80 3.975 1.01734 53.3137
81 4.025 1.01495 55.3787
82 4.075 1.05433 57.5775
83 4.125 0.994414 59.7025
84 4.175 1.00671 61.9062
85 4.225 1.00979 64.17
86 4.275 1.02225 66.5162
87 4.325 1.00248 68.8712
88 4.375 0.995297 71.2637
89 4.425 0.947516 73.5937
90 4.475 1.0204 76.16
91 4.525 0.974641 78.6662
92 4.575 1.0167 81.3387
93 4.625 0.975759 83.96
94 4.675 0.994164 86.6887
95 4.725 1.01068 89.5225
96 4.775 0.996177 92.375
97 4.825 0.987609 95.2625
98 4.875 0.995096 98.2325
99 4.925 1.00413 101.291
100 4.975 0.990883 104.371
101 5.025 0.996884 107.532
102 5.075 0.99782 110.76
103 5.125 1.00876 114.087
104 5.175 0.987505 117.409
105 5.225 1.04015 120.975
106 5.275 1.00765 124.496
107 5.325 1.01936 128.126
108 5.375 0.989455 131.716
109 5.425 0.99565 135.396
110 5.475 0.997803 139.153
111 5.525 0.997759 142.977
112 5.575 1.0046 146.899
113 5.625 1.0079 150.904
114 5.675 1.02668 155.056
115 5.725 1.01156 159.22
116 5.775 0.975021 163.304
117 5.825 1.01673 167.636
118 5.875 1.02372 172.074
119 5.925 0.98752 176.427
120 5.975 1.0034 180.926
121 6.025 0.979689 185.392
122 6.075 0.997071 190.014
123 6.125 1.04188 194.922
124 6.175 1.00472 199.734
125 6.225 1.00225 204.611
126 6.275 0.962079 209.369
127 6.325 1.00266 214.406
128 6.375 1.00585 219.54
129 6.425 0.976513 224.602
130 6.475 0.988555 229.807
131 6.525 0.982346 235.06
132 6.575 1.01858 240.59
133 6.625 0.988745 246.04
134 6.675 1.00906 251.686
135 6.725 1.02822 257.526
136 6.775 1.00595 263.325
137 6.825 0.993613 269.137
138 6.875 1.00469 275.101
139 6.925 0.997087 281.106
140 6.975 0.991845 287.166
141 7.025 0.986248 293.279
142 7.075 1.02565 299.726
143 7.125 1.00366 306.125
144 7.175 1.01002 312.655
145 7.225 0.984265 319.107
146 7.275 0.995231 325.722
147 7.325 0.996531 332.437
148 7.375 0.985626 339.17
149 7.425 0.983771 345.981
150 7.475 0.982945 352.879
151 7.525 1.01053 360.065
152 7.575 0.985092 367.164
153 7.625 1.00354 374.491
154 7.675 1.0118 381.976
155 7.725 1.00175 389.484
156 7.775 1.01327 397.176
157 7.825 0.991263 404.799
158 7.875 0.984654 412.467
159 7.925 0.990018 420.276
160 7.975 1.008 428.327
161 8.025 0.999501 436.411
162 8.075 0.993725 444.549
163 8.125 1.00023 452.841
164 8.175 1.00575 461.282
165 8.225 0.995917 469.744
166 8.275 0.997872 478.325
167 8.325 1.0135 487.146
168 8.375 0.974752 495.732
169 8.425 1.01524 504.782
170 8.475 1.00399 513.839
171 8.525 0.997178 522.94
172 8.575 1.01374 532.301
173 8.625 0.999477 541.639
174 8.675 1.0114 551.197
175 8.725 1.01448 560.896
176 8.775 0.99533 570.521
177 8.825 1.01603 580.459
178 8.875 0.994256 590.294
179 8.925 1.01376 600.435
180 8.975 0.982109 610.37
181 9.025 1.01329 620.735
182 9.075 0.998412 631.061
183 9.125 0.999335 641.511
184 9.175 0.994739 652.028
185 9.225 1.01135 662.836
186 9.275 0.98 673.424
187 9.325 1.00363 684.384
188 9.375 1.01685 695.608
189 9.425 0.982109 706.564
190 9.475 0.999267 717.83
191 9.525 0.992973 729.144
192 9.575 1.01726 740.856
193 9.625 0.995117 752.434
194 9.675 0.992514 764.101
195 9.725 0.999068 775.968
196 9.775 0.998249 787.946
197 9.825 1.00585 800.14
198 9.875 1.00069 812.395
199 9.925 1.00165 824.786
200 9.975 1.01914 837.521
5363 200
1 0.025 0 0
2 0.075 0 0
3 0.125 0 0
4 0.175 0 0
5 0.225 0 0
6 0.275 0 0
7 0.325 0 0
8 0.375 0 0
9 0.425 0 0
10 0.475 0 0
11 0.525 0 0
12 0.575 0 0
13 0.625 0 0
14 0.675 0 0
15 0.725 0 0
16 0.775 0 0
17 0.825 0 0
18 0.875 0 0
19 0.925 0.0348902 0.00375
20 0.975 0.355915 0.04625
21 1.025 1.11769 0.19375
22 1.075 1.96341 0.47875
23 1.125 2.08373 0.81
24 1.175 1.65069 1.09625
25 1.225 1.78399 1.4325
26 1.275 1.51214 1.74125
27 1.325 1.29248 2.02625
28 1.375 1.16335 2.3025
29 1.425 0.98513 2.55375
30 1.475 0.850862 2.78625
31 1.525 0.907254 3.05125
32 1.575 0.898715 3.33125
33 1.625 0.866879 3.61875
34 1.675 0.950702 3.95375
35 1.725 0.886358 4.285
36 1.775 1.02983 4.6925
37 1.825 0.923373 5.07875
38 1.875 1.00218 5.52125
39 1.925 0.9508 5.96375
40 1.975 1.03085 6.46875
41 2.025 1.01698 6.9925
42 2.075 0.959318 7.51125
43 2.125 1.05136 8.1075
44 2.175 1.00779 8.70625
45 2.225 1.01729 9.33875
46 2.275 1.03653 10.0125
47 2.325 1.02925 10.7112
48 2.375 1.04284 11.45
49 2.425 1.02566 12.2075
50 2.475 0.994393 12.9725
51 2.525 0.960085 13.7413
52 2.575 1.04925 14.615
53 2.625 0.976442 15.46
54 2.675 1.03765 16.3925
55 2.725 1.01332 17.3375
56 2.775 0.996525 18.3013
57 2.825 0.951586 19.255
58 2.875 1.05725 20.3525
59 2.925 0.984192 21.41
60 2.975 1.00762 22.53
61 3.025 0.96697 23.6413
62 3.075 0.990516 24.8175
63 3.125 0.965189 26.0013
64 3.175 0.978473 27.24
65 3.225 0.960809 28.495
66 3.275 0.979951 29.815
67 3.325 0.988513 31.1875
68 3.375 0.940218 32.5325
69 3.425 1.08012 34.1238
70 3.475 0.999805 35.64
71 3.525 0.993271 37.19
72 3.575 1.00851 38.8088
73 3.625 1.02255 40.4963
74 3.675 0.976486 42.1525
75 3.725 0.96336 43.8313
76 3.775 1.00157 45.6238
77 3.825 0.98712 47.4375
78 3.875 0.990314 49.305
79 3.925 1.02727 51.2925
80 3.975 1.01734 53.3112
81 4.025 1.02724 55.4012
82 4.075 1.02796 57.545
83 4.125 1.00845 59.7
84 4.175 0.997577 61.8837
85 4.225 1.02986 64.1925
86 4.275 1.01572 66.5237
87 4.325 1.0078 68.8912
88 4.375 0.970857 71.225
89 4.425 0.980048 73.635
90 4.475 0.993062 76.1325
91 4.525 0.995057 78.6912
92 4.575 0.99435 81.305
93 4.625 0.987857 83.9587
94 4.675 0.988699 86.6725
95 4.725 1.00712 89.4963
96 4.775 1.00753 92.3813
97 4.825 0.974783 95.2313
98 4.875 1.01604 98.2638
99 4.925 0.997563 101.302
100 4.975 0.988068 104.374
101 5.025 0.998461 107.54
102 5.075 0.999752 110.774
103 5.125 1.00384 114.085
104 5.175 0.986018 117.401
105 5.225 1.03432 120.948
106 5.275 1.01051 124.479
107 5.325 1.02357 128.124
108 5.375 0.988421 131.71
109 5.425 0.994974 135.388
110 5.475 1.00079 139.155
111 5.525 0.998737 142.984
112 5.575 0.995314 146.869
113 5.625 1.01356 150.896
114 5.675 1.0239 155.038
115 5.725 1.01703 159.224
116 5.775 0.970246 163.288
117 5.825 1.0138 167.608
118 5.875 1.02834 172.065
119 5.925 0.986102 176.413
120 5.975 1.00061 180.899
121 6.025 0.981882 185.375
122 6.075 1.00193 190.019
123 6.125 1.04533 194.944
124 6.175 1.00576 199.76
125 6.225 0.997117 204.613
126 6.275 0.96941 209.406
127 6.325 1.00963 214.479
128 6.375 0.984544 219.504
129 6.425 0.985194 224.611
130 6.475 0.98808 229.814
131 6.525 0.987256 235.093
132 6.575 1.01052 240.579
133 6.625 0.988972 246.03
134 6.675 1.01219 251.694
135 6.725 1.0214 257.495
136 6.775 1.00161 263.269
137 6.825 1.00772 269.164
138 6.875 0.992901 275.058
139 6.925 1.00394 281.104
140 6.975 0.991641 287.162
141 7.025 0.99008 293.299
142 7.075 1.02286 299.729
143 7.125 1.00738 306.151
144 7.175 1.00886 312.674
145 7.225 0.976829 319.077
146 7.275 0.996359 325.7
147 7.325 0.999128 332.433
148 7.375 0.991848 339.207
149 7.425 0.978355 345.981
150 7.475 0.983658 352.884
151 7.525 1.00666 360.042
152 7.575 0.988388 367.165
153 7.625 0.995326 374.432
154 7.675 1.02397 382.007
155 7.725 1.00208 389.517
156 7.775 1.0029 397.131
157 7.825 1.00167 404.834
158 7.875 0.982568 412.486
159 7.925 0.989384 420.29
160 7.975 1.00378 428.307
161 8.025 1.00197 436.411
162 8.075 0.991435 444.53
163 8.125 1.00445 452.857
164 8.175 1.00531 461.295
165 8.225 0.991503 469.719
166 8.275 0.997 478.292
167 8.325 1.01752 487.149
168 8.375 0.98057 495.786
169 8.425 1.00528 504.747
170 8.475 1.00468 513.81
171 8.525 1.00375 522.971
172 8.575 1.00751 532.275
173 8.625 0.999878 541.616
174 8.675 1.01841 551.241
175 8.725 1.00886 560.886
176 8.775 0.993908 570.497
177 8.825 1.01539 580.429
178 8.875 0.994256 590.264
179 8.925 1.01901 600.457
180 8.975 0.983838 610.41
181 9.025 1.00828 620.724
182 9.075 0.999379 631.06
183 9.125 0.998618 641.502
184 9.175 0.994739 652.019
185 9.225 1.01112 662.825
186 9.275 0.980926 673.422
187 9.325 1.00145 684.359
188 9.375 1.01606 695.574
189 9.425 0.983006 706.54
190 9.475 1.00592 717.881
191 9.525 0.987597 729.134
192 9.575 1.02095 740.889
193 9.625 0.997695 752.496
194 9.675 0.983794 764.061
195 9.725 1.00244 775.967
196 9.775 0.997415 787.936
197 9.825 1.00977 800.177
198 9.875 0.992831 812.336
199 9.925 1.00791 824.805
200 9.975 1.01474 837.485
5364 200
1 0.025 0 0
2 0.075 0 0
3 0.125 0 0
4 0.175 0 0
5 0.225 0 0
6 0.275 0 0
7 0.325 0 0
8 0.375 0 0
9 0.425 0 0
10 0.475 0 0
11 0.525 0 0
12 0.575 0 0
13 0.625 0 0
14 0.675 0 0
15 0.725 0 0
16 0.775 0 0
17 0.825 0 0
18 0.875 0 0
19 0.925 0.0348902 0.00375
20 0.975 0.324511 0.0425
21 1.025 1.15557 0.195
22 1.075 1.98925 0.48375
23 1.125 2.01296 0.80375
24 1.175 1.75882 1.10875
25 1.225 1.78399 1.445
26 1.275 1.46929 1.745
27 1.325 1.28681 2.02875
28 1.375 1.15809 2.30375
29 1.425 0.960624 2.54875
30 1.475 0.882883 2.79
31 1.525 0.915813 3.0575
32 1.575 0.87063 3.32875
33 1.625 0.86311 3.615
34 1.675 0.979082 3.96
35 1.725 0.876323 4.2875
36 1.775 1.01087 4.6875
37 1.825 0.962221 5.09
38 1.875 0.982365 5.52375
39 1.925 0.953486 5.9675
40 1.975 1.04106 6.4775
41 2.025 0.995138 6.99
42 2.075 0.984746 7.5225
43 2.125 1.03373 8.10875
44 2.175 0.993061 8.69875
45 2.225 1.03739 9.34375
46 2.275 1.03653 10.0175
47 2.325 1.03846 10.7225
48 2.375 1.03931 11.4587
49 2.425 1.01889 12.2112
50 2.475 1.00414 12.9837
51 2.525 0.953841 13.7475
52 2.575 1.03875 14.6125
53 2.625 0.957665 15.4412
54 2.675 1.05017 16.385
55 2.725 1.01869 17.335
56 2.775 0.986185 18.2887
57 2.825 0.961563 19.2525
58 2.875 1.05966 20.3525
59 2.925 0.981865 21.4075
60 2.975 1.01212 22.5325
61 3.025 0.969145 23.6462
62 3.075 0.971569 24.8
63 3.125 0.969266 25.9887
64 3.175 0.973536 27.2212
65 3.225 0.968465 28.4862
66 3.275 0.964176 29.785
67 3.325 1.01102 31.1887
68 3.375 0.934975 32.5262
69 3.425 1.07842 34.115
70 3.475 1.00393 35.6375
71 3.525 0.991669 37.185
72 3.575 1.01474 38.8137
73 3.625 1.02179 40.5
74 3.675 0.974275 42.1525
75 3.725 0.975554 43.8525
76 3.775 0.98271 45.6112
77 3.825 0.995284 47.44
78 3.875 0.999594 49.325
79 3.925 0.994964 51.25
80 3.975 1.03308 53.3
81 4.025 1.04075 55.4175
82 4.075 1.02556 57.5562
83 4.125 1.0026 59.6987
84 4.175 1.005 61.8987
85 4.225 1.01481 64.1737
86 4.275 1.03859 66.5575
87 4.325 0.995562 68.8962
88 4.375 0.970337 71.2287
89 4.425 0.983607 73.6475
90 4.475 0.983619 76.1212
91 4.525 1.00283 78.7
92 4.575 1.00053 81.33
93 4.625 0.972967 83.9437
94 4.675 0.993253 86.67
95 4.725 1.0147 89.515
96 4.775 0.992248 92.3562
97 4.825 0.984189 95.2337
98 4.875 1.00892 98.245
99 4.925 1.00003 101.291
100 4.975 0.97721 104.329
101 5.025 1.00516 107.516
102 5.075 1.00362 110.762
103 5.125 1.01066 114.096
104 5.175 0.991965 117.432
105 5.225 1.02739 120.955
106 5.275 1.01767 124.511
107 5.325 1.01128 128.112
108 5.375 0.990144 131.705
109 5.425 0.98821 135.357
110 5.475 0.999463 139.12
111 5.525 1.00298 142.965
112 5.575 0.995954 146.852
113 5.625 1.02614 150.93
114 5.675 1.01339 155.029
115 5.725 1.01521 159.207
116 5.775 0.976514 163.297
117 5.825 1.01292 167.614
118 5.875 1.02978 172.077
119 5.925 0.985535 176.422
120 5.975 1.00368 180.922
121 6.025 0.977221 185.377
122 6.075 0.991677 189.974
123 6.125 1.04984 194.92
124 6.175 1.01255 199.769
125 6.225 0.999686 204.634
126 6.275 0.979268 209.476
127 6.325 0.999674 214.499
128 6.375 0.979646 219.499
129 6.425 0.988328 224.622
130 6.475 0.992591 229.849
131 6.525 0.98445 235.112
132 6.575 1.00246 240.555
133 6.625 0.987838 246
134 6.675 1.01956 251.705
135 6.725 1.01062 257.445
136 6.775 1.02308 263.342
137 6.825 0.992759 269.15
138 6.875 0.986163 275.004
139 6.925 1.01058 281.09
140 6.975 1.00044 287.202
141 7.025 0.98887 293.331
142 7.075 1.01531 299.714
143 7.125 1.0117 306.164
144 7.175 1.0048 312.66
145 7.225 0.966151 318.994
146 7.275 1.00275 325.659
147 7.325 1.0084 332.454
148 7.375 0.99441 339.246
149 7.425 0.973841 345.989
150 7.475 0.986152 352.909
151 7.525 0.990316 359.951
152 7.575 1.0007 367.163
153 7.625 0.99584 374.434
154 7.675 1.02042 381.983
155 7.725 1.00592 389.521
156 7.775 1.00339 397.139
157 7.825 1.00248 404.848
158 7.875 0.982728 412.501
159 7.925 0.990177 420.311
160 7.975 0.999709 428.296
161 8.025 1.00166 436.398
162 8.075 1.0038 444.618
163 8.125 1.00189 452.924
164 8.175 0.996966 461.291
165 8.225 0.992239 469.721
166 8.275 0.991186 478.245
167 8.325 1.01393 487.07
168 8.375 0.989369 495.785
169 8.425 1.0043 504.738
170 8.475 1.00385 513.793
171 8.525 1.00183 522.936
172 8.575 1.00792 532.244
173 8.625 1.00349 541.619
174 8.675 1.01616 551.222
175 8.725 1.00285 560.81
176 8.775 1.00128 570.492
177 8.825 1.01079 580.379
178 8.875 1.00133 590.284
179 8.925 1.01876 600.475
180 8.975 0.982974 610.419
181 9.025 1.00731 620.722
182 9.075 1.00458 631.112
183 9.125 1.00077 641.577
184 9.175 0.990128 652.045
185 9.225 1.0048 662.784
186 9.275 0.985554 673.431
187 9.325 1.00775 684.436
188 9.375 1.0096 695.58
189 9.425 0.983902 706.556
190 9.475 1.00315 717.866
191 9.525 0.997909 729.236
192 9.575 1.00619 740.821
193 9.625 1.00618 752.527
194 9.675 0.98188 764.07
195 9.725 0.998963 775.935
196 9.775 0.992832 787.849
197 9.825 1.01441 800.146
198 9.875 0.993852 812.317
199 9.925 1.01165 824.832
200 9.975 1.01484 837.514
5365 200
1 0.025 0 0
2 0.075 0 0
3 0.125 0 0
4 0.175 0 0
5 0.225 0 0
6 0.275 0 0
7 0.325 0 0
8 0.375 0 0
9 0.425 0 0
10 0.475 0 0
11 0.525 0 0
12 0.575 0 0
13 0.625 0 0
14 0.675 0 0
15 0.725 0 0
16 0.775 0 0
17 0.825 0 0
18 0.875 0 0
19 0.925 0.0348902 0.00375
20 0.975 0.293106 0.03875
21 1.025 1.12716 0.1875
22 1.075 2.04953 0.485
23 1.125 1.89501 0.78625
24 1.175 1.84531 1.10625
25 1.225 1.81715 1.44875
26 1.275 1.45092 1.745
27 1.325 1.32649 2.0375
28 1.375 1.09492 2.2975
29 1.425 0.975327 2.54625
30 1.475 0.873734 2.785
31 1.525 0.902975 3.04875
32 1.575 0.890691 3.32625
33 1.625 0.904569 3.62625
34 1.675 0.936513 3.95625
35 1.725 0.866289 4.28
36 1.775 1.05194 4.69625
37 1.825 0.932338 5.08625
38 1.875 0.973872 5.51625
39 1.925 0.966915 5.96625
40 1.975 1.03595 6.47375
41 2.025 1.01456 6.99625
42 2.075 0.970876 7.52125
43 2.125 1.05357 8.11875
44 2.175 0.999373 8.7125
45 2.225 0.987131 9.32625
46 2.275 1.06729 10.02
47 2.325 1.02004 10.7125
48 2.375 1.0746 11.4737
49 2.425 0.993507 12.2075
50 2.475 0.987893 12.9675
51 2.525 0.971013 13.745
52 2.575 1.03725 14.6087
53 2.625 0.951887 15.4325
54 2.675 1.06269 16.3875
55 2.725 1.03343 17.3513
56 2.775 0.97843 18.2975
57 2.825 0.95408 19.2538
58 2.875 1.03317 20.3263
59 2.925 1.01909 21.4213
60 2.975 1.00987 22.5437
61 3.025 0.974583 23.6638
62 3.075 0.961043 24.805
63 3.125 0.958054 25.98
64 3.175 0.987359 27.23
65 3.225 0.97325 28.5012
66 3.275 0.953968 29.7862
67 3.325 0.985812 31.155
68 3.375 0.977791 32.5538
69 3.425 1.04278 34.09
70 3.475 1.01794 35.6338
71 3.525 0.983659 37.1688
72 3.575 1.03499 38.83
73 3.625 1.00967 40.4963
74 3.675 0.966906 42.1363
75 3.725 0.985597 43.8538
76 3.775 0.984806 45.6163
77 3.825 0.994603 47.4438
78 3.875 0.988988 49.3088
79 3.925 1.01305 51.2688
80 3.975 1.02175 53.2963
81 4.025 1.04567 55.4238
82 4.075 1.01837 57.5475
83 4.125 1.00962 59.705
84 4.175 1.01414 61.925
85 4.225 1.00031 64.1675
86 4.275 1.02933 66.53
87 4.325 1.00567 68.8925
88 4.375 0.957336 71.1938
89 4.425 1.00191 73.6575
90 4.475 0.983619 76.1313
91 4.525 1.00672 78.72
92 4.575 0.999581 81.3475
93 4.625 0.976689 83.9713
94 4.675 0.98369 86.6713
95 4.725 1.02094 89.5338
96 4.775 0.976533 92.33
97 4.825 0.993595 95.235
98 4.875 1.00975 98.2488
99 4.925 1.00577 101.313
100 4.975 0.972385 104.335
101 5.025 0.995702 107.493
102 5.075 1.00284 110.736
103 5.125 1.01786 114.094
104 5.175 0.988991 117.42
105 5.225 1.01974 120.916
106 5.275 1.02625 124.503
107 5.325 1.01234 128.108
108 5.375 0.991522 131.705
109 5.425 0.985166 135.346
110 5.475 0.999131 139.108
111 5.525 1.00852 142.974
112 5.575 1.00396 146.893
113 5.625 1.01985 150.945
114 5.675 1.0205 155.073
115 5.725 1.0061 159.214
116 5.775 0.976812 163.305
117 5.825 1.00412 167.584
118 5.875 1.04189 172.1
119 5.925 0.987803 176.455
120 5.975 0.995317 180.918
121 6.025 0.975576 185.365
122 6.075 0.99842 189.993
123 6.125 1.04533 194.918
124 6.175 1.00733 199.741
125 6.225 1.00508 204.633
126 6.275 0.979015 209.474
127 6.325 0.99221 214.459
128 6.375 0.99434 219.534
129 6.425 0.985435 224.642
130 6.475 0.99354 229.874
131 6.525 0.976502 235.095
132 6.575 1.01052 240.581
133 6.625 0.98489 246.01
134 6.675 1.0171 251.701
135 6.725 1.0236 257.515
136 6.775 1.01722 263.379
137 6.825 0.986134 269.147
138 6.875 0.993954 275.047
139 6.925 1.00477 281.099
140 6.975 0.991232 287.155
141 7.025 0.99371 293.314
142 7.075 1.01531 299.696
143 7.125 1.01424 306.162
144 7.175 1.00209 312.641
145 7.225 0.968439 318.99
146 7.275 1.00332 325.659
147 7.325 1.00785 332.45
148 7.375 1.00338 339.304
149 7.425 0.965356 345.987
150 7.475 0.987755 352.919
151 7.525 0.994711 359.992
152 7.575 0.997754 367.182
153 7.625 0.986424 374.385
154 7.675 1.03225 382.021
155 7.725 1.00642 389.564
156 7.775 1.00455 397.19
157 7.825 0.994839 404.84
158 7.875 0.983691 412.501
159 7.925 0.994139 420.342
160 7.975 0.994545 428.286
161 8.025 1.00259 436.395
162 8.075 0.997541 444.564
163 8.125 1.01003 452.937
164 8.175 0.997264 461.307
165 8.225 0.989296 469.712
166 8.275 0.994965 478.269
167 8.325 1.00833 487.045
168 8.375 0.998167 495.837
169 8.425 0.999536 504.747
170 8.475 0.998585 513.755
171 8.525 1.00512 522.929
172 8.575 1.01266 532.28
173 8.625 1.00162 541.637
174 8.675 1.01497 551.23
175 8.725 0.992649 560.72
176 8.775 1.01369 570.522
177 8.825 1.00236 580.326
178 8.875 1.00841 590.301
179 8.925 1.01688 600.474
180 8.975 0.981614 610.404
181 9.025 1.00877 620.722
182 9.075 1.00518 631.119
183 9.125 0.996705 641.541
184 9.175 0.993084 652.04
185 9.225 1.00445 662.775
186 9.275 0.988099 673.45
187 9.325 1.00569 684.432
188 9.375 1.01198 695.602
189 9.425 0.980092 706.536
190 9.475 1.00681 717.887
191 9.525 0.993741 729.21
192 9.575 1.0051 740.782
193 9.625 1.00608 752.487
194 9.675 0.978797 763.994
195 9.725 1.00391 775.918
196 9.775 0.996894 787.88
197 9.825 1.01523 800.188
198 9.875 0.998037 812.41
199 9.925 1.00185 824.804
200 9.975 1.02004 837.55
5366 200
1 0.025 0 0
2 0.075 0 0
3 0.125 0 0
4 0.175 0 0
5 0.225 0 0
6 0.275 0 0
7 0.325 0 0
8 0.375 0 0
9 0.425 0 0
10 0.475 0 0
11 0.525 0 0
12 0.575 0 0
13 0.625 0 0
14 0.675 0 0
15 0.725 0 0
16 0.775 0 0
17 0.825 0 0
18 0.875 0 0
19 0.925 0.0232601 0.0025
20 0.975 0.355915 0.045
21 1.025 1.15557 0.1975
22 1.075 2.00647 0.48875
23 1.125 1.87142 0.78625
24 1.175 1.83811 1.105
25 1.225 1.77072 1.43875
26 1.275 1.555 1.75625
27 1.325 1.23579 2.02875
28 1.375 1.17914 2.30875
29 1.425 0.916514 2.5425
30 1.475 0.86916 2.78
31 1.525 0.950049 3.0575
32 1.575 0.826497 3.315
33 1.625 0.938491 3.62625
34 1.675 0.947155 3.96
35 1.725 0.856255 4.28
36 1.775 1.02983 4.6875
37 1.825 0.941303 5.08125
38 1.875 0.979534 5.51375
39 1.925 0.974973 5.9675
40 1.975 1.03085 6.4725
41 2.025 1.03397 7.005
42 2.075 0.959318 7.52375
43 2.125 1.04255 8.115
44 2.175 0.993061 8.705
45 2.225 0.995173 9.32375
46 2.275 1.07499 10.0225
47 2.325 1.02741 10.72
48 2.375 1.05519 11.4675
49 2.425 0.986737 12.1962
50 2.475 0.997642 12.9637
51 2.525 0.983502 13.7512
52 2.575 1.01773 14.5987
53 2.625 0.976442 15.4437
54 2.675 1.05017 16.3875
55 2.725 1.02941 17.3475
56 2.775 0.986185 18.3012
57 2.825 0.966552 19.27
58 2.875 1.01631 20.325
59 2.925 1.01909 21.42
60 2.975 1.02224 22.5562
61 3.025 0.968057 23.6687
62 3.075 0.943148 24.7888
63 3.125 0.978439 25.9887
64 3.175 0.992296 27.245
65 3.225 0.962723 28.5025
66 3.275 0.944688 29.775
67 3.325 0.981311 31.1375
68 3.375 1.00051 32.5688
69 3.425 1.01818 34.0688
70 3.475 1.04019 35.6463
71 3.525 0.962031 37.1475
72 3.575 1.04901 38.8313
73 3.625 0.996792 40.4763
74 3.675 0.987541 42.1513
75 3.725 0.966947 43.8363
76 3.775 0.991092 45.61
77 3.825 1.01161 47.4688
78 3.875 0.990977 49.3375
79 3.925 1.00207 51.2763
80 3.975 1.02049 53.3013
81 4.025 1.03584 55.4088
82 4.075 1.02076 57.5375
83 4.125 1.00845 59.6925
84 4.175 1.02955 61.9463
85 4.225 0.983027 64.15
86 4.275 1.03097 66.5162
87 4.325 1.00461 68.8762
88 4.375 0.957336 71.1775
89 4.425 1.01868 73.6825
90 4.475 0.978649 76.1437
91 4.525 0.99214 78.695
92 4.575 1.01765 81.37
93 4.625 0.967383 83.9687
94 4.675 0.991887 86.6912
95 4.725 1.00623 89.5125
96 4.775 0.978279 92.3137
97 4.825 1.0154 95.2825
98 4.875 0.993421 98.2475
99 4.925 1.00618 101.312
100 4.975 0.975602 104.345
101 5.025 0.983876 107.465
102 5.075 1.01289 110.741
103 5.125 1.01899 114.102
104 5.175 0.981558 117.404
105 5.225 1.02885 120.931
106 5.275 1.0191 124.492
107 5.325 1.01023 128.09
108 5.375 0.9929 131.692
109 5.425 0.986181 135.337
110 5.475 1.00013 139.102
111 5.525 1.00461 142.954
112 5.575 1.01197 146.904
113 5.625 1.0145 150.935
114 5.675 1.0239 155.076
115 5.725 1.00549 159.215
116 5.775 0.973828 163.294
117 5.825 1.00676 167.584
118 5.875 1.03958 172.09
119 5.925 0.98752 176.444
120 5.975 0.991693 180.89
121 6.025 0.98435 185.377
122 6.075 0.99815 190.004
123 6.125 1.03923 194.9
124 6.175 1.00915 199.732
125 6.225 1.0002 204.6
126 6.275 0.982301 209.457
127 6.325 0.988478 214.424
128 6.375 1.00855 219.571
129 6.425 0.982782 224.666
130 6.475 0.987368 229.865
131 6.525 0.981177 235.111
132 6.575 0.997854 240.529
133 6.625 1.00258 246.055
134 6.675 1.01398 251.729
135 6.725 1.02448 257.547
136 6.775 1.02156 263.436
137 6.825 0.981647 269.179
138 6.875 0.992269 275.069
139 6.925 1.01099 281.157
140 6.975 0.984071 287.17
141 7.025 1.00097 293.374
142 7.075 1.00437 299.688
143 7.125 1.01444 306.155
144 7.175 1.00441 312.649
145 7.225 0.969393 319.004
146 7.275 0.993726 325.609
147 7.325 1.01582 332.454
148 7.375 1.00631 339.327
149 7.425 0.968064 346.03
150 7.475 0.975286 352.874
151 7.525 1.00754 360.039
152 7.575 0.993244 367.196
153 7.625 0.980946 374.359
154 7.675 1.02937 381.974
155 7.725 1.00992 389.543
156 7.775 1.01064 397.215
157 7.825 0.993701 404.856
158 7.875 0.985938 412.535
159 7.925 0.990494 420.348
160 7.975 0.990945 428.263
161 8.025 1.00445 436.386
162 8.075 0.99861 444.564
163 8.125 1.00822 452.923
164 8.175 1.00367 461.346
165 8.225 0.981939 469.689
166 8.275 1.00005 478.289
167 8.325 1.01062 487.085
168 8.375 0.995045 495.85
169 8.425 1.0015 504.778
170 8.475 0.992627 513.731
171 8.525 1.00937 522.944
172 8.575 1.01279 532.296
173 8.625 0.995196 541.594
174 8.675 1.01471 551.184
175 8.725 1.00363 560.779
176 8.775 1.00541 570.501
177 8.825 1.003 580.311
178 8.875 1.00929 590.295
179 8.925 1.01564 600.455
180 8.975 0.980996 610.379
181 9.025 1.01244 620.735
182 9.075 1.00252 631.104
183 9.125 0.997662 641.536
184 9.175 0.997341 652.08
185 9.225 1.00024 662.77
186 9.275 0.989951 673.465
187 9.325 1.01038 684.499
188 9.375 1.00348 695.575
189 9.425 0.984574 706.559
190 9.475 1.00636 717.905
191 9.525 0.994509 729.236
192 9.575 1.00565 740.815
193 9.625 1.0021 752.474
194 9.675 0.975288 763.939
195 9.725 1.0057 775.884
196 9.775 0.998769 787.869
197 9.825 1.02008 800.235
198 9.875 0.990892 812.37
199 9.925 1.00852 824.846
200 9.975 1.01954 837.586
5367 200
1 0.025 0 0
2 0.075 0 0
3 0.125 0 0
4 0.175 0 0
5 0.225 0 0
6 0.275 0 0
7 0.325 0 0
8 0.375 0 0
9 0.425 0 0
10 0.475 0 0
11 0.525 0 0
12 0.575 0 0
13 0.625 0 0
14 0.675 0 0
15 0.725 0 0
16 0.775 0 0
17 0.825 0 0
18 0.875 0 0
19 0.925 0.0116301 0.00125
20 0.975 0.366383 0.045
21 1.025 1.24082 0.20875
22 1.075 1.91174 0.48625
23 1.125 1.91074 0.79
24 1.175 1.83811 1.10875
25 1.225 1.79062 1.44625
26 1.275 1.57336 1.7675
27 1.325 1.15643 2.0225
28 1.375 1.20546 2.30875
29 1.425 0.926316 2.545
30 1.475 0.892032 2.78875
31 1.525 0.902975 3.0525
32 1.575 0.818473 3.3075
33 1.625 0.987488 3.635
34 1.675 0.904586 3.95375
35 1.725 0.906426 4.2925
36 1.775 1.01403 4.69375
37 1.825 0.944291 5.08875
38 1.875 0.96821 5.51625
39 1.925 0.972287 5.96875
40 1.975 0.995128 6.45625
41 2.025 1.04368 6.99375
42 2.075 0.977811 7.5225
43 2.125 1.04695 8.11625
44 2.175 1.00358 8.7125
45 2.225 0.971048 9.31625
46 2.275 1.07499 10.015
47 2.325 1.06423 10.7375
48 2.375 0.998722 11.445
49 2.425 1.02059 12.1987
50 2.475 0.997642 12.9662
51 2.525 0.992869 13.7612
52 2.575 1.01023 14.6025
53 2.625 0.983665 15.4537
54 2.675 1.04043 16.3887
55 2.725 1.02539 17.345
56 2.775 0.975845 18.2888
57 2.825 0.984012 19.275
58 2.875 1.00668 20.32
59 2.925 1.02956 21.4262
60 2.975 1.02449 22.565
61 3.025 0.960443 23.6688
62 3.075 0.934727 24.7788
63 3.125 0.980477 25.9813
64 3.175 0.996246 27.2425
65 3.225 0.960809 28.4975
66 3.275 0.945616 29.7713
67 3.325 0.980411 31.1325
68 3.375 1.01711 32.5875
69 3.425 0.997815 34.0575
70 3.475 1.03937 35.6337
71 3.525 0.972445 37.1512
72 3.575 1.0459 38.83
73 3.625 1.00134 40.4825
74 3.675 0.975749 42.1375
75 3.725 0.96336 43.8163
76 3.775 0.996679 45.6
77 3.825 1.01705 47.4688
78 3.875 0.985011 49.3263
79 3.925 1.02598 51.3113
80 3.975 1.01482 53.325
81 4.025 1.02416 55.4088
82 4.075 1.01957 57.535
83 4.125 1.00436 59.6813
84 4.175 1.03698 61.9513
85 4.225 0.988045 64.1663
86 4.275 1.0228 66.5138
87 4.325 1.01099 68.8888
88 4.375 0.970857 71.2225
89 4.425 0.992248 73.6625
90 4.475 0.982128 76.1325
91 4.525 0.987765 78.6725
92 4.575 1.0205 81.355
93 4.625 0.966452 83.9513
94 4.675 1.01466 86.7362
95 4.725 0.972343 89.4625
96 4.775 0.98832 92.2925
97 4.825 1.02138 95.2788
98 4.875 0.993002 98.2425
99 4.925 1.01726 101.341
100 4.975 0.959114 104.323
101 5.025 1.00083 107.496
102 5.075 1.00246 110.739
103 5.125 1.02657 114.125
104 5.175 0.978213 117.415
105 5.225 1.02995 120.946
106 5.275 1.02697 124.535
107 5.325 0.999699 128.095
108 5.375 1.00082 131.726
109 5.425 0.980093 135.349
110 5.475 0.993155 139.088
111 5.525 1.01178 142.966
112 5.575 1.00172 146.876
113 5.625 1.02551 150.951
114 5.675 1.02977 155.116
115 5.725 0.997593 159.222
116 5.775 0.974723 163.305
117 5.825 0.990036 167.524
118 5.875 1.04362 172.048
119 5.925 0.999144 176.453
120 5.975 0.989741 180.89
121 6.025 0.991753 185.411
122 6.075 0.986823 189.985
123 6.125 1.04666 194.916
124 6.175 1.00158 199.713
125 6.225 1.0115 204.635
126 6.275 0.979268 209.478
127 6.325 0.983999 214.421
128 6.375 1.00781 219.565
129 6.425 0.997973 224.739
130 6.475 0.971461 229.854
131 6.525 0.98445 235.118
132 6.575 0.993479 240.511
133 6.625 1.00984 246.078
134 6.675 1.01107 251.735
135 6.725 1.02316 257.546
136 6.775 1.01484 263.396
137 6.825 0.992331 269.201
138 6.875 0.986794 275.059
139 6.925 1.01182 281.153
140 6.975 0.975274 287.111
141 7.025 1.00964 293.369
142 7.075 1.01451 299.746
143 7.125 1.00307 306.141
144 7.175 1.00576 312.644
145 7.225 0.969774 319.001
146 7.275 0.985263 325.55
147 7.325 1.0277 332.475
148 7.375 1.00173 339.318
149 7.425 0.971674 346.045
150 7.475 0.974751 352.885
151 7.525 1.00754 360.05
152 7.575 0.988734 367.175
153 7.625 0.986766 374.38
154 7.675 1.01991 381.925
155 7.725 1.01826 389.556
156 7.775 1.01163 397.236
157 7.825 0.98346 404.799
158 7.875 0.994926 412.548
159 7.925 0.990177 420.358
160 7.975 0.994701 428.303
161 8.025 1.00352 436.419
162 8.075 0.989298 444.52
163 8.125 1.01561 452.94
164 8.175 0.995477 461.295
165 8.225 0.989443 469.701
166 8.275 0.996419 478.27
167 8.325 1.00488 487.016
168 8.375 1.00257 495.848
169 8.425 0.99603 504.726
170 8.475 0.999833 513.745
171 8.525 1.01265 522.988
172 8.575 1.00372 532.256
173 8.625 0.999076 541.59
174 8.675 1.00955 551.131
175 8.725 1.00729 560.761
176 8.775 1.00709 570.5
177 8.825 0.999036 580.271
178 8.875 1.01435 590.305
179 8.925 1.00701 600.379
180 8.975 0.989399 610.388
181 9.025 1.01342 620.754
182 9.075 1.00047 631.101
183 9.125 0.999335 641.551
184 9.175 0.999114 652.114
185 9.225 0.99229 662.719
186 9.275 0.992612 673.443
187 9.325 1.01439 684.52
188 9.375 0.991367 695.463
189 9.425 0.992978 706.54
190 9.475 1.01468 717.98
191 9.525 0.976845 729.11
192 9.575 1.0165 740.814
193 9.625 1.00006 752.449
194 9.675 0.983901 764.015
195 9.725 0.998963 775.88
196 9.775 1.00064 787.888
197 9.825 1.01688 800.215
198 9.875 0.993444 812.381
199 9.925 1.01428 824.929
200 9.975 1.01134 837.566
5368 200
1 0.025 0 0
2 0.075 0 0
3 0.125 0 0
4 0.175 0 0
5 0.225 0 0
6 0.275 0 0
7 0.325 0 0
8 0.375 0 0
9 0.425 0 0
10 0.475 0 0
11 0.525 0 0
12 0.575 0 0
13 0.625 0 0
14 0.675 0 0
15 0.725 0 0
16 0.775 0 0
17 0.825 0 0
18 0.875 0 0
19 0.925 0.0116301 0.00125
20 0.975 0.334979 0.04125
21 1.025 1.32607 0.21625
22 1.075 1.79979 0.4775
23 1.125 1.92647 0.78375
24 1.175 1.93902 1.12
25 1.225 1.69777 1.44
26 1.275 1.59785 1.76625
27 1.325 1.14509 2.01875
28 1.375 1.22126 2.30875
29 1.425 0.955723 2.5525
30 1.475 0.860011 2.7875
31 1.525 0.902975 3.05125
32 1.575 0.842546 3.31375
33 1.625 0.946029 3.6275
34 1.675 0.904586 3.94625
35 1.725 0.933184 4.295
36 1.775 1.00771 4.69375
37 1.825 0.926361 5.08125
38 1.875 0.993689 5.52
39 1.925 0.958857 5.96625
40 1.975 1.00023 6.45625
41 2.025 1.07281 7.00875
42 2.075 0.959318 7.5275
43 2.125 1.05797 8.1275
44 2.175 0.984645 8.7125
45 2.225 0.985121 9.325
46 2.275 1.08268 10.0287
47 2.325 1.05319 10.7437
48 2.375 1.00049 11.4525
49 2.425 1.00197 12.1925
50 2.475 1.00414 12.965
51 2.525 0.988185 13.7562
52 2.575 1.00722 14.595
53 2.625 1.01689 15.475
54 2.675 1.01261 16.385
55 2.725 1.03477 17.35
56 2.775 0.943532 18.2625
57 2.825 1.01519 19.28
58 2.875 0.999455 20.3175
59 2.925 1.04934 21.445
60 2.975 1.00312 22.56
61 3.025 0.963706 23.6675
62 3.075 0.948411 24.7938
63 3.125 0.972323 25.9863
64 3.175 0.988347 27.2375
65 3.225 0.956024 28.4863
66 3.275 0.955824 29.7738
67 3.325 0.959704 31.1063
68 3.375 1.03808 32.5913
69 3.425 0.992724 34.0538
70 3.475 1.02041 35.6013
71 3.525 0.985261 37.1388
72 3.575 1.03266 38.7963
73 3.625 1.0286 40.4937
74 3.675 0.949955 42.105
75 3.725 0.957621 43.7737
76 3.775 1.00227 45.5675
77 3.825 1.04631 47.49
78 3.875 0.964462 49.3088
79 3.925 1.03308 51.3075
80 3.975 1.0186 53.3288
81 4.025 1.01495 55.3938
82 4.075 1.03215 57.5463
83 4.125 0.999094 59.6812
84 4.175 1.05011 61.98
85 4.225 0.970203 64.155
86 4.275 1.03696 66.535
87 4.325 0.997691 68.8787
88 4.375 0.976577 71.2262
89 4.425 0.994281 73.6712
90 4.475 0.981631 76.14
91 4.525 0.986307 78.6762
92 4.575 1.01242 81.3375
93 4.625 0.971105 83.9462
94 4.675 1.01739 86.7387
95 4.725 0.97591 89.475
96 4.775 0.990502 92.3112
97 4.825 1.02053 95.295
98 4.875 0.985882 98.2375
99 4.925 1.01193 101.32
100 4.975 0.972385 104.342
101 5.025 0.984665 107.465
102 5.075 1.0071 110.722
103 5.125 1.03264 114.129
104 5.175 0.975983 117.411
105 5.225 1.03906 120.974
106 5.275 1.01481 124.52
107 5.325 1.00145 128.086
108 5.375 1.00255 131.724
109 5.425 0.975697 135.33
110 5.475 0.99083 139.06
111 5.525 1.01993 142.97
112 5.575 1.00172 146.88
113 5.625 1.02646 150.959
114 5.675 1.01834 155.077
115 5.725 1.00579 159.217
116 5.775 0.97532 163.302
117 5.825 0.990916 167.525
118 5.875 1.04448 172.052
119 5.925 0.997727 176.451
120 5.975 0.986953 180.876
121 6.025 1.00053 185.437
122 6.075 0.982507 189.991
123 6.125 1.04188 194.9
124 6.175 0.998973 199.684
125 6.225 1.01638 204.63
126 6.275 0.975476 209.454
127 6.325 1.00266 214.491
128 6.375 0.989932 219.544
129 6.425 1.00762 224.767
130 6.475 0.968613 229.867
131 6.525 0.992633 235.175
132 6.575 0.991407 240.557
133 6.625 0.995775 246.046
134 6.675 1.01621 251.732
135 6.725 1.02668 257.564
136 6.775 1.00768 263.372
137 6.825 0.996818 269.204
138 6.875 0.986794 275.061
139 6.925 1.02054 281.207
140 6.975 0.965044 287.104
141 7.025 1.01247 293.379
142 7.075 1.00994 299.727
143 7.125 1.00934 306.162
144 7.175 0.998224 312.616
145 7.225 0.970155 318.976
146 7.275 0.984135 325.517
147 7.325 1.04031 332.527
148 7.375 0.995142 339.325
149 7.425 0.982326 346.126
150 7.475 0.964954 352.897
151 7.525 1.00526 360.046
152 7.575 0.981102 367.116
153 7.625 0.997552 374.4
154 7.675 1.01586 381.915
155 7.725 1.01843 389.547
156 7.775 1.00455 397.174
157 7.825 0.995489 404.829
158 7.875 0.993321 412.565
159 7.925 0.992871 420.396
160 7.975 0.987659 428.285
161 8.025 1.00939 436.449
162 8.075 0.990977 444.564
163 8.125 1.01184 452.952
164 8.175 1.00069 461.351
165 8.225 0.98753 469.741
166 8.275 0.997872 478.322
167 8.325 0.998129 487.01
168 8.375 1.0064 495.875
169 8.425 0.982708 504.635
170 8.475 1.00926 513.739
171 8.525 1.01087 522.965
172 8.575 1.00778 532.271
173 8.625 1.00403 541.651
174 8.675 1.00082 551.11
175 8.725 1.01514 560.815
176 8.775 0.995718 570.444
177 8.825 1.00389 580.263
178 8.875 1.017 590.322
179 8.925 1.00364 600.362
180 8.975 0.992982 610.407
181 9.025 1.01073 620.746
182 9.075 0.999137 631.08
183 9.125 0.997064 641.506
184 9.175 1.00337 652.114
185 9.225 0.988898 662.682
186 9.275 0.998166 673.466
187 9.325 1.01256 684.524
188 9.375 0.992047 695.474
189 9.425 0.993314 706.555
190 9.475 1.01335 717.98
191 9.525 0.981782 729.166
192 9.575 1.00565 740.745
193 9.625 0.995546 752.327
194 9.675 0.998787 764.069
195 9.725 0.986649 775.787
196 9.775 1.00794 787.882
197 9.825 1.02183 800.27
198 9.875 0.987524 812.364
199 9.925 1.01559 824.928
200 9.975 1.01224 837.576
5369 200
1 0.025 0 0
2 0.075 0 0
3 0.125 0 0
4 0.175 0 0
5 0.225 0 0
6 0.275 0 0
7 0.325 0 0
8 0.375 0 0
9 0.425 0 0
10 0.475 0 0
11 0.525 0 0
12 0.575 0 0
13 0.625 0 0
14 0.675 0 0
15 0.725 0 0
16 0.775 0 0
17 0.825 0 0
18 0.875 0 0
19 0.925 0.0232601 0.0025
20 0.975 0.324511 0.04125
21 1.025 1.3166 0.215
22 1.075 1.80841 0.4775
23 1.125 1.96578 0.79
24 1.175 1.90298 1.12
25 1.225 1.65798 1.4325
26 1.275 1.67744 1.775
27 1.325 1.11108 2.02
28 1.375 1.21599 2.30875
29 1.425 0.950822 2.55125
30 1.475 0.878309 2.79125
31 1.525 0.847341 3.03875
32 1.575 0.85057 3.30375
33 1.625 0.968643 3.625
34 1.675 0.904586 3.94375
35 1.725 0.956597 4.30125
36 1.775 0.982441 4.69
37 1.825 0.944291 5.085
38 1.875 0.999351 5.52625
39 1.925 0.966915 5.97625
40 1.975 0.987473 6.46
41 2.025 1.05582 7.00375
42 2.075 0.993992 7.54125
43 2.125 1.02932 8.125
44 2.175 0.967814 8.7
45 2.225 1.0193 9.33375
46 2.275 1.06345 10.025
47 2.325 1.06976 10.7513
48 2.375 0.988135 11.4512
49 2.425 0.990122 12.1825
50 2.475 1.00577 12.9563
51 2.525 0.997552 13.755
52 2.575 0.995215 14.5838
53 2.625 1.01544 15.4625
54 2.675 1.02096 16.38
55 2.725 1.04281 17.3525
56 2.775 0.94741 18.2688
57 2.825 1.01644 19.2875
58 2.875 0.998251 20.3238
59 2.925 1.03305 21.4337
60 2.975 1.03798 22.5875
61 3.025 0.923461 23.6487
62 3.075 0.971569 24.8025
63 3.125 0.962131 25.9825
64 3.175 0.977486 27.22
65 3.225 0.955068 28.4675
66 3.275 0.970672 29.775
67 3.325 0.963305 31.1125
68 3.375 1.03372 32.5912
69 3.425 1.00036 34.065
70 3.475 1.01299 35.6013
71 3.525 0.986863 37.1412
72 3.575 1.03266 38.7987
73 3.625 1.02255 40.4862
74 3.675 0.959536 42.1137
75 3.725 0.9526 43.7737
76 3.775 1.01274 45.5862
77 3.825 1.01637 47.4537
78 3.875 1.00026 49.34
79 3.925 1.01822 51.31
80 3.975 1.0123 53.3187
81 4.025 1.03154 55.4175
82 4.075 1.01117 57.5262
83 4.125 1.00377 59.6712
84 4.175 1.0404 61.9487
85 4.225 1.00366 64.1987
86 4.275 1.02443 66.55
87 4.325 0.979067 68.85
88 4.375 0.990097 71.23
89 4.425 0.994281 73.675
90 4.475 0.975169 76.1275
91 4.525 0.997001 78.6912
92 4.575 0.993399 81.3025
93 4.625 0.983669 83.945
94 4.675 1.01739 86.7375
95 4.725 0.973235 89.4662
96 4.775 0.994868 92.315
97 4.825 1.01668 95.2875
98 4.875 0.994677 98.2562
99 4.925 0.992229 101.279
100 4.975 0.989677 104.355
101 5.025 0.970868 107.434
102 5.075 1.01444 110.715
103 5.125 1.02998 114.112
104 5.175 0.980071 117.409
105 5.225 1.03541 120.959
106 5.275 1.00765 124.48
107 5.325 1.00075 128.044
108 5.375 1.01736 131.735
109 5.425 0.974682 135.337
110 5.475 0.995811 139.086
111 5.525 1.0108 142.961
112 5.575 1.00876 146.899
113 5.625 1.01513 150.932
114 5.675 1.01865 155.052
115 5.725 1.01065 159.212
116 5.775 0.973529 163.29
117 5.825 0.998543 167.545
118 5.875 1.03497 172.031
119 5.925 0.996593 176.425
120 5.975 0.991135 180.869
121 6.025 1.00025 185.429
122 6.075 0.995183 190.041
123 6.125 1.0257 194.874
124 6.175 0.99819 199.654
125 6.225 1.01638 204.6
126 6.275 0.983818 209.465
127 6.325 1.00266 214.502
128 6.375 0.9963 219.587
129 6.425 0.996767 224.755
130 6.475 0.967426 229.849
131 6.525 0.998711 235.189
132 6.575 0.992558 240.577
133 6.625 0.99192 246.045
134 6.675 1.00973 251.695
135 6.725 1.03087 257.55
136 6.775 1.00573 263.347
137 6.825 1.0028 269.214
138 6.875 0.987005 275.072
139 6.925 1.00892 281.149
140 6.975 0.972614 287.091
141 7.025 1.0046 293.317
142 7.075 1.02386 299.754
143 7.125 0.995618 306.101
144 7.175 1.0019 312.579
145 7.225 0.973016 318.957
146 7.275 0.987144 325.519
147 7.325 1.03085 332.465
148 7.375 1.00246 339.312
149 7.425 0.985215 346.134
150 7.475 0.958897 352.863
151 7.525 1.00614 360.018
152 7.575 0.99203 367.166
153 7.625 0.992587 374.414
154 7.675 1.00842 381.874
155 7.725 1.02577 389.561
156 7.775 1.00504 397.191
157 7.825 0.989963 404.804
158 7.875 0.998457 412.58
159 7.925 0.982728 420.331
160 7.975 0.994858 428.278
161 8.025 1.01387 436.478
162 8.075 0.992199 444.603
163 8.125 1.00415 452.928
164 8.175 0.997264 461.298
165 8.225 0.993121 469.735
166 8.275 0.999326 478.329
167 8.325 1.00071 487.039
168 8.375 1.00427 495.885
169 8.425 0.984531 504.661
170 8.475 1.00482 513.725
171 8.525 1.01471 522.986
172 8.575 1.0067 532.283
173 8.625 0.998139 541.608
174 8.675 1.00942 551.148
175 8.725 1.01213 560.824
176 8.775 0.988479 570.383
177 8.825 1.00351 580.198
178 8.875 1.0242 590.329
179 8.925 1.00826 600.415
180 8.975 0.991994 610.45
181 9.025 1.0023 620.703
182 9.075 1.00603 631.108
183 9.125 0.99288 641.49
184 9.175 1.00574 652.123
185 9.225 0.998489 662.794
186 9.275 0.989719 673.486
187 9.325 1.00924 684.508
188 9.375 0.989782 695.433
189 9.425 0.992866 706.509
190 9.475 1.01301 717.93
191 9.525 0.99034 729.214
192 9.575 0.997503 740.699
193 9.625 0.99748 752.304
194 9.675 1.00251 764.089
195 9.725 0.984755 775.785
196 9.775 1.01398 787.953
197 9.825 1.01338 800.238
198 9.875 0.989565 812.356
199 9.925 1.01488 824.911
200 9.975 1.00844 837.513
5370 200
1 0.025 0 0
2 0.075 0 0
3 0.125 0 0
4 0.175 0 0
5 0.225 0 0
6 0.275 0 0
7 0.325 0 0
8 0.375 0 0
9 0.425 0 0
10 0.475 0 0
11 0.525 0 0
12 0.575 0 0
13 0.625 0 0
14 0.675 0 0
15 0.725 0 0
16 0.775 0 0
17 0.825 0 0
18 0.875 0 0
19 0.925 0.0232601 0.0025
20 0.975 0.376851 0.0475
21 1.025 1.24082 0.21125
22 1.075 1.8773 0.48375
23 1.125 1.95005 0.79375
24 1.175 1.88136 1.12
25 1.225 1.67124 1.435
26 1.275 1.62846 1.7675
27 1.325 1.1791 2.0275
28 1.375 1.16861 2.305
29 1.425 0.965525 2.55125
30 1.475 0.864585 2.7875
31 1.525 0.86018 3.03875
32 1.575 0.834521 3.29875
33 1.625 0.927184 3.60625
34 1.675 0.968439 3.9475
35 1.725 0.929839 4.295
36 1.775 0.998236 4.69
37 1.825 0.971185 5.09625
38 1.875 0.934238 5.50875
39 1.925 1.01526 5.98125
40 1.975 0.987473 6.465
41 2.025 1.05582 7.00875
42 2.075 1.00786 7.55375
43 2.125 1.01389 8.12875
44 2.175 0.961502 8.7
45 2.225 1.00925 9.3275
46 2.275 1.09422 10.0387
47 2.325 1.04582 10.7487
48 2.375 0.988135 11.4487
49 2.425 0.990122 12.18
50 2.475 0.992768 12.9437
51 2.525 1.00536 13.7487
52 2.575 0.993714 14.5762
53 2.625 1.02555 15.4637
54 2.675 1.00287 16.365
55 2.725 1.05622 17.35
56 2.775 0.939655 18.2587
57 2.825 1.02642 19.2875
58 2.875 0.998251 20.3237
59 2.925 1.0156 21.415
60 2.975 1.0436 22.575
61 3.025 0.933251 23.6475
62 3.075 0.963148 24.7912
63 3.125 0.967227 25.9775
64 3.175 0.970574 27.2062
65 3.225 0.959852 28.46
66 3.275 0.990159 29.7937
67 3.325 0.965106 31.1337
68 3.375 1.03284 32.6112
69 3.425 0.98933 34.0688
70 3.475 0.970957 35.5412
71 3.525 1.0197 37.1325
72 3.575 1.03967 38.8013
73 3.625 1.0233 40.49
74 3.675 0.963958 42.125
75 3.725 0.954035 43.7875
76 3.775 1.01484 45.6038
77 3.825 1.00821 47.4563
78 3.875 0.980371 49.305
79 3.925 1.04084 51.3188
80 3.975 1.01104 53.325
81 4.025 1.02539 55.4113
82 4.075 1.00638 57.51
83 4.125 1.01021 59.6688
84 4.175 1.03755 61.94
85 4.225 1.00087 64.1838
86 4.275 1.02879 66.545
87 4.325 0.97481 68.835
88 4.375 0.997377 71.2325
89 4.425 0.983607 73.6513
90 4.475 0.977655 76.11
91 4.525 1.0004 78.6825
92 4.575 0.984363 81.27
93 4.625 1.00089 83.9588
94 4.675 1.00919 86.7288
95 4.725 0.982152 89.4825
96 4.775 0.984391 92.3013
97 4.825 1.01241 95.2613
98 4.875 1.0064 98.265
99 4.925 0.98238 101.258
100 4.975 0.98646 104.324
101 5.025 0.982694 107.44
102 5.075 1.0156 110.725
103 5.125 1.0296 114.121
104 5.175 0.983045 117.427
105 5.225 1.02083 120.927
106 5.275 1.01302 124.468
107 5.325 0.991977 128
108 5.375 1.01357 131.678
109 5.425 0.979417 135.298
110 5.475 1.00577 139.084
111 5.525 1.01178 142.963
112 5.575 0.995954 146.85
113 5.625 1.03589 150.966
114 5.675 1.01061 155.054
115 5.725 1.00033 159.171
116 5.775 0.981886 163.284
117 5.825 1.00206 167.554
118 5.875 1.01997 171.975
119 5.925 1.01587 176.454
120 5.975 0.98305 180.861
121 6.025 0.999156 185.416
122 6.075 1.00004 190.051
123 6.125 1.03445 194.925
124 6.175 0.997668 199.703
125 6.225 1.00328 204.585
126 6.275 0.993676 209.499
127 6.325 0.992459 214.485
128 6.375 0.99483 219.562
129 6.425 1.00038 224.749
130 6.475 0.971936 229.866
131 6.525 0.995905 235.191
132 6.575 0.99371 240.586
133 6.625 0.989652 246.041
134 6.675 1.01152 251.701
135 6.725 1.03175 257.561
136 6.775 1.00356 263.346
137 6.825 0.997673 269.183
138 6.875 0.993954 275.083
139 6.925 1.00435 281.131
140 6.975 0.974455 287.085
141 7.025 1.00702 293.326
142 7.075 1.0175 299.723
143 7.125 1.00013 306.099
144 7.175 0.993971 312.525
145 7.225 0.987316 318.998
146 7.275 0.980938 325.518
147 7.325 1.03011 332.459
148 7.375 1.00136 339.299
149 7.425 0.982326 346.1
150 7.475 0.964419 352.868
151 7.525 1.00631 360.024
152 7.575 0.993938 367.186
153 7.625 0.98865 374.405
154 7.675 1.00724 381.856
155 7.725 1.02743 389.556
156 7.775 1.00718 397.203
157 7.825 0.984923 404.776
158 7.875 1.00793 412.626
159 7.925 0.976389 420.328
160 7.975 0.998144 428.3
161 8.025 1.01078 436.475
162 8.075 0.99342 444.61
163 8.125 1.00279 452.924
164 8.175 1.00575 461.365
165 8.225 0.979291 469.685
166 8.275 1.00747 478.349
167 8.325 0.992384 486.986
168 8.375 1.00455 495.835
169 8.425 0.992384 504.681
170 8.475 0.999417 513.696
171 8.525 1.01936 523
172 8.575 1.01184 532.344
173 8.625 0.995865 541.648
174 8.675 0.997644 551.076
175 8.725 1.02285 560.855
176 8.775 0.986411 570.394
177 8.825 1.00146 580.189
178 8.875 1.02092 590.288
179 8.925 1.01601 600.451
180 8.975 0.98631 610.429
181 9.025 0.999119 620.649
182 9.075 1.0105 631.1
183 9.125 0.997183 641.528
184 9.175 0.999351 652.093
185 9.225 1.00176 662.799
186 9.275 0.993422 673.531
187 9.325 1.00466 684.503
188 9.375 0.994652 695.481
189 9.425 0.989393 706.519
190 9.475 1.00947 717.9
191 9.525 0.994289 729.229
192 9.575 0.994354 740.678
193 9.625 1.00274 752.344
194 9.675 1.00134 764.115
195 9.725 0.981492 775.773
196 9.775 1.01929 788.004
197 9.825 1.00966 800.244
198 9.875 0.990586 812.375
199 9.925 1.01529 824.935
200 9.975 1.00854 837.538
5371 200
1 0.025 0 0
2 0.075 0 0
3 0.125 0 0
4 0.175 0 0
5 0.225 0 0
6 0.275 0 0
7 0.325 0 0
8 0.375 0 0
9 0.425 0 0
10 0.475 0 0
11 0.525 0 0
12 0.575 0 0
13 0.625 0 0
14 0.675 0 0
15 0.725 0 0
16 0.775 0 0
17 0.825 0 0
18 0.875 0 0
19 0.925 0.0348902 0.00375
20 0.975 0.387319 0.05
21 1.025 1.25976 0.21625
22 1.075 1.79979 0.4775
23 1.125 1.98151 0.7925
24 1.175 1.86694 1.11625
25 1.225 1.74419 1.445
26 1.275 1.54275 1.76
27 1.325 1.20745 2.02625
28 1.375 1.1265 2.29375
29 1.425 1.01944 2.55375
30 1.475 0.837138 2.7825
31 1.525 0.873018 3.0375
32 1.575 0.85057 3.3025
33 1.625 0.934722 3.6125
34 1.675 0.929418 3.94
35 1.725 0.943218 4.2925
36 1.775 0.991918 4.685
37 1.825 0.989115 5.09875
38 1.875 0.954055 5.52
39 1.925 0.974973 5.97375
40 1.975 1.01299 6.47
41 2.025 1.02184 6.99625
42 2.075 1.00555 7.54
43 2.125 1.03593 8.1275
44 2.175 0.982541 8.71125
45 2.225 1.02734 9.35
46 2.275 1.06537 10.0425
47 2.325 1.05503 10.7588
48 2.375 0.965196 11.4425
49 2.425 1.00705 12.1863
50 2.475 0.974895 12.9363
51 2.525 1.01941 13.7525
52 2.575 0.966695 14.5575
53 2.625 1.03855 15.4563
54 2.675 0.993138 16.3488
55 2.725 1.0656 17.3425
56 2.775 0.960335 18.2713
57 2.825 1.01394 19.2875
58 2.875 1.00788 20.3338
59 2.925 1.01444 21.4238
60 2.975 1.03461 22.5738
61 3.025 0.947391 23.6625
62 3.075 0.937885 24.7763
63 3.125 0.987611 25.9875
64 3.175 0.962675 27.2063
65 3.225 0.96368 28.465
66 3.275 0.9716 29.7737
67 3.325 0.973208 31.125
68 3.375 1.03022 32.5988
69 3.425 0.997815 34.0688
70 3.475 0.96766 35.5363
71 3.525 1.04374 37.165
72 3.575 1.01319 38.7912
73 3.625 1.02785 40.4875
74 3.675 0.963958 42.1225
75 3.725 0.954035 43.785
76 3.775 1.01414 45.6
77 3.825 0.991882 47.4225
78 3.875 0.998931 49.3062
79 3.925 1.02856 51.2962
80 3.975 1.02993 53.34
81 4.025 1.01864 55.4125
82 4.075 0.993193 57.4837
83 4.125 1.02132 59.6662
84 4.175 1.04212 61.9475
85 4.225 1.007 64.205
86 4.275 1.01626 66.5375
87 4.325 0.976939 68.8325
88 4.375 0.995817 71.2262
89 4.425 0.987673 73.655
90 4.475 0.979146 76.1175
91 4.525 0.995543 78.6775
92 4.575 0.975328 81.2412
93 4.625 1.02834 84.0037
94 4.675 0.979135 86.6912
95 4.725 0.995526 89.4825
96 4.775 0.991812 92.3225
97 4.825 1.00129 95.25
98 4.875 1.01059 98.2662
99 4.925 0.981149 101.255
100 4.975 0.994503 104.346
101 5.025 0.977175 107.445
102 5.075 1.02294 110.754
103 5.125 1.00611 114.072
104 5.175 1.00051 117.437
105 5.225 1.02922 120.966
106 5.275 0.999424 124.459
107 5.325 0.992679 127.994
108 5.375 1.00771 131.65
109 5.425 0.978402 135.266
110 5.475 1.01507 139.087
111 5.525 1.01211 142.967
112 5.575 1.00172 146.877
113 5.625 1.03495 150.99
114 5.675 1.00598 155.059
115 5.725 0.991823 159.141
116 5.775 0.99054 163.29
117 5.825 1.00881 167.589
118 5.875 1.0142 171.985
119 5.925 1.01417 176.456
120 5.975 0.979147 180.846
121 6.025 0.994221 185.379
122 6.075 1.02107 190.111
123 6.125 1.00845 194.862
124 6.175 1.01072 199.702
125 6.225 0.996347 204.551
126 6.275 0.998985 209.491
127 6.325 0.993454 214.482
128 6.375 0.996055 219.566
129 6.425 0.998696 224.744
130 6.475 0.979296 229.9
131 6.525 0.990996 235.199
132 6.575 0.996242 240.608
133 6.625 0.983983 246.031
134 6.675 1.02045 251.741
135 6.725 1.0236 257.555
136 6.775 1.00898 263.371
137 6.825 0.988058 269.151
138 6.875 1.00701 275.129
139 6.925 0.990653 281.095
140 6.975 0.98223 287.096
141 7.025 1.00561 293.329
142 7.075 1.01869 299.733
143 7.125 1.00503 306.14
144 7.175 0.984884 312.508
145 7.225 0.989986 318.998
146 7.275 0.982066 325.525
147 7.325 1.02992 332.465
148 7.375 0.997704 339.28
149 7.425 0.983771 346.091
150 7.475 0.970476 352.901
151 7.525 0.99805 359.999
152 7.575 0.990989 367.14
153 7.625 1.00543 374.481
154 7.675 0.9922 381.821
155 7.725 1.02827 389.528
156 7.775 1.01739 397.251
157 7.825 0.981347 404.798
158 7.875 1.00632 412.635
159 7.925 0.97734 420.344
160 7.975 0.990632 428.256
161 8.025 1.01635 436.476
162 8.075 0.99922 444.659
163 8.125 0.994197 452.901
164 8.175 1.00933 461.373
165 8.225 0.976054 469.665
166 8.275 1.01444 478.389
167 8.325 0.984916 486.961
168 8.375 1.01278 495.883
169 8.425 0.987757 504.688
170 8.475 1.00108 513.718
171 8.525 1.00745 522.913
172 8.575 1.02064 532.338
173 8.625 0.994393 541.628
174 8.675 0.992883 551.011
175 8.725 1.02311 560.793
176 8.775 0.981499 570.284
177 8.825 1.01655 580.226
178 8.875 1.0165 590.281
179 8.925 1.01376 600.423
180 8.975 0.990017 610.438
181 9.025 0.995575 620.621
182 9.075 1.01219 631.09
183 9.125 1.00161 641.564
184 9.175 0.994739 652.08
185 9.225 1.00457 662.816
186 9.275 0.993653 673.551
187 9.325 0.997449 684.444
188 9.375 1.00337 695.519
189 9.425 0.994211 706.61
190 9.475 1.00326 717.921
191 9.525 0.99758 729.288
192 9.575 0.983063 740.606
193 9.625 1.00715 752.324
194 9.675 1.00283 764.113
195 9.725 0.983176 775.79
196 9.775 1.01762 788.001
197 9.825 1.01059 800.253
198 9.875 0.995485 812.444
199 9.925 1.00528 824.88
200 9.975 1.01234 837.53
5372 200
1 0.025 0 0
2 0.075 0 0
3 0.125 0 0
4 0.175 0 0
5 0.225 0 0
6 0.275 0 0
7 0.325 0 0
8 0.375 0 0
9 0.425 0 0
10 0.475 0 0
11 0.525 0 0
12 0.575 0 0
13 0.625 0 0
14 0.675 0 0
15 0.725 0 0
16 0.775 0 0
17 0.825 0 0
18 0.875 0 0
19 0.925 0.0232601 0.0025
20 0.975 0.408255 0.05125
21 1.025 1.25029 0.21625
22 1.075 1.78257 0.475
23 1.125 2.02082 0.79625
24 1.175 1.81648 1.11125
25 1.225 1.77735 1.44625
26 1.275 1.52439 1.7575
27 1.325 1.21878 2.02625
28 1.375 1.13703 2.29625
29 1.425 0.980229 2.54625
30 1.475 0.855436 2.78
31 1.525 0.885857 3.03875
32 1.575 0.830509 3.2975
33 1.625 0.927184 3.605
34 1.675 0.975534 3.94875
35 1.725 0.913115 4.29
36 1.775 1.00771 4.68875
37 1.825 0.962221 5.09125
38 1.875 0.965379 5.5175
39 1.925 0.991088 5.97875
40 1.975 0.995128 6.46625
41 2.025 1.02912 6.99625
42 2.075 1.02404 7.55
43 2.125 1.0161 8.12625
44 2.175 1.01831 8.73125
45 2.225 0.999194 9.3525
46 2.275 1.04806 10.0337
47 2.325 1.05319 10.7487
48 2.375 0.979313 11.4425
49 2.425 1.03751 12.2087
50 2.475 0.916401 12.9137
51 2.525 1.0319 13.74
52 2.575 1.00572 14.5775
53 2.625 1.00966 15.4512
54 2.675 0.994529 16.345
55 2.725 1.0723 17.345
56 2.775 0.940947 18.255
57 2.825 1.04013 19.2975
58 2.875 0.998251 20.3337
59 2.925 1.00979 21.4187
60 2.975 1.04248 22.5775
61 3.025 0.935426 23.6525
62 3.075 0.949464 24.78
63 3.125 0.987611 25.9913
64 3.175 0.943916 27.1863
65 3.225 0.976121 28.4612
66 3.275 0.966032 29.7625
67 3.325 0.985812 31.1312
68 3.375 1.01624 32.585
69 3.425 0.996118 34.0525
70 3.475 0.978375 35.5363
71 3.525 1.04614 37.1688
72 3.575 1.00073 38.775
73 3.625 1.02709 40.47
74 3.675 0.97796 42.1288
75 3.725 0.954752 43.7925
76 3.775 0.998774 45.58
77 3.825 0.995964 47.41
78 3.875 1.01153 49.3175
79 3.925 1.03308 51.3163
80 3.975 1.01734 53.335
81 4.025 1.01925 55.4087
82 4.075 0.990795 57.475
83 4.125 1.02483 59.665
84 4.175 1.04326 61.9487
85 4.225 1.01258 64.2187
86 4.275 1.01626 66.5512
87 4.325 0.987049 68.87
88 4.375 0.986977 71.2425
89 4.425 0.975982 73.6425
90 4.475 0.990577 76.1337
91 4.525 0.992626 78.6862
92 4.575 0.982937 81.27
93 4.625 1.01578 83.9987
94 4.675 0.9846 86.7012
95 4.725 1.00266 89.5125
96 4.775 0.9857 92.335
97 4.825 0.990174 95.23
98 4.875 1.00515 98.23
99 4.925 0.999205 101.274
100 4.975 0.992492 104.359
101 5.025 0.981117 107.47
102 5.075 1.02139 110.774
103 5.125 0.984509 114.021
104 5.175 1.01241 117.426
105 5.225 1.0314 120.962
106 5.275 0.995847 124.442
107 5.325 0.997593 127.995
108 5.375 1.01013 131.66
109 5.425 0.979755 135.281
110 5.475 1.00478 139.064
111 5.525 1.01928 142.971
112 5.575 1.00044 146.876
113 5.625 1.02646 150.955
114 5.675 1.00443 155.017
115 5.725 1.00458 159.152
116 5.775 0.98487 163.277
117 5.825 1.00881 167.576
118 5.875 1.01046 171.956
119 5.925 1.01927 176.45
120 5.975 0.967716 180.789
121 6.025 1.00382 185.365
122 6.075 1.02512 190.116
123 6.125 1.00421 194.847
124 6.175 1.01698 199.717
125 6.225 0.986586 204.519
126 6.275 1.00252 209.476
127 6.325 1.00316 214.516
128 6.375 0.989197 219.565
129 6.425 1.00786 224.79
130 6.475 0.976922 229.934
131 6.525 0.980476 235.176
132 6.575 0.996242 240.585
133 6.625 0.992373 246.055
134 6.675 1.01576 251.739
135 6.725 1.0236 257.553
136 6.775 1.00356 263.338
137 6.825 1.00152 269.196
138 6.875 1.00533 275.164
139 6.925 0.981106 281.072
140 6.975 0.992868 287.139
141 7.025 0.999357 293.333
142 7.075 1.01551 299.716
143 7.125 1.00679 306.135
144 7.175 0.982177 312.485
145 7.225 0.990558 318.979
146 7.275 0.989401 325.555
147 7.325 1.02621 332.47
148 7.375 1.00155 339.311
149 7.425 0.977813 346.081
150 7.475 0.975286 352.925
151 7.525 0.99014 359.966
152 7.575 0.999316 367.168
153 7.625 1.00988 374.541
154 7.675 0.989328 381.86
155 7.725 1.01559 389.471
156 7.775 1.01739 397.195
157 7.825 0.992889 404.83
158 7.875 1.00744 412.676
159 7.925 0.976231 420.376
160 7.975 0.989694 428.281
161 8.025 1.01094 436.457
162 8.075 1.00639 444.699
163 8.125 0.999776 452.987
164 8.175 0.99503 461.339
165 8.225 0.978408 469.651
166 8.275 1.01328 478.365
167 8.325 0.982475 486.916
168 8.375 1.02116 495.911
169 8.425 0.988458 504.722
170 8.475 0.994567 513.694
171 8.525 1.00786 522.893
172 8.575 1.02267 532.336
173 8.625 0.992252 541.606
174 8.675 0.998967 551.048
175 8.725 1.01697 560.77
176 8.775 0.987574 570.32
177 8.825 1.00875 580.186
178 8.875 1.01081 590.185
179 8.925 1.02313 600.42
180 8.975 0.987175 610.406
181 9.025 1.0012 620.648
182 9.075 1.00578 631.05
183 9.125 1.00579 641.568
184 9.175 0.999114 652.13
185 9.225 0.999658 662.814
186 9.275 0.996199 673.576
187 9.325 0.996189 684.455
188 9.375 0.997709 695.468
189 9.425 0.998917 706.611
190 9.475 1.00015 717.888
191 9.525 1.00603 729.35
192 9.575 0.973727 740.561
193 9.625 1.00876 752.298
194 9.675 1.00698 764.135
195 9.725 0.98486 775.833
196 9.775 1.01189 787.975
197 9.825 1.01771 800.313
198 9.875 0.992729 812.47
199 9.925 1.00983 824.963
200 9.975 1.00644 837.539
