# Time-averaged data for fix ave_rdf
# TimeStep Number-of-rows
# Row c_myRDF[1] c_myRDF[2] c_myRDF[3]
5432 200
1 0.025 0 0
2 0.075 0 0
3 0.125 0 0
4 0.175 0 0
5 0.225 0 0
6 0.275 0 0
7 0.325 0 0
8 0.375 0 0
9 0.425 0 0
10 0.475 0 0
11 0.525 0 0
12 0.575 0 0
13 0.625 0 0
14 0.675 0 0
15 0.725 0 0
16 0.775 0 0
17 0.825 0 0
18 0.875 0 0
19 0.925 0.0348902 0.00375
20 0.975 0.732766 0.09125
21 1.025 2.36798 0.40375
22 1.075 3.24652 0.875
23 1.125 3.08234 1.365
24 1.175 3.15001 1.91125
25 1.225 2.50687 2.38375
26 1.275 2.21618 2.83625
27 1.325 2.08611 3.29625
28 1.375 1.66343 3.69125
29 1.425 1.41643 4.0525
30 1.475 1.4547 4.45
31 1.525 1.36944 4.85
32 1.575 1.28789 5.25125
33 1.625 1.25132 5.66625
34 1.675 1.35511 6.14375
35 1.725 1.34459 6.64625
36 1.775 1.35204 7.18125
37 1.825 1.28794 7.72
38 1.875 1.4325 8.3525
39 1.925 1.36174 8.98625
40 1.975 1.41104 9.6775
41 2.025 1.40776 10.4025
42 2.075 1.56034 11.2463
43 2.125 1.59798 12.1525
44 2.175 1.57375 13.0875
45 2.225 1.46964 14.0013
46 2.275 1.44998 14.9438
47 2.325 1.45089 15.9288
48 2.375 1.35692 16.89
49 2.425 1.37602 17.9063
50 2.475 1.31448 18.9175
51 2.525 1.35349 20.0013
52 2.575 1.41252 21.1775
53 2.625 1.44011 22.4238
54 2.675 1.30888 23.6
55 2.725 1.27068 24.785
56 2.775 1.33516 26.0763
57 2.825 1.21973 27.2988
58 2.875 1.34264 28.6925
59 2.925 1.2855 30.0738
60 2.975 1.27864 31.495
61 3.025 1.28893 32.9763
62 3.075 1.34841 34.5775
63 3.125 1.28726 36.1563
64 3.175 1.28061 37.7775
65 3.225 1.30819 39.4863
66 3.275 1.31681 41.26
67 3.325 1.23339 42.9725
68 3.375 1.26964 44.7888
69 3.425 1.22436 46.5925
70 3.475 1.26851 48.5163
71 3.525 1.21596 50.4138
72 3.575 1.29043 52.485
73 3.625 1.22705 54.51
74 3.675 1.23885 56.6113
75 3.725 1.17569 58.66
76 3.775 1.16989 60.7538
77 3.825 1.18781 62.9363
78 3.875 1.26673 65.325
79 3.925 1.18427 67.6163
80 3.975 1.15592 69.91
81 4.025 1.20049 72.3525
82 4.075 1.24614 74.9513
83 4.125 1.18745 77.4887
84 4.175 1.21799 80.155
85 4.225 1.22 82.89
86 4.275 1.20906 85.665
87 4.325 1.20415 88.4938
88 4.375 1.0915 91.1175
89 4.425 1.15745 93.9638
90 4.475 1.16454 96.8925
91 4.525 1.12193 99.7775
92 4.575 1.14795 102.795
93 4.625 1.1442 105.869
94 4.675 1.15538 109.04
95 4.725 1.13373 112.219
96 4.775 1.15071 115.514
97 4.825 1.10133 118.734
98 4.875 1.10022 122.017
99 4.925 1.15062 125.522
100 4.975 1.14812 129.091
101 5.025 1.09937 132.578
102 5.075 1.10989 136.168
103 5.125 1.08645 139.751
104 5.175 1.12539 143.536
105 5.225 1.12073 147.379
106 5.275 1.08742 151.179
107 5.325 1.12291 155.178
108 5.375 1.12451 159.258
109 5.425 1.07716 163.239
110 5.475 1.06488 167.248
111 5.525 1.10112 171.469
112 5.575 1.03791 175.52
113 5.625 1.04407 179.669
114 5.675 1.08231 184.046
115 5.725 1.07807 188.484
116 5.775 1.06635 192.95
117 5.825 1.06895 197.505
118 5.875 1.06928 202.14
119 5.925 1.07003 206.858
120 5.975 1.03909 211.516
121 6.025 1.04111 216.263
122 6.075 1.02701 221.023
123 6.125 1.03657 225.906
124 6.175 1.04935 230.931
125 6.225 1.0377 235.981
126 6.275 1.03058 241.078
127 6.325 1.03998 246.303
128 6.375 1.03744 251.598
129 6.425 1.04137 256.996
130 6.475 1.04458 262.496
131 6.525 1.03074 268.008
132 6.575 1.00315 273.454
133 6.625 1.04136 279.194
134 6.675 1.00593 284.823
135 6.725 1.01788 290.604
136 6.775 1.00508 296.398
137 6.825 1.03037 302.425
138 6.875 1.0407 308.603
139 6.925 1.00497 314.655
140 6.975 1.01455 320.854
141 7.025 1.01126 327.121
142 7.075 0.985481 333.316
143 7.125 1.00483 339.723
144 7.175 1.01447 346.281
145 7.225 0.993036 352.791
146 7.275 1.00971 359.503
147 7.325 0.986143 366.148
148 7.375 0.983613 372.866
149 7.425 0.982868 379.671
150 7.475 1.01038 386.761
151 7.525 0.992074 393.816
152 7.575 0.997581 401.005
153 7.625 0.985397 408.2
154 7.675 0.964489 415.335
155 7.725 0.99124 422.764
156 7.775 1.00076 430.361
157 7.825 0.984436 437.931
158 7.875 0.985617 445.608
159 7.925 0.970842 453.265
160 7.975 0.969975 461.013
161 8.025 0.980027 468.939
162 8.075 0.96457 476.838
163 8.125 0.959369 484.791
164 8.175 0.974775 492.973
165 8.225 0.968256 501.199
166 8.275 0.995546 509.76
167 8.325 0.991092 518.386
168 8.375 0.969076 526.923
169 8.425 0.960272 535.482
170 8.475 0.967129 544.206
171 8.525 0.956639 552.938
172 8.575 0.962977 561.83
173 8.625 0.965492 570.85
174 8.675 0.950956 579.837
175 8.725 0.953163 588.95
176 8.775 0.970253 598.332
177 8.825 0.978332 607.901
178 8.875 0.970878 617.505
179 8.925 0.971776 627.226
180 8.975 0.973706 637.076
181 9.025 0.960747 646.904
182 9.075 0.967593 656.911
183 9.125 0.969331 667.048
184 9.175 0.963052 677.229
185 9.225 0.975915 687.659
186 9.275 0.990413 698.359
187 9.325 0.950747 708.741
188 9.375 0.94437 719.165
189 9.425 0.969448 729.98
190 9.475 0.958689 740.789
191 9.525 0.946895 751.578
192 9.575 0.965367 762.693
193 9.625 0.958479 773.844
194 9.675 0.975819 785.315
195 9.725 0.95876 796.703
196 9.775 0.929497 807.856
197 9.825 0.950994 819.385
198 9.875 0.982522 831.418
199 9.925 0.964059 843.344
200 9.975 0.948717 855.199
5433 200
1 0.025 0 0
2 0.075 0 0
3 0.125 0 0
4 0.175 0 0
5 0.225 0 0
6 0.275 0 0
7 0.325 0 0
8 0.375 0 0
9 0.425 0 0
10 0.475 0 0
11 0.525 0 0
12 0.575 0 0
13 0.625 0 0
14 0.675 0 0
15 0.725 0 0
16 0.775 0 0
17 0.825 0 0
18 0.875 0.0129968 0.00125
19 0.925 0.0232601 0.00375
20 0.975 0.743234 0.0925
21 1.025 2.38692 0.4075
22 1.075 3.22068 0.875
23 1.125 3.13739 1.37375
24 1.175 3.02026 1.8975
25 1.225 2.59971 2.3875
26 1.275 2.21618 2.84
27 1.325 2.07477 3.2975
28 1.375 1.67923 3.69625
29 1.425 1.37722 4.0475
30 1.475 1.53247 4.46625
31 1.525 1.28385 4.84125
32 1.575 1.324 5.25375
33 1.625 1.19855 5.65125
34 1.675 1.41541 6.15
35 1.725 1.32117 6.64375
36 1.775 1.41206 7.2025
37 1.825 1.28196 7.73875
38 1.875 1.39853 8.35625
39 1.925 1.36442 8.99125
40 1.975 1.38808 9.67125
41 2.025 1.40533 10.395
42 2.075 1.5927 11.2563
43 2.125 1.60019 12.1638
44 2.175 1.55692 13.0888
45 2.225 1.47768 14.0075
46 2.275 1.42883 14.9363
47 2.325 1.45457 15.9238
48 2.375 1.37986 16.9013
49 2.425 1.32863 17.8825
50 2.475 1.35185 18.9225
51 2.525 1.34412 19.9988
52 2.575 1.3975 21.1625
53 2.625 1.45311 22.42
54 2.675 1.29358 23.5825
55 2.725 1.32429 24.8175
56 2.775 1.30673 26.0813
57 2.825 1.22596 27.31
58 2.875 1.34505 28.7063
59 2.925 1.2727 30.0738
60 2.975 1.28651 31.5038
61 3.025 1.29763 32.995
62 3.075 1.31578 34.5575
63 3.125 1.30968 36.1638
64 3.175 1.28949 37.7963
65 3.225 1.29958 39.4938
66 3.275 1.31588 41.2663
67 3.325 1.22619 42.9688
68 3.375 1.27489 44.7925
69 3.425 1.232 46.6075
70 3.475 1.25697 48.5138
71 3.525 1.21195 50.405
72 3.575 1.29666 52.4862
73 3.625 1.23008 54.5162
74 3.675 1.23369 56.6088
75 3.725 1.18429 58.6725
76 3.775 1.16151 60.7512
77 3.825 1.19189 62.9412
78 3.875 1.26673 65.33
79 3.925 1.19202 67.6363
80 3.975 1.15529 69.9288
81 4.025 1.20049 72.3713
82 4.075 1.22875 74.9338
83 4.125 1.20032 77.4988
84 4.175 1.22713 80.185
85 4.225 1.21777 82.915
86 4.275 1.19218 85.6513
87 4.325 1.19616 88.4613
88 4.375 1.10814 91.125
89 4.425 1.16711 93.995
90 4.475 1.14267 96.8688
91 4.525 1.137 99.7925
92 4.575 1.1508 102.818
93 4.625 1.13815 105.875
94 4.675 1.1399 109.004
95 4.725 1.16494 112.27
96 4.775 1.12845 115.501
97 4.825 1.12143 118.78
98 4.875 1.08388 122.015
99 4.925 1.1416 125.493
100 4.975 1.1626 129.106
101 5.025 1.09504 132.579
102 5.075 1.09482 136.12
103 5.125 1.09554 139.734
104 5.175 1.13171 143.54
105 5.225 1.1262 147.401
106 5.275 1.08885 151.206
107 5.325 1.12782 155.223
108 5.375 1.12072 159.289
109 5.425 1.07276 163.254
110 5.475 1.07085 167.285
111 5.525 1.09232 171.473
112 5.575 1.03727 175.521
113 5.625 1.0403 179.655
114 5.675 1.07644 184.009
115 5.725 1.09325 188.509
116 5.775 1.05321 192.92
117 5.825 1.08127 197.528
118 5.875 1.06034 202.124
119 5.925 1.08165 206.893
120 5.975 1.03323 211.525
121 6.025 1.04741 216.3
122 6.075 1.02269 221.04
123 6.125 1.03711 225.926
124 6.175 1.04753 230.943
125 6.225 1.04335 236.02
126 6.275 1.01592 241.044
127 6.325 1.0452 246.295
128 6.375 1.03671 251.586
129 6.425 1.0474 257.016
130 6.475 1.04696 262.529
131 6.525 1.02536 268.011
132 6.575 1.01581 273.526
133 6.625 1.0239 279.17
134 6.675 1.00727 284.806
135 6.725 1.01084 290.548
136 6.775 1.01007 296.37
137 6.825 1.03379 302.418
138 6.875 1.03523 308.562
139 6.925 1.01203 314.658
140 6.975 1.01353 320.85
141 7.025 1.01106 327.116
142 7.075 0.991049 333.346
143 7.125 1.00366 339.745
144 7.175 1.01621 346.315
145 7.225 0.98846 352.795
146 7.275 1.00745 359.491
147 7.325 0.984102 366.123
148 7.375 0.983064 372.838
149 7.425 0.991715 379.704
150 7.475 1.00218 386.736
151 7.525 0.999984 393.848
152 7.575 0.980061 400.91
153 7.625 0.996182 408.184
154 7.675 0.96111 415.294
155 7.725 0.999913 422.788
156 7.775 0.997303 430.359
157 7.825 0.989312 437.966
158 7.875 0.977432 445.579
159 7.925 0.973695 453.259
160 7.975 0.963089 460.951
161 8.025 0.985591 468.923
162 8.075 0.965028 476.825
163 8.125 0.963439 484.813
164 8.175 0.977009 493.013
165 8.225 0.96605 501.22
166 8.275 0.996128 509.786
167 8.325 0.979746 518.314
168 8.375 0.982131 526.965
169 8.425 0.95873 535.511
170 8.475 0.953271 544.11
171 8.525 0.954311 552.82
172 8.575 0.968663 561.765
173 8.625 0.969105 570.819
174 8.675 0.953601 579.831
175 8.725 0.963492 589.043
176 8.775 0.96198 598.345
177 8.825 0.978715 607.918
178 8.875 0.97429 617.555
179 8.925 0.963654 627.195
180 8.975 0.97593 637.068
181 9.025 0.96869 646.976
182 9.075 0.956595 656.87
183 9.125 0.97483 667.064
184 9.175 0.964116 677.256
185 9.225 0.972757 687.653
186 9.275 0.98405 698.284
187 9.325 0.956585 708.73
188 9.375 0.950825 719.225
189 9.425 0.962725 729.965
190 9.475 0.958911 740.776
191 9.525 0.944262 751.535
192 9.575 0.96743 762.674
193 9.625 0.959984 773.843
194 9.675 0.974862 785.303
195 9.725 0.961286 796.72
196 9.775 0.92481 807.818
197 9.825 0.959037 819.444
198 9.875 0.976194 831.399
199 9.925 0.965575 843.344
200 9.975 0.952818 855.25
5434 200
1 0.025 0 0
2 0.075 0 0
3 0.125 0 0
4 0.175 0 0
5 0.225 0 0
6 0.275 0 0
7 0.325 0 0
8 0.375 0 0
9 0.425 0 0
10 0.475 0 0
11 0.525 0 0
12 0.575 0 0
13 0.625 0 0
14 0.675 0 0
15 0.725 0 0
16 0.775 0 0
17 0.825 0 0
18 0.875 0.0129968 0.00125
19 0.925 0.0814105 0.01
20 0.975 0.753702 0.1
21 1.025 2.36798 0.4125
22 1.075 3.2293 0.88125
23 1.125 3.15311 1.3825
24 1.175 2.97701 1.89875
25 1.225 2.62624 2.39375
26 1.275 2.19781 2.8425
27 1.325 2.07477 3.3
28 1.375 1.72134 3.70875
29 1.425 1.31841 4.045
30 1.475 1.53247 4.46375
31 1.525 1.28385 4.83875
32 1.575 1.31196 5.2475
33 1.625 1.20609 5.6475
34 1.675 1.41896 6.1475
35 1.725 1.33121 6.645
36 1.775 1.39627 7.1975
37 1.825 1.33874 7.7575
38 1.875 1.36455 8.36
39 1.925 1.40471 9.01375
40 1.975 1.3447 9.6725
41 2.025 1.41018 10.3987
42 2.075 1.62044 11.275
43 2.125 1.56051 12.16
44 2.175 1.55271 13.0825
45 2.225 1.47969 14.0025
46 2.275 1.47114 14.9588
47 2.325 1.37724 15.8938
48 2.375 1.4275 16.905
49 2.425 1.33709 17.8925
50 2.475 1.35348 18.9338
51 2.525 1.35036 20.015
52 2.575 1.37799 21.1625
53 2.625 1.45455 22.4213
54 2.675 1.28941 23.58
55 2.725 1.3645 24.8525
56 2.775 1.31061 26.12
57 2.825 1.20351 27.3263
58 2.875 1.31735 28.6938
59 2.925 1.29364 30.0838
60 2.975 1.28988 31.5175
61 3.025 1.28458 32.9938
62 3.075 1.31788 34.5588
63 3.125 1.30357 36.1575
64 3.175 1.29838 37.8013
65 3.225 1.2948 39.4925
66 3.275 1.31774 41.2675
67 3.325 1.23789 42.9863
68 3.375 1.23993 44.76
69 3.425 1.25151 46.6038
70 3.475 1.25779 48.5113
71 3.525 1.21516 50.4075
72 3.575 1.2842 52.4688
73 3.625 1.24599 54.525
74 3.675 1.23811 56.625
75 3.725 1.17497 58.6725
76 3.775 1.15173 60.7338
77 3.825 1.21162 62.96
78 3.875 1.26805 65.3513
79 3.925 1.17845 67.6313
80 3.975 1.16789 69.9488
81 4.025 1.20909 72.4087
82 4.075 1.21976 74.9525
83 4.125 1.18686 77.4887
84 4.175 1.21571 80.15
85 4.225 1.24342 82.9375
86 4.275 1.16767 85.6175
87 4.325 1.20787 88.455
88 4.375 1.11022 91.1237
89 4.425 1.16864 93.9975
90 4.475 1.14316 96.8725
91 4.525 1.13068 99.78
92 4.575 1.16364 102.839
93 4.625 1.12652 105.865
94 4.675 1.13716 108.986
95 4.725 1.17787 112.289
96 4.775 1.12888 115.521
97 4.825 1.10988 118.766
98 4.875 1.08514 122.005
99 4.925 1.14488 125.492
100 4.975 1.15576 129.085
101 5.025 1.09937 132.571
102 5.075 1.09559 136.115
103 5.125 1.09857 139.739
104 5.175 1.13357 143.551
105 5.225 1.12656 147.414
106 5.275 1.07883 151.184
107 5.325 1.14362 155.256
108 5.375 1.10625 159.27
109 5.425 1.07614 163.247
110 5.475 1.07384 167.29
111 5.525 1.08547 171.451
112 5.575 1.04143 175.516
113 5.625 1.04313 179.661
114 5.675 1.07335 184.002
115 5.725 1.09356 188.504
116 5.775 1.04963 192.9
117 5.825 1.08068 197.505
118 5.875 1.06265 202.111
119 5.925 1.08817 206.909
120 5.975 1.03072 211.53
121 6.025 1.04824 216.309
122 6.075 1.01136 220.996
123 6.125 1.04904 225.939
124 6.175 1.0504 230.969
125 6.225 1.03667 236.014
126 6.275 1.02527 241.084
127 6.325 1.03451 246.281
128 6.375 1.03426 251.56
129 6.425 1.04523 256.979
130 6.475 1.05028 262.509
131 6.525 1.03308 268.032
132 6.575 1.01351 273.535
133 6.625 1.01528 279.131
134 6.675 1.02269 284.854
135 6.725 1.00776 290.577
136 6.775 1.00812 296.389
137 6.825 1.03058 302.417
138 6.875 1.03986 308.59
139 6.925 1.00186 314.624
140 6.975 1.02069 320.86
141 7.025 1.01388 327.144
142 7.075 0.986475 333.345
143 7.125 1.00287 339.739
144 7.175 1.01911 346.327
145 7.225 0.983693 352.776
146 7.275 1.00407 359.45
147 7.325 0.99987 366.187
148 7.375 0.973731 372.839
149 7.425 0.991173 379.701
150 7.475 0.999868 386.717
151 7.525 0.999984 393.829
152 7.575 0.985265 400.929
153 7.625 0.985055 408.121
154 7.675 0.968882 415.289
155 7.725 0.993075 422.731
156 7.775 1.00191 430.337
157 7.825 0.987362 437.93
158 7.875 0.979839 445.561
159 7.925 0.97528 453.254
160 7.975 0.965906 460.969
161 8.025 0.983582 468.924
162 8.075 0.969454 476.862
163 8.125 0.964043 484.855
164 8.175 0.975818 493.045
165 8.225 0.97576 501.335
166 8.275 0.982028 509.78
167 8.325 0.97673 518.281
168 8.375 0.984402 526.952
169 8.425 0.959571 535.506
170 8.475 0.960061 544.166
171 8.525 0.945819 552.799
172 8.575 0.973265 561.786
173 8.625 0.961344 570.768
174 8.675 0.957437 579.816
175 8.725 0.966107 589.053
176 8.775 0.95668 598.304
177 8.825 0.978332 607.873
178 8.875 0.982251 617.589
179 8.925 0.967777 627.27
180 8.975 0.966168 637.044
181 9.025 0.966124 646.926
182 9.075 0.961188 656.868
183 9.125 0.973156 667.044
184 9.175 0.963761 677.233
185 9.225 0.976968 687.674
186 9.275 0.982777 698.291
187 9.325 0.953837 708.707
188 9.375 0.951844 719.214
189 9.425 0.957683 729.898
190 9.475 0.962237 740.746
191 9.525 0.950406 751.575
192 9.575 0.957659 762.601
193 9.625 0.969009 773.875
194 9.675 0.978265 785.375
195 9.725 0.953708 796.702
196 9.775 0.932414 807.891
197 9.825 0.9545 819.462
198 9.875 0.972928 831.377
199 9.925 0.966484 843.334
200 9.975 0.949217 855.195
5435 200
1 0.025 0 0
2 0.075 0 0
3 0.125 0 0
4 0.175 0 0
5 0.225 0 0
6 0.275 0 0
7 0.325 0 0
8 0.375 0 0
9 0.425 0 0
10 0.475 0 0
11 0.525 0 0
12 0.575 0 0
13 0.625 0 0
14 0.675 0 0
15 0.725 0 0
16 0.775 0 0
17 0.825 0 0
18 0.875 0 0
19 0.925 0.116301 0.0125
20 0.975 0.774638 0.105
21 1.025 2.30168 0.40875
22 1.075 3.23791 0.87875
23 1.125 3.12952 1.37625
24 1.175 2.98422 1.89375
25 1.225 2.6594 2.395
26 1.275 2.17332 2.83875
27 1.325 2.05776 3.2925
28 1.375 1.68975 3.69375
29 1.425 1.42623 4.0575
30 1.475 1.48672 4.46375
31 1.525 1.31381 4.8475
32 1.575 1.27184 5.24375
33 1.625 1.28524 5.67
34 1.675 1.35511 6.1475
35 1.725 1.32117 6.64125
36 1.775 1.4247 7.205
37 1.825 1.34472 7.7675
38 1.875 1.31643 8.34875
39 1.925 1.43157 9.015
40 1.975 1.3498 9.67625
41 2.025 1.41018 10.4025
42 2.075 1.59963 11.2675
43 2.125 1.58917 12.1688
44 2.175 1.56954 13.1013
45 2.225 1.46763 14.0138
46 2.275 1.45767 14.9613
47 2.325 1.37172 15.8925
48 2.375 1.41339 16.8938
49 2.425 1.36586 17.9025
50 2.475 1.32423 18.9213
51 2.525 1.37378 20.0213
52 2.575 1.38399 21.1738
53 2.625 1.42711 22.4088
54 2.675 1.30471 23.5813
55 2.725 1.36986 24.8588
56 2.775 1.32741 26.1425
57 2.825 1.19728 27.3425
58 2.875 1.31254 28.705
59 2.925 1.28783 30.0888
60 2.975 1.26852 31.4988
61 3.025 1.31395 33.0087
62 3.075 1.3063 34.56
63 3.125 1.32089 36.18
64 3.175 1.2885 37.8113
65 3.225 1.30054 39.51
66 3.275 1.29361 41.2525
67 3.325 1.2487 42.9862
68 3.375 1.25566 44.7825
69 3.425 1.23709 46.605
70 3.475 1.24378 48.4912
71 3.525 1.24399 50.4325
72 3.575 1.25461 52.4462
73 3.625 1.27099 54.5437
74 3.675 1.22263 56.6175
75 3.725 1.17425 58.6637
76 3.775 1.15383 60.7287
77 3.825 1.22114 62.9725
78 3.875 1.26739 65.3625
79 3.925 1.1707 67.6275
80 3.975 1.17545 69.96
81 4.025 1.20049 72.4025
82 4.075 1.22036 74.9475
83 4.125 1.19681 77.505
84 4.175 1.21342 80.1612
85 4.225 1.22781 82.9137
86 4.275 1.18455 85.6325
87 4.325 1.18659 88.42
88 4.375 1.12686 91.1287
89 4.425 1.17016 94.0062
90 4.475 1.14764 96.8925
91 4.525 1.13797 99.8187
92 4.575 1.15936 102.866
93 4.625 1.11907 105.872
94 4.675 1.12578 108.962
95 4.725 1.18678 112.29
96 4.775 1.13762 115.547
97 4.825 1.0915 118.739
98 4.875 1.09812 122.016
99 4.925 1.1379 125.482
100 4.975 1.1634 129.099
101 5.025 1.11159 132.624
102 5.075 1.07202 136.091
103 5.125 1.10198 139.726
104 5.175 1.14174 143.566
105 5.225 1.12291 147.416
106 5.275 1.08635 151.212
107 5.325 1.13273 155.246
108 5.375 1.1028 159.247
109 5.425 1.08223 163.247
110 5.475 1.08347 167.326
111 5.525 1.08319 171.479
112 5.575 1.03919 175.535
113 5.625 1.03873 179.662
114 5.675 1.08386 184.046
115 5.725 1.09234 188.542
116 5.775 1.03978 192.897
117 5.825 1.08303 197.512
118 5.875 1.05948 202.105
119 5.925 1.08619 206.894
120 5.975 1.04132 211.562
121 6.025 1.03974 216.302
122 6.075 1.00678 220.969
123 6.125 1.05037 225.917
124 6.175 1.04387 230.916
125 6.225 1.03796 235.967
126 6.275 1.03918 241.106
127 6.325 1.03426 246.302
128 6.375 1.0301 251.56
129 6.425 1.04089 256.956
130 6.475 1.04458 262.456
131 6.525 1.03541 267.992
132 6.575 1.0241 273.552
133 6.625 1.01891 279.169
134 6.675 1.02045 284.879
135 6.725 1.00049 290.561
136 6.775 1.01571 296.416
137 6.825 1.02353 302.404
138 6.875 1.03439 308.544
139 6.925 1.01494 314.656
140 6.975 1.02417 320.914
141 7.025 1.0048 327.141
142 7.075 0.985282 333.335
143 7.125 1.00679 339.754
144 7.175 1.01021 346.285
145 7.225 0.997422 352.824
146 7.275 0.993538 359.427
147 7.325 1.00506 366.2
148 7.375 0.974646 372.857
149 7.425 0.989729 379.71
150 7.475 0.98918 386.651
151 7.525 1.01088 393.84
152 7.575 0.981969 400.916
153 7.625 0.980261 408.074
154 7.675 0.981217 415.333
155 7.725 0.989072 422.745
156 7.775 0.999772 430.335
157 7.825 0.991263 437.958
158 7.875 0.974222 445.545
159 7.925 0.968624 453.185
160 7.975 0.975139 460.974
161 8.025 0.985436 468.944
162 8.075 0.974186 476.921
163 8.125 0.950322 484.8
164 8.175 0.977307 493.003
165 8.225 0.987383 501.391
166 8.275 0.973888 509.766
167 8.325 0.979315 518.29
168 8.375 0.982415 526.944
169 8.425 0.959992 535.501
170 8.475 0.960061 544.161
171 8.525 0.951845 552.849
172 8.575 0.96406 561.751
173 8.625 0.953986 570.664
174 8.675 0.966166 579.795
175 8.725 0.966107 589.031
176 8.775 0.956551 598.281
177 8.825 0.979993 607.866
178 8.875 0.975806 617.519
179 8.925 0.973151 627.254
180 8.975 0.9742 637.109
181 9.025 0.956592 646.894
182 9.075 0.966264 656.888
183 9.125 0.971602 667.048
184 9.175 0.961042 677.208
185 9.225 0.974278 687.62
186 9.275 0.981389 698.223
187 9.325 0.958073 708.685
188 9.375 0.960224 719.284
189 9.425 0.952304 729.908
190 9.475 0.960685 740.739
191 9.525 0.955233 751.622
192 9.575 0.953316 762.599
193 9.625 0.964603 773.821
194 9.675 0.979328 785.334
195 9.725 0.958128 796.714
196 9.775 0.927518 807.844
197 9.825 0.956047 819.434
198 9.875 0.972315 831.341
199 9.925 0.966989 843.304
200 9.975 0.954018 855.225
5436 200
1 0.025 0 0
2 0.075 0 0
3 0.125 0 0
4 0.175 0 0
5 0.225 0 0
6 0.275 0 0
7 0.325 0 0
8 0.375 0 0
9 0.425 0 0
10 0.475 0 0
11 0.525 0 0
12 0.575 0 0
13 0.625 0 0
14 0.675 0 0
15 0.725 0 0
16 0.775 0 0
17 0.825 0 0
18 0.875 0 0
19 0.925 0.127931 0.01375
20 0.975 0.795575 0.10875
21 1.025 2.28273 0.41
22 1.075 3.17763 0.87125
23 1.125 3.19243 1.37875
24 1.175 3.08514 1.91375
25 1.225 2.57318 2.39875
26 1.275 2.10598 2.82875
27 1.325 2.12579 3.2975
28 1.375 1.67396 3.695
29 1.425 1.43113 4.06
30 1.475 1.45012 4.45625
31 1.525 1.36088 4.85375
32 1.575 1.28789 5.255
33 1.625 1.26263 5.67375
34 1.675 1.35511 6.15125
35 1.725 1.31114 6.64125
36 1.775 1.44997 7.215
37 1.825 1.32978 7.77125
38 1.875 1.33907 8.3625
39 1.925 1.39665 9.0125
40 1.975 1.33449 9.66625
41 2.025 1.43446 10.405
42 2.075 1.60657 11.2738
43 2.125 1.59137 12.1763
44 2.175 1.56533 13.1063
45 2.225 1.47366 14.0225
46 2.275 1.44614 14.9625
47 2.325 1.36067 15.8863
48 2.375 1.43633 16.9038
49 2.425 1.36248 17.91
50 2.475 1.29174 18.9038
51 2.525 1.39876 20.0238
52 2.575 1.38249 21.175
53 2.625 1.42133 22.405
54 2.675 1.31584 23.5875
55 2.725 1.35914 24.855
56 2.775 1.31965 26.1313
57 2.825 1.21723 27.3513
58 2.875 1.29809 28.6988
59 2.925 1.27852 30.0725
60 2.975 1.27976 31.495
61 3.025 1.32156 33.0138
62 3.075 1.28735 34.5425
63 3.125 1.34433 36.1913
64 3.175 1.27073 37.8
65 3.225 1.29958 39.4975
66 3.275 1.30567 41.2563
67 3.325 1.2622 43.0087
68 3.375 1.23294 44.7725
69 3.425 1.2566 46.6238
70 3.475 1.2545 48.5263
71 3.525 1.21035 50.415
72 3.575 1.27563 52.4625
73 3.625 1.24826 54.5225
74 3.675 1.23369 56.615
75 3.725 1.17927 58.67
76 3.775 1.17129 60.7663
77 3.825 1.19801 62.9675
78 3.875 1.27534 65.3725
79 3.925 1.1791 67.6538
80 3.975 1.19057 70.0162
81 4.025 1.1667 72.39
82 4.075 1.21916 74.9325
83 4.125 1.20734 77.5125
84 4.175 1.21171 80.165
85 4.225 1.22112 82.9025
86 4.275 1.18237 85.6163
87 4.325 1.18446 88.3988
88 4.375 1.13206 91.12
89 4.425 1.18846 94.0425
90 4.475 1.12776 96.8787
91 4.525 1.12728 99.7775
92 4.575 1.17553 102.868
93 4.625 1.11582 105.865
94 4.675 1.13215 108.973
95 4.725 1.1908 112.311
96 4.775 1.12365 115.529
97 4.825 1.09449 118.729
98 4.875 1.0977 122.005
99 4.925 1.13298 125.456
100 4.975 1.17507 129.109
101 5.025 1.09661 132.586
102 5.075 1.08902 136.109
103 5.125 1.10236 139.745
104 5.175 1.13022 143.546
105 5.225 1.12109 147.39
106 5.275 1.1028 151.244
107 5.325 1.12747 155.259
108 5.375 1.08833 159.208
109 5.425 1.09339 163.249
110 5.475 1.07749 167.305
111 5.525 1.08906 171.48
112 5.575 1.03951 175.538
113 5.625 1.03747 179.66
114 5.675 1.07861 184.023
115 5.725 1.09022 188.51
116 5.775 1.04695 192.895
117 5.825 1.07804 197.489
118 5.875 1.06755 202.116
119 5.925 1.07201 206.843
120 5.975 1.06223 211.605
121 6.025 1.02959 216.299
122 6.075 0.999229 220.93
123 6.125 1.0639 225.942
124 6.175 1.04204 230.933
125 6.225 1.03719 235.98
126 6.275 1.03665 241.106
127 6.325 1.02331 246.248
128 6.375 1.04773 251.595
129 6.425 1.03631 256.967
130 6.475 1.0536 262.515
131 6.525 1.02069 267.972
132 6.575 1.03032 273.566
133 6.625 1.02412 279.211
134 6.675 1.00884 284.856
135 6.725 1.00622 290.571
136 6.775 1.00898 296.387
137 6.825 1.02866 302.405
138 6.875 1.03186 308.53
139 6.925 1.01597 314.649
140 6.975 1.02683 320.922
141 7.025 1.004 327.145
142 7.075 0.986674 333.347
143 7.125 1.0066 339.765
144 7.175 1.00344 346.252
145 7.225 1.00143 352.817
146 7.275 0.989965 359.397
147 7.325 1.01211 366.217
148 7.375 0.983979 372.939
149 7.425 0.973119 379.676
150 7.475 0.992565 386.641
151 7.525 1.01123 393.832
152 7.575 0.979714 400.892
153 7.625 0.983856 408.076
154 7.675 0.981555 415.337
155 7.725 0.987571 422.739
156 7.775 0.994668 430.29
157 7.825 1.00069 437.985
158 7.875 0.97695 445.594
159 7.925 0.958005 453.15
160 7.975 0.977174 460.955
161 8.025 0.985745 468.927
162 8.075 0.974492 476.907
163 8.125 0.952433 484.804
164 8.175 0.977754 493.01
165 8.225 0.986942 501.395
166 8.275 0.97258 509.759
167 8.325 0.978885 518.279
168 8.375 0.975036 526.867
169 8.425 0.972752 535.539
170 8.475 0.951746 544.124
171 8.525 0.961022 552.895
172 8.575 0.96203 561.779
173 8.625 0.956929 570.719
174 8.675 0.961934 579.81
175 8.725 0.968853 589.072
176 8.775 0.957843 598.335
177 8.825 0.978715 607.908
178 8.875 0.972647 617.529
179 8.925 0.974275 627.275
180 8.975 0.969628 637.084
181 9.025 0.957081 646.874
182 9.075 0.969285 656.899
183 9.125 0.972917 667.073
184 9.175 0.954065 677.159
185 9.225 0.972056 687.548
186 9.275 0.988331 698.225
187 9.325 0.957844 708.685
188 9.375 0.958639 719.266
189 9.425 0.95264 729.894
190 9.475 0.963678 740.759
191 9.525 0.953697 751.625
192 9.575 0.948322 762.544
193 9.625 0.969116 773.819
194 9.675 0.964655 785.159
195 9.725 0.966758 796.641
196 9.775 0.934914 807.86
197 9.825 0.956665 819.458
198 9.875 0.97007 831.338
199 9.925 0.965575 843.283
200 9.975 0.95832 855.258
5437 200
1 0.025 0 0
2 0.075 0 0
3 0.125 0 0
4 0.175 0 0
5 0.225 0 0
6 0.275 0 0
7 0.325 0 0
8 0.375 0 0
9 0.425 0 0
10 0.475 0 0
11 0.525 0 0
12 0.575 0 0
13 0.625 0 0
14 0.675 0 0
15 0.725 0 0
16 0.775 0 0
17 0.825 0 0
18 0.875 0 0
19 0.925 0.116301 0.0125
20 0.975 0.816511 0.11
21 1.025 2.18801 0.39875
22 1.075 3.28958 0.87625
23 1.125 3.20029 1.385
24 1.175 3.07072 1.9175
25 1.225 2.60634 2.40875
26 1.275 2.03864 2.825
27 1.325 2.09744 3.2875
28 1.375 1.73187 3.69875
29 1.425 1.45074 4.06875
30 1.475 1.39066 4.44875
31 1.525 1.37372 4.85
32 1.575 1.27585 5.2475
33 1.625 1.28147 5.6725
34 1.675 1.36575 6.15375
35 1.725 1.33121 6.65125
36 1.775 1.43417 7.21875
37 1.825 1.33277 7.77625
38 1.875 1.31076 8.355
39 1.925 1.43157 9.02125
40 1.975 1.31408 9.665
41 2.025 1.41747 10.395
42 2.075 1.62506 11.2737
43 2.125 1.52745 12.14
44 2.175 1.60531 13.0938
45 2.225 1.48572 14.0175
46 2.275 1.41921 14.94
47 2.325 1.38829 15.8825
48 2.375 1.45221 16.9112
49 2.425 1.36078 17.9162
50 2.475 1.27711 18.8987
51 2.525 1.405 20.0237
52 2.575 1.40051 21.19
53 2.625 1.40544 22.4062
54 2.675 1.32558 23.5975
55 2.725 1.36852 24.8738
56 2.775 1.30673 26.1375
57 2.825 1.24467 27.385
58 2.875 1.26317 28.6963
59 2.925 1.30993 30.1038
60 2.975 1.24828 31.4913
61 3.025 1.32918 33.0188
62 3.075 1.29893 34.5613
63 3.125 1.3423 36.2075
64 3.175 1.27172 37.8175
65 3.225 1.27661 39.485
66 3.275 1.30196 41.2387
67 3.325 1.29101 43.0312
68 3.375 1.21634 44.7712
69 3.425 1.24727 46.6087
70 3.475 1.26109 48.5212
71 3.525 1.19913 50.3925
72 3.575 1.26551 52.4237
73 3.625 1.27326 54.525
74 3.675 1.2499 56.645
75 3.725 1.16421 58.6737
76 3.775 1.17688 60.78
77 3.825 1.2123 63.0075
78 3.875 1.25413 65.3725
79 3.925 1.18039 67.6562
80 3.975 1.18112 70
81 4.025 1.17223 72.385
82 4.075 1.22216 74.9337
83 4.125 1.21026 77.52
84 4.175 1.2197 80.19
85 4.225 1.21052 82.9038
86 4.275 1.18401 85.6213
87 4.325 1.18073 88.395
88 4.375 1.14246 91.1413
89 4.425 1.17982 94.0425
90 4.475 1.11434 96.845
91 4.525 1.137 99.7688
92 4.575 1.18456 102.883
93 4.625 1.10744 105.858
94 4.675 1.14809 109.009
95 4.725 1.16539 112.276
96 4.775 1.13805 115.535
97 4.825 1.08979 118.721
98 4.875 1.1065 122.024
99 4.925 1.12436 125.449
100 4.975 1.17627 129.105
101 5.025 1.1041 132.606
102 5.075 1.08554 136.118
103 5.125 1.1035 139.757
104 5.175 1.12836 143.552
105 5.225 1.11343 147.37
106 5.275 1.11103 151.252
107 5.325 1.12712 155.266
108 5.375 1.08523 159.204
109 5.425 1.1032 163.281
110 5.475 1.07185 167.316
111 5.525 1.08156 171.462
112 5.575 1.04527 175.542
113 5.625 1.03998 179.675
114 5.675 1.0817 184.05
115 5.725 1.07534 188.476
116 5.775 1.05799 192.907
117 5.825 1.08391 197.526
118 5.875 1.06265 202.132
119 5.925 1.05358 206.777
120 5.975 1.07589 211.601
121 6.025 1.02849 216.29
122 6.075 0.995992 220.906
123 6.125 1.06311 225.915
124 6.175 1.047 230.929
125 6.225 1.04001 235.99
126 6.275 1.02982 241.082
127 6.325 1.02754 246.245
128 6.375 1.05165 251.612
129 6.425 1.03366 256.971
130 6.475 1.05028 262.501
131 6.525 1.01928 267.951
132 6.575 1.04022 273.599
133 6.625 1.0112 279.172
134 6.675 1.01643 284.86
135 6.725 1.00181 290.55
136 6.775 1.01375 296.394
137 6.825 1.02631 302.397
138 6.875 1.02449 308.479
139 6.925 1.02677 314.662
140 6.975 1.02294 320.912
141 7.025 1.00359 327.132
142 7.075 0.984089 333.319
143 7.125 1.01091 339.764
144 7.175 1.00402 346.255
145 7.225 0.999138 352.805
146 7.275 0.994102 359.412
147 7.325 1.00247 366.167
148 7.375 0.987273 372.911
149 7.425 0.984673 379.729
150 7.475 0.984192 386.635
151 7.525 1.0035 393.771
152 7.575 0.985439 400.872
153 7.625 0.980775 408.034
154 7.675 0.987976 415.342
155 7.725 0.986737 422.737
156 7.775 0.998455 430.317
157 7.825 0.995815 437.975
158 7.875 0.971814 445.544
159 7.925 0.970842 453.201
160 7.975 0.968879 460.94
161 8.025 0.988836 468.937
162 8.075 0.966707 476.854
163 8.125 0.958162 484.797
164 8.175 0.982073 493.04
165 8.225 0.988707 501.44
166 8.275 0.975487 509.829
167 8.325 0.977592 518.337
168 8.375 0.960704 526.8
169 8.425 0.976258 535.502
170 8.475 0.950222 544.074
171 8.525 0.964172 552.874
172 8.575 0.964602 561.781
173 8.625 0.959605 570.746
174 8.675 0.956511 579.786
175 8.725 0.974606 589.104
176 8.775 0.956938 598.357
177 8.825 0.978843 607.931
178 8.875 0.967845 617.505
179 8.925 0.976649 627.275
180 8.975 0.965674 637.044
181 9.025 0.957203 646.835
182 9.075 0.979558 656.966
183 9.125 0.96957 667.105
184 9.175 0.952647 677.176
185 9.225 0.970301 687.546
186 9.275 0.988909 698.23
187 9.325 0.953837 708.646
188 9.375 0.960564 719.249
189 9.425 0.956002 729.914
190 9.475 0.959908 740.736
191 9.525 0.953148 751.596
192 9.575 0.954402 762.585
193 9.625 0.959017 773.742
194 9.675 0.969971 785.145
195 9.725 0.966758 796.627
196 9.775 0.931581 807.806
197 9.825 0.971823 819.587
198 9.875 0.958434 831.325
199 9.925 0.963756 843.247
200 9.975 0.955919 855.192
5438 200
1 0.025 0 0
2 0.075 0 0
3 0.125 0 0
4 0.175 0 0
5 0.225 0 0
6 0.275 0 0
7 0.325 0 0
8 0.375 0 0
9 0.425 0 0
10 0.475 0 0
11 0.525 0 0
12 0.575 0 0
13 0.625 0 0
14 0.675 0 0
15 0.725 0 0
16 0.775 0 0
17 0.825 0 0
18 0.875 0 0
19 0.925 0.127931 0.01375
20 0.975 0.722298 0.1
21 1.025 2.2922 0.4025
22 1.075 3.19485 0.86625
23 1.125 3.3261 1.395
24 1.175 2.99143 1.91375
25 1.225 2.60634 2.405
26 1.275 2.12435 2.83875
27 1.325 2.08044 3.2975
28 1.375 1.67396 3.695
29 1.425 1.48015 4.0725
30 1.475 1.33119 4.43625
31 1.525 1.45503 4.86125
32 1.575 1.23172 5.245
33 1.625 1.30786 5.67875
34 1.675 1.35865 6.1575
35 1.725 1.29442 6.64125
36 1.775 1.47524 7.225
37 1.825 1.32679 7.78
38 1.875 1.34474 8.37375
39 1.925 1.38054 9.01625
40 1.975 1.33194 9.66875
41 2.025 1.42232 10.4012
42 2.075 1.61581 11.275
43 2.125 1.53627 12.1462
44 2.175 1.56323 13.075
45 2.225 1.51387 14.0162
46 2.275 1.44998 14.9588
47 2.325 1.35515 15.8788
48 2.375 1.43809 16.8975
49 2.425 1.35909 17.9013
50 2.475 1.28686 18.8912
51 2.525 1.42374 20.0312
52 2.575 1.41252 21.2075
53 2.625 1.339 22.3663
54 2.675 1.37565 23.6025
55 2.725 1.37388 24.8837
56 2.775 1.31448 26.155
57 2.825 1.23719 27.395
58 2.875 1.26557 28.7087
59 2.925 1.29713 30.1025
60 2.975 1.26177 31.505
61 3.025 1.30742 33.0075
62 3.075 1.3063 34.5587
63 3.125 1.35249 36.2175
64 3.175 1.28357 37.8425
65 3.225 1.29192 39.53
66 3.275 1.26763 41.2375
67 3.325 1.29911 43.0412
68 3.375 1.22333 44.7912
69 3.425 1.22012 46.5887
70 3.475 1.27428 48.5212
71 3.525 1.20875 50.4075
72 3.575 1.26785 52.4425
73 3.625 1.25356 54.5112
74 3.675 1.24253 56.6187
75 3.725 1.17999 58.675
76 3.775 1.17059 60.77
77 3.825 1.22999 63.03
78 3.875 1.24485 65.3775
79 3.925 1.1862 67.6725
80 3.975 1.16411 69.9825
81 4.025 1.18267 72.3887
82 4.075 1.21317 74.9187
83 4.125 1.21494 77.515
84 4.175 1.22656 80.2
85 4.225 1.20885 82.91
86 4.275 1.19544 85.6537
87 4.325 1.15626 88.37
88 4.375 1.15858 91.155
89 4.425 1.17067 94.0337
90 4.475 1.10539 96.8137
91 4.525 1.15061 99.7725
92 4.575 1.18219 102.88
93 4.625 1.09814 105.83
94 4.675 1.16631 109.031
95 4.725 1.16806 112.306
96 4.775 1.12408 115.525
97 4.825 1.08979 118.711
98 4.875 1.11948 122.052
99 4.925 1.11698 125.455
100 4.975 1.16461 129.075
101 5.025 1.10804 132.589
102 5.075 1.09791 136.14
103 5.125 1.09251 139.744
104 5.175 1.12242 143.519
105 5.225 1.12255 147.367
106 5.275 1.11961 151.28
107 5.325 1.10676 155.221
108 5.375 1.10211 159.22
109 5.425 1.09812 163.279
110 5.475 1.07882 167.34
111 5.525 1.07015 171.442
112 5.575 1.04143 175.507
113 5.625 1.04407 179.656
114 5.675 1.0817 184.031
115 5.725 1.07442 188.454
116 5.775 1.07411 192.952
117 5.825 1.06983 197.511
118 5.875 1.07274 202.161
119 5.925 1.0499 206.79
120 5.975 1.07701 211.619
121 6.025 1.02685 216.3
122 6.075 0.995183 220.913
123 6.125 1.06072 225.91
124 6.175 1.04726 230.925
125 6.225 1.03719 235.973
126 6.275 1.03589 241.095
127 6.325 1.02082 246.224
128 6.375 1.05091 251.588
129 6.425 1.03607 256.959
130 6.475 1.04933 262.484
131 6.525 1.01858 267.93
132 6.575 1.04413 273.599
133 6.625 1.01505 279.194
134 6.675 1.01308 284.863
135 6.725 1.00049 290.545
136 6.775 1.00877 296.36
137 6.825 1.0293 302.381
138 6.875 1.02807 308.484
139 6.925 1.02967 314.685
140 6.975 1.02356 320.939
141 7.025 0.998349 327.126
142 7.075 0.988861 333.343
143 7.125 1.01228 339.796
144 7.175 1.0019 346.274
145 7.225 0.991702 352.775
146 7.275 0.998992 359.415
147 7.325 0.995047 366.12
148 7.375 0.99075 372.888
149 7.425 0.984854 379.706
150 7.475 0.988824 386.645
151 7.525 0.994886 393.72
152 7.575 0.999316 400.921
153 7.625 0.968277 407.991
154 7.675 0.992538 415.334
155 7.725 0.992741 422.774
156 7.775 0.998455 430.354
157 7.825 0.9885 437.955
158 7.875 0.967962 445.494
159 7.925 0.982411 453.243
160 7.975 0.960272 460.913
161 8.025 0.988064 468.904
162 8.075 0.977697 476.91
163 8.125 0.955147 484.829
164 8.175 0.979392 493.049
165 8.225 0.986648 501.431
166 8.275 0.980284 509.861
167 8.325 0.968831 518.294
168 8.375 0.961697 526.765
169 8.425 0.97766 535.48
170 8.475 0.953409 544.08
171 8.525 0.963487 552.874
172 8.575 0.964196 561.778
173 8.625 0.953718 570.688
174 8.675 0.956643 579.729
175 8.725 0.979182 589.09
176 8.775 0.961592 598.389
177 8.825 0.971558 607.891
178 8.875 0.968856 617.475
179 8.925 0.983272 627.311
180 8.975 0.96172 637.04
181 9.025 0.962703 646.888
182 9.075 0.973999 656.961
183 9.125 0.969092 667.095
184 9.175 0.954302 677.184
185 9.225 0.968664 687.536
186 9.275 0.987405 698.204
187 9.325 0.954066 708.623
188 9.375 0.960677 719.226
189 9.425 0.955666 729.888
190 9.475 0.965563 740.774
191 9.525 0.945249 751.544
192 9.575 0.960699 762.605
193 9.625 0.958264 773.754
194 9.675 0.960401 785.044
195 9.725 0.971389 796.581
196 9.775 0.932831 807.775
197 9.825 0.970379 819.539
198 9.875 0.965375 831.361
199 9.925 0.956582 843.195
200 9.975 0.965122 855.255
5439 200
1 0.025 0 0
2 0.075 0 0
3 0.125 0 0
4 0.175 0 0
5 0.225 0 0
6 0.275 0 0
7 0.325 0 0
8 0.375 0 0
9 0.425 0 0
10 0.475 0 0
11 0.525 0 0
12 0.575 0 0
13 0.625 0 0
14 0.675 0 0
15 0.725 0 0
16 0.775 0 0
17 0.825 0 0
18 0.875 0 0
19 0.925 0.139561 0.015
20 0.975 0.743234 0.10375
21 1.025 2.25432 0.40125
22 1.075 3.14318 0.8575
23 1.125 3.2632 1.37625
24 1.175 3.08514 1.91125
25 1.225 2.61298 2.40375
26 1.275 2.13659 2.84
27 1.325 1.9784 3.27625
28 1.375 1.72134 3.685
29 1.425 1.56837 4.085
30 1.475 1.30831 4.4425
31 1.525 1.45075 4.86625
32 1.575 1.21968 5.24625
33 1.625 1.30409 5.67875
34 1.675 1.3622 6.15875
35 1.725 1.3078 6.6475
36 1.775 1.43733 7.21625
37 1.825 1.3746 7.79125
38 1.875 1.33058 8.37875
39 1.925 1.35905 9.01125
40 1.975 1.36001 9.6775
41 2.025 1.43688 10.4175
42 2.075 1.58114 11.2725
43 2.125 1.53186 12.1413
44 2.175 1.57796 13.0788
45 2.225 1.51789 14.0225
46 2.275 1.45575 14.9688
47 2.325 1.34962 15.885
48 2.375 1.40809 16.8825
49 2.425 1.36586 17.8912
50 2.475 1.31286 18.9013
51 2.525 1.42374 20.0413
52 2.575 1.40951 21.215
53 2.625 1.29133 22.3325
54 2.675 1.42433 23.6125
55 2.725 1.3578 24.8788
56 2.775 1.32482 26.16
57 2.825 1.23719 27.4
58 2.875 1.274 28.7225
59 2.925 1.29481 30.1138
60 2.975 1.2404 31.4925
61 3.025 1.31721 33.0063
62 3.075 1.33472 34.5913
63 3.125 1.34026 36.235
64 3.175 1.27172 37.845
65 3.225 1.29958 39.5425
66 3.275 1.27598 41.2613
67 3.325 1.2685 43.0225
68 3.375 1.22945 44.7812
69 3.425 1.21333 46.5688
70 3.475 1.29324 48.53
71 3.525 1.21115 50.42
72 3.575 1.25305 52.4312
73 3.625 1.24826 54.4913
74 3.675 1.24401 56.6013
75 3.725 1.18286 58.6625
76 3.775 1.17827 60.7713
77 3.825 1.23543 63.0413
78 3.875 1.23491 65.37
79 3.925 1.18362 67.66
80 3.975 1.18301 70.0075
81 4.025 1.16424 72.3763
82 4.075 1.23355 74.9488
83 4.125 1.20032 77.5138
84 4.175 1.22827 80.2025
85 4.225 1.2122 82.92
86 4.275 1.1742 85.615
87 4.325 1.16796 88.3588
88 4.375 1.17054 91.1725
89 4.425 1.15186 94.005
90 4.475 1.11782 96.8163
91 4.525 1.1545 99.785
92 4.575 1.1741 102.871
93 4.625 1.09767 105.82
94 4.675 1.17223 109.038
95 4.725 1.16316 112.299
96 4.775 1.12059 115.508
97 4.825 1.0992 118.721
98 4.875 1.11278 122.043
99 4.925 1.11533 125.44
100 4.975 1.17507 129.093
101 5.025 1.08794 132.543
102 5.075 1.11221 136.14
103 5.125 1.10426 139.783
104 5.175 1.10383 143.495
105 5.225 1.1364 147.391
106 5.275 1.10924 151.268
107 5.325 1.10992 155.22
108 5.375 1.10694 159.236
109 5.425 1.09542 163.285
110 5.475 1.09111 167.393
111 5.525 1.06265 171.466
112 5.575 1.02798 175.479
113 5.625 1.0598 179.69
114 5.675 1.08231 184.068
115 5.725 1.06197 188.439
116 5.775 1.07142 192.926
117 5.825 1.07071 197.489
118 5.875 1.07361 202.143
119 5.925 1.06067 206.819
120 5.975 1.06613 211.599
121 6.025 1.02767 216.284
122 6.075 1.00193 220.928
123 6.125 1.05382 225.893
124 6.175 1.0457 230.9
125 6.225 1.04027 235.963
126 6.275 1.03791 241.095
127 6.325 1.02231 246.231
128 6.375 1.05557 251.619
129 6.425 1.0245 256.93
130 6.475 1.06357 262.53
131 6.525 1.01554 267.96
132 6.575 1.03838 273.598
133 6.625 1.02163 279.229
134 6.675 1.0142 284.904
135 6.725 0.994552 290.553
136 6.775 1.01809 296.421
137 6.825 1.02182 302.399
138 6.875 1.02301 308.471
139 6.925 1.02926 314.67
140 6.975 1.03154 320.973
141 7.025 0.993912 327.133
142 7.075 0.984288 333.32
143 7.125 1.02209 339.836
144 7.175 0.992618 346.254
145 7.225 0.993036 352.764
146 7.275 0.999744 359.409
147 7.325 0.996531 366.124
148 7.375 0.990567 372.89
149 7.425 0.982326 379.691
150 7.475 0.990071 386.639
151 7.525 0.995414 393.718
152 7.575 1.00053 400.928
153 7.625 0.965538 407.978
154 7.675 0.998452 415.364
155 7.725 0.995076 422.821
156 7.775 0.989729 430.335
157 7.825 0.987524 437.929
158 7.875 0.967641 445.465
159 7.925 0.976864 453.17
160 7.975 0.969505 460.914
161 8.025 0.987291 468.899
162 8.075 0.978613 476.913
163 8.125 0.951679 484.803
164 8.175 0.991158 493.121
165 8.225 0.976054 501.414
166 8.275 0.9829 509.866
167 8.325 0.965959 518.274
168 8.375 0.964819 526.773
169 8.425 0.974856 535.463
170 8.475 0.952578 544.055
171 8.525 0.963898 552.853
172 8.575 0.961624 561.733
173 8.625 0.955725 570.661
174 8.675 0.965505 579.786
175 8.725 0.968068 589.041
176 8.775 0.964177 598.365
177 8.825 0.970919 607.861
178 8.875 0.972647 617.483
179 8.925 0.984022 627.326
180 8.975 0.959249 637.03
181 9.025 0.965513 646.906
182 9.075 0.969648 656.935
183 9.125 0.971602 667.095
184 9.175 0.962579 677.271
185 9.225 0.957553 687.505
186 9.275 0.990992 698.211
187 9.325 0.945939 708.541
188 9.375 0.963509 719.176
189 9.425 0.958355 729.868
190 9.475 0.965674 740.755
191 9.525 0.950296 751.583
192 9.575 0.959722 762.633
193 9.625 0.959984 773.801
194 9.675 0.957105 785.053
195 9.725 0.965495 796.52
196 9.775 0.945122 807.861
197 9.825 0.963058 819.536
198 9.875 0.963639 831.337
199 9.925 0.954157 843.141
200 9.975 0.962321 855.166
5440 200
1 0.025 0 0
2 0.075 0 0
3 0.125 0 0
4 0.175 0 0
5 0.225 0 0
6 0.275 0 0
7 0.325 0 0
8 0.375 0 0
9 0.425 0 0
10 0.475 0 0
11 0.525 0 0
12 0.575 0 0
13 0.625 0 0
14 0.675 0 0
15 0.725 0 0
16 0.775 0 0
17 0.825 0 0
18 0.875 0 0
19 0.925 0.0930406 0.01
20 0.975 0.76417 0.10125
21 1.025 2.33009 0.40875
22 1.075 3.12596 0.8625
23 1.125 3.34183 1.39375
24 1.175 3.02747 1.91875
25 1.225 2.54002 2.3975
26 1.275 2.16108 2.83875
27 1.325 1.98407 3.27625
28 1.375 1.7266 3.68625
29 1.425 1.53896 4.07875
30 1.475 1.31746 4.43875
31 1.525 1.48071 4.87125
32 1.575 1.18358 5.24
33 1.625 1.3757 5.69625
34 1.675 1.29125 6.15125
35 1.725 1.31448 6.6425
36 1.775 1.46261 7.22125
37 1.825 1.32081 7.77375
38 1.875 1.36738 8.3775
39 1.925 1.37517 9.0175
40 1.975 1.36256 9.685
41 2.025 1.46601 10.44
42 2.075 1.54647 11.2763
43 2.125 1.53406 12.1463
44 2.175 1.58006 13.085
45 2.225 1.4998 14.0175
46 2.275 1.45383 14.9625
47 2.325 1.3662 15.89
48 2.375 1.39574 16.8788
49 2.425 1.36248 17.885
50 2.475 1.33886 18.915
51 2.525 1.40656 20.0413
52 2.575 1.387 21.1963
53 2.625 1.33322 22.35
54 2.675 1.40347 23.6113
55 2.725 1.33501 24.8563
56 2.775 1.35197 26.1638
57 2.825 1.2297 27.3963
58 2.875 1.27521 28.72
59 2.925 1.31691 30.135
60 2.975 1.21116 31.4813
61 3.025 1.34223 33.0238
62 3.075 1.32841 34.6013
63 3.125 1.30968 36.2075
64 3.175 1.30628 37.8613
65 3.225 1.28523 39.54
66 3.275 1.27876 41.2625
67 3.325 1.2514 43
68 3.375 1.25741 44.7988
69 3.425 1.20824 46.5788
70 3.475 1.26356 48.495
71 3.525 1.2464 50.44
72 3.575 1.24994 52.4463
73 3.625 1.21645 54.4538
74 3.675 1.2639 56.5975
75 3.725 1.19864 58.6863
76 3.775 1.18316 60.8038
77 3.825 1.22319 63.0513
78 3.875 1.22762 65.3663
79 3.925 1.17974 67.6488
80 3.975 1.18679 70.0038
81 4.025 1.1796 72.4038
82 4.075 1.22815 74.965
83 4.125 1.19798 77.525
84 4.175 1.24026 80.24
85 4.225 1.18766 82.9025
86 4.275 1.17311 85.595
87 4.325 1.15998 88.32
88 4.375 1.19342 91.1888
89 4.425 1.15135 94.02
90 4.475 1.12378 96.8463
91 4.525 1.15936 99.8275
92 4.575 1.16745 102.896
93 4.625 1.09767 105.845
94 4.675 1.1654 109.044
95 4.725 1.16093 112.299
96 4.775 1.1219 115.511
97 4.825 1.10262 118.735
98 4.875 1.09477 122.003
99 4.925 1.13216 125.451
100 4.975 1.16903 129.085
101 5.025 1.09504 132.558
102 5.075 1.11414 136.161
103 5.125 1.10539 139.808
104 5.175 1.10198 143.514
105 5.225 1.13458 147.404
106 5.275 1.10817 151.276
107 5.325 1.1029 155.204
108 5.375 1.11038 159.233
109 5.425 1.09305 163.273
110 5.475 1.09709 167.403
111 5.525 1.05873 171.461
112 5.575 1.02958 175.48
113 5.625 1.06326 179.705
114 5.675 1.07521 184.054
115 5.725 1.06926 188.455
116 5.775 1.06306 192.907
117 5.825 1.07041 197.469
118 5.875 1.07188 202.115
119 5.925 1.06634 206.816
120 5.975 1.06641 211.597
121 6.025 1.02301 216.261
122 6.075 1.01163 220.95
123 6.125 1.03817 225.841
124 6.175 1.0611 230.923
125 6.225 1.03231 235.946
126 6.275 1.03159 241.048
127 6.325 1.03376 246.241
128 6.375 1.05238 251.613
129 6.425 1.02474 256.925
130 6.475 1.05455 262.478
131 6.525 1.0263 267.965
132 6.575 1.04022 273.613
133 6.625 1.018 279.224
134 6.675 1.01956 284.929
135 6.725 0.985528 290.526
136 6.775 1.01289 296.365
137 6.825 1.0325 302.405
138 6.875 1.02765 308.505
139 6.925 1.02262 314.664
140 6.975 1.0256 320.93
141 7.025 0.988265 327.055
142 7.075 0.994827 333.309
143 7.125 1.02738 339.859
144 7.175 0.984304 346.223
145 7.225 1.00047 352.781
146 7.275 0.999932 359.428
147 7.325 0.982989 366.051
148 7.375 0.993861 372.84
149 7.425 0.984673 379.658
150 7.475 0.989536 386.601
151 7.525 0.997875 393.698
152 7.575 0.996193 400.876
153 7.625 0.967421 407.94
154 7.675 0.995918 415.308
155 7.725 1.00492 422.839
156 7.775 0.982813 430.3
157 7.825 0.986549 437.886
158 7.875 0.970691 445.446
159 7.925 0.976548 453.149
160 7.975 0.969975 460.896
161 8.025 0.9859 468.87
162 8.075 0.975255 476.856
163 8.125 0.95771 484.796
164 8.175 0.996966 493.164
165 8.225 0.971052 501.414
166 8.275 0.982755 509.865
167 8.325 0.956624 518.191
168 8.375 0.979435 526.819
169 8.425 0.970929 535.474
170 8.475 0.954934 544.088
171 8.525 0.964308 552.889
172 8.575 0.955803 561.715
173 8.625 0.956661 570.653
174 8.675 0.972911 579.848
175 8.725 0.9614 589.039
176 8.775 0.968055 598.4
177 8.825 0.967085 607.859
178 8.875 0.967719 617.431
179 8.925 0.991519 627.35
180 8.975 0.962461 637.086
181 9.025 0.960259 646.909
182 9.075 0.967231 656.913
183 9.125 0.964908 667.003
184 9.175 0.974521 677.305
185 9.225 0.952523 687.485
186 9.275 0.994463 698.229
187 9.325 0.944337 708.541
188 9.375 0.966 719.204
189 9.425 0.954769 729.855
190 9.475 0.963678 740.72
191 9.525 0.952929 751.578
192 9.575 0.963739 762.674
193 9.625 0.956653 773.804
194 9.675 0.958913 785.076
195 9.725 0.957602 796.45
196 9.775 0.959185 807.96
197 9.825 0.954087 819.526
198 9.875 0.963129 831.321
199 9.925 0.958603 843.18
200 9.975 0.95812 855.153
5441 200
1 0.025 0 0
2 0.075 0 0
3 0.125 0 0
4 0.175 0 0
5 0.225 0 0
6 0.275 0 0
7 0.325 0 0
8 0.375 0 0
9 0.425 0 0
10 0.475 0 0
11 0.525 0 0
12 0.575 0 0
13 0.625 0 0
14 0.675 0 0
15 0.725 0 0
16 0.775 0 0
17 0.825 0 0
18 0.875 0 0
19 0.925 0.0581504 0.00625
20 0.975 0.795575 0.10125
21 1.025 2.33009 0.40875
22 1.075 3.12596 0.8625
23 1.125 3.28679 1.385
24 1.175 3.1428 1.93
25 1.225 2.4936 2.4
26 1.275 2.16108 2.84125
27 1.325 1.9784 3.2775
28 1.375 1.68975 3.67875
29 1.425 1.58307 4.0825
30 1.475 1.33576 4.4475
31 1.525 1.44647 4.87
32 1.575 1.16753 5.23375
33 1.625 1.39078 5.695
34 1.675 1.31963 6.16
35 1.725 1.28438 6.64
36 1.775 1.44049 7.21
37 1.825 1.34173 7.77125
38 1.875 1.37588 8.37875
39 1.925 1.39665 9.02875
40 1.975 1.32429 9.6775
41 2.025 1.49513 10.4475
42 2.075 1.55571 11.2888
43 2.125 1.53627 12.16
44 2.175 1.52957 13.0688
45 2.225 1.53598 14.0238
46 2.275 1.44806 14.965
47 2.325 1.35147 15.8825
48 2.375 1.42044 16.8888
49 2.425 1.35063 17.8863
50 2.475 1.34535 18.9213
51 2.525 1.405 20.0463
52 2.575 1.3945 21.2075
53 2.625 1.33755 22.365
54 2.675 1.38956 23.6137
55 2.725 1.33501 24.8588
56 2.775 1.36231 26.1762
57 2.825 1.23594 27.415
58 2.875 1.26437 28.7275
59 2.925 1.30062 30.125
60 2.975 1.24378 31.5075
61 3.025 1.31504 33.0187
62 3.075 1.35051 34.6225
63 3.125 1.27707 36.1887
64 3.175 1.32504 37.8663
65 3.225 1.30341 39.5688
66 3.275 1.25649 41.2613
67 3.325 1.2514 42.9988
68 3.375 1.24692 44.7825
69 3.425 1.21163 46.5675
70 3.475 1.28252 48.5125
71 3.525 1.248 50.46
72 3.575 1.23124 52.4362
73 3.625 1.22251 54.4537
74 3.675 1.25948 56.59
75 3.725 1.20868 58.6962
76 3.775 1.21739 60.875
77 3.825 1.19733 63.075
78 3.875 1.21105 65.3588
79 3.925 1.20365 67.6875
80 3.975 1.15844 69.9862
81 4.025 1.20295 72.4338
82 4.075 1.21916 74.9763
83 4.125 1.19681 77.5338
84 4.175 1.23855 80.245
85 4.225 1.18543 82.9025
86 4.275 1.16876 85.585
87 4.325 1.15732 88.3038
88 4.375 1.19706 91.1813
89 4.425 1.15339 94.0175
90 4.475 1.12577 96.8488
91 4.525 1.14235 99.7863
92 4.575 1.19503 102.928
93 4.625 1.09674 105.874
94 4.675 1.14582 109.019
95 4.725 1.14844 112.239
96 4.775 1.14635 115.521
97 4.825 1.10817 118.761
98 4.875 1.08765 122.008
99 4.925 1.12641 125.439
100 4.975 1.16179 129.05
101 5.025 1.11356 132.581
102 5.075 1.10487 136.155
103 5.125 1.10918 139.814
104 5.175 1.0964 143.501
105 5.225 1.14005 147.41
106 5.275 1.10709 151.279
107 5.325 1.11132 155.236
108 5.375 1.10108 159.231
109 5.425 1.08561 163.244
110 5.475 1.09841 167.379
111 5.525 1.06199 171.45
112 5.575 1.03086 175.474
113 5.625 1.07773 179.756
114 5.675 1.06315 184.056
115 5.725 1.06045 188.421
116 5.775 1.0753 192.925
117 5.825 1.06601 197.468
118 5.875 1.07303 202.119
119 5.925 1.06237 206.803
120 5.975 1.06334 211.57
121 6.025 1.02082 216.224
122 6.075 1.01352 220.921
123 6.125 1.04002 225.821
124 6.175 1.06945 230.943
125 6.225 1.03154 235.963
126 6.275 1.02275 241.02
127 6.325 1.03898 246.24
128 6.375 1.04969 251.598
129 6.425 1.03076 256.941
130 6.475 1.04221 262.429
131 6.525 1.03167 267.945
132 6.575 1.05127 273.653
133 6.625 1.0112 279.226
134 6.675 1.01576 284.91
135 6.725 0.995652 290.565
136 6.775 1.01462 296.414
137 6.825 1.02118 302.388
138 6.875 1.02196 308.454
139 6.925 1.02552 314.63
140 6.975 1.03215 320.936
141 7.025 0.988063 327.06
142 7.075 0.99602 333.321
143 7.125 1.01895 339.817
144 7.175 0.989331 346.214
145 7.225 0.993799 352.729
146 7.275 1.01723 359.49
147 7.325 0.981319 366.103
148 7.375 0.993312 372.888
149 7.425 0.97673 379.65
150 7.475 0.995593 386.636
151 7.525 0.998929 393.74
152 7.575 0.983531 400.827
153 7.625 0.969647 407.907
154 7.675 1.00099 415.312
155 7.725 1.00075 422.812
156 7.775 0.983801 430.281
157 7.825 0.987524 437.875
158 7.875 0.974864 445.467
159 7.925 0.977498 453.177
160 7.975 0.965749 460.891
161 8.025 0.986827 468.872
162 8.075 0.970675 476.821
163 8.125 0.96947 484.859
164 8.175 0.992052 493.185
165 8.225 0.969286 501.42
166 8.275 0.981156 509.858
167 8.325 0.952459 518.148
168 8.375 0.984686 526.821
169 8.425 0.969106 535.46
170 8.475 0.950084 544.03
171 8.525 0.969787 552.881
172 8.575 0.955126 561.701
173 8.625 0.95626 570.635
174 8.675 0.97344 579.835
175 8.725 0.966761 589.078
176 8.775 0.969736 598.455
177 8.825 0.961718 607.861
178 8.875 0.966329 617.42
179 8.925 0.984147 627.265
180 8.975 0.971853 637.096
181 9.025 0.961236 646.929
182 9.075 0.968198 656.943
183 9.125 0.9514 666.891
184 9.175 0.988946 677.346
185 9.225 0.954746 687.55
186 9.275 0.981389 698.153
187 9.325 0.948801 708.514
188 9.375 0.964754 719.163
189 9.425 0.964294 729.92
190 9.475 0.955585 740.694
191 9.525 0.959841 751.63
192 9.575 0.952882 762.601
193 9.625 0.959339 773.763
194 9.675 0.959976 785.048
195 9.725 0.955287 796.394
196 9.775 0.956894 807.876
197 9.825 0.961615 819.534
198 9.875 0.959557 831.285
199 9.925 0.959815 843.159
200 9.975 0.960921 855.166
5442 200
1 0.025 0 0
2 0.075 0 0
3 0.125 0 0
4 0.175 0 0
5 0.225 0 0
6 0.275 0 0
7 0.325 0 0
8 0.375 0 0
9 0.425 0 0
10 0.475 0 0
11 0.525 0 0
12 0.575 0 0
13 0.625 0 0
14 0.675 0 0
15 0.725 0 0
16 0.775 0 0
17 0.825 0 0
18 0.875 0 0
19 0.925 0.0465203 0.005
20 0.975 0.753702 0.095
21 1.025 2.37745 0.40875
22 1.075 3.20346 0.87375
23 1.125 3.14525 1.37375
24 1.175 3.17163 1.92375
25 1.225 2.56655 2.4075
26 1.275 2.13047 2.8425
27 1.325 1.92738 3.2675
28 1.375 1.73187 3.67875
29 1.425 1.55856 4.07625
30 1.475 1.4181 4.46375
31 1.525 1.40368 4.87375
32 1.575 1.14345 5.23
33 1.625 1.38701 5.69
34 1.675 1.30544 6.15
35 1.725 1.33121 6.6475
36 1.775 1.43417 7.215
37 1.825 1.34472 7.7775
38 1.875 1.38437 8.38875
39 1.925 1.39934 9.04
40 1.975 1.31153 9.6825
41 2.025 1.51455 10.4625
42 2.075 1.56265 11.3075
43 2.125 1.501 12.1587
44 2.175 1.51905 13.0612
45 2.225 1.56614 14.035
46 2.275 1.41921 14.9575
47 2.325 1.36435 15.8837
48 2.375 1.42221 16.8912
49 2.425 1.34894 17.8875
50 2.475 1.34535 18.9225
51 2.525 1.41593 20.0562
52 2.575 1.37199 21.1987
53 2.625 1.36355 22.3787
54 2.675 1.38121 23.62
55 2.725 1.31893 24.85
56 2.775 1.39203 26.1962
57 2.825 1.20476 27.4037
58 2.875 1.28243 28.735
59 2.925 1.29364 30.125
60 2.975 1.23815 31.5012
61 3.025 1.31395 33.0112
62 3.075 1.35367 34.6187
63 3.125 1.26789 36.1737
64 3.175 1.31911 37.8438
65 3.225 1.34839 39.605
66 3.275 1.25649 41.2975
67 3.325 1.21088 42.9787
68 3.375 1.24692 44.7625
69 3.425 1.22775 46.5712
70 3.475 1.28499 48.52
71 3.525 1.25521 50.4787
72 3.575 1.20866 52.4187
73 3.625 1.24751 54.4775
74 3.675 1.25875 56.6125
75 3.725 1.20223 58.7075
76 3.775 1.22577 60.9012
77 3.825 1.17488 63.06
78 3.875 1.20906 65.34
79 3.925 1.21463 67.69
80 3.975 1.13891 69.95
81 4.025 1.21892 72.43
82 4.075 1.23235 75
83 4.125 1.18686 77.5362
84 4.175 1.23912 80.2487
85 4.225 1.17763 82.8887
86 4.275 1.18836 85.6162
87 4.325 1.13444 88.2812
88 4.375 1.21266 91.1963
89 4.425 1.14678 94.0162
90 4.475 1.1198 96.8325
91 4.525 1.15644 99.8062
92 4.575 1.16792 102.876
93 4.625 1.12047 105.886
94 4.675 1.13033 108.989
95 4.725 1.16672 112.26
96 4.775 1.13369 115.506
97 4.825 1.10048 118.724
98 4.875 1.0931 121.986
99 4.925 1.12682 125.419
100 4.975 1.163 129.034
101 5.025 1.1108 132.556
102 5.075 1.12149 136.184
103 5.125 1.10123 139.816
104 5.175 1.09566 143.501
105 5.225 1.14114 147.414
106 5.275 1.11818 151.321
107 5.325 1.09728 155.229
108 5.375 1.09694 159.209
109 5.425 1.08899 163.234
110 5.475 1.09775 167.366
111 5.525 1.05645 171.416
112 5.575 1.04271 175.486
113 5.625 1.08748 179.808
114 5.675 1.05852 184.089
115 5.725 1.04588 188.394
116 5.775 1.08246 192.928
117 5.825 1.07511 197.509
118 5.875 1.07303 202.16
119 5.925 1.05358 206.805
120 5.975 1.0653 211.581
121 6.025 1.01725 216.219
122 6.075 1.02323 220.961
123 6.125 1.02782 225.804
124 6.175 1.07363 230.945
125 6.225 1.02768 235.946
126 6.275 1.01769 240.979
127 6.325 1.05043 246.256
128 6.375 1.03891 251.559
129 6.425 1.03269 256.913
130 6.475 1.04506 262.415
131 6.525 1.0457 268.006
132 6.575 1.03676 273.635
133 6.625 1.01641 279.238
134 6.675 1.01487 284.916
135 6.725 0.993892 290.561
136 6.775 1.01809 296.43
137 6.825 1.02353 302.418
138 6.875 1.01333 308.433
139 6.925 1.02988 314.635
140 6.975 1.03685 320.97
141 7.025 0.984433 327.071
142 7.075 0.996616 333.336
143 7.125 1.00993 339.775
144 7.175 0.993004 346.195
145 7.225 0.998566 352.741
146 7.275 1.01272 359.472
147 7.325 0.984844 366.109
148 7.375 0.998253 372.928
149 7.425 0.97673 379.69
150 7.475 0.987755 386.621
151 7.525 0.995062 393.697
152 7.575 0.989775 400.83
153 7.625 0.966565 407.887
154 7.675 1.00099 415.293
155 7.725 0.997912 422.771
156 7.775 0.989729 430.285
157 7.825 0.983785 437.85
158 7.875 0.974222 445.438
159 7.925 0.978608 453.156
160 7.975 0.966532 460.876
161 8.025 0.983427 468.83
162 8.075 0.970981 476.781
163 8.125 0.973541 484.853
164 8.175 0.99086 493.169
165 8.225 0.971788 501.425
166 8.275 0.980429 509.856
167 8.325 0.953321 518.154
168 8.375 0.978442 526.773
169 8.425 0.97121 535.43
170 8.475 0.951331 544.011
171 8.525 0.969239 552.858
172 8.575 0.960676 561.729
173 8.625 0.949436 570.599
174 8.675 0.976218 579.825
175 8.725 0.971206 589.11
176 8.775 0.961592 598.409
177 8.825 0.963507 607.833
178 8.875 0.975301 617.48
179 8.925 0.974775 627.231
180 8.975 0.972841 637.073
181 9.025 0.966857 646.963
182 9.075 0.969285 656.988
183 9.125 0.950444 666.926
184 9.175 0.987882 677.37
185 9.225 0.953459 687.56
186 9.275 0.976413 698.109
187 9.325 0.946741 708.448
188 9.375 0.973135 719.189
189 9.425 0.960932 729.909
190 9.475 0.951261 740.634
191 9.525 0.961267 751.586
192 9.575 0.953425 762.564
193 9.625 0.960521 773.739
194 9.675 0.954659 784.961
195 9.725 0.958865 796.35
196 9.775 0.963665 807.914
197 9.825 0.960996 819.564
198 9.875 0.960781 831.33
199 9.925 0.95638 843.161
200 9.975 0.955619 855.103
