# Time-averaged data for fix ave_rdf
# TimeStep Number-of-rows
# Row c_myRDF[1] c_myRDF[2] c_myRDF[3]
5399 200
1 0.025 0 0
2 0.075 0 0
3 0.125 0 0
4 0.175 0 0
5 0.225 0 0
6 0.275 0 0
7 0.325 0 0
8 0.375 0 0
9 0.425 0 0
10 0.475 0 0
11 0.525 0 0
12 0.575 0 0
13 0.625 0 0
14 0.675 0 0
15 0.725 0 0
16 0.775 0 0
17 0.825 0 0
18 0.875 0 0
19 0.925 0.0814105 0.00875
20 0.975 0.345447 0.05
21 1.025 1.60075 0.26125
22 1.075 2.11842 0.56875
23 1.125 2.7285 1.0025
24 1.175 2.03994 1.35625
25 1.225 1.96305 1.72625
26 1.275 1.73866 2.08125
27 1.325 1.41152 2.3925
28 1.375 1.37391 2.71875
29 1.425 1.24489 3.03625
30 1.475 1.06129 3.32625
31 1.525 1.04848 3.6325
32 1.575 1.04315 3.9575
33 1.625 0.968643 4.27875
34 1.675 0.996819 4.63
35 1.725 1.00342 5.005
36 1.775 0.887672 5.35625
37 1.825 0.995091 5.7725
38 1.875 1.00501 6.21625
39 1.925 0.964229 6.665
40 1.975 1.05126 7.18
41 2.025 0.98543 7.6875
42 2.075 1.04254 8.25125
43 2.125 1.04475 8.84375
44 2.175 1.16769 9.5375
45 2.225 1.01528 10.1687
46 2.275 1.10191 10.885
47 2.325 1.09369 11.6275
48 2.375 1.02695 12.355
49 2.425 1.10691 13.1725
50 2.475 1.00902 13.9488
51 2.525 1.04595 14.7863
52 2.575 1.06577 15.6738
53 2.625 1.06744 16.5975
54 2.675 1.02513 17.5188
55 2.725 1.01734 18.4675
56 2.775 1.07925 19.5113
57 2.825 1.00272 20.5162
58 2.875 0.930817 21.4825
59 2.925 1.04585 22.6062
60 2.975 1.07059 23.7963
61 3.025 0.952829 24.8912
62 3.075 1.01894 26.1013
63 3.125 0.994746 27.3212
64 3.175 1.00612 28.595
65 3.225 1.05364 29.9712
66 3.275 0.96232 31.2675
67 3.325 1.04163 32.7137
68 3.375 1.02672 34.1825
69 3.425 1.05212 35.7325
70 3.475 1.01299 37.2687
71 3.525 0.997276 38.825
72 3.575 0.99216 40.4175
73 3.625 1.043 42.1387
74 3.675 1.00449 43.8425
75 3.725 1.01859 45.6175
76 3.775 1.02532 47.4525
77 3.825 1.02658 49.3387
78 3.875 1.01683 51.2562
79 3.925 1.02081 53.2312
80 3.975 1.00033 55.2162
81 4.025 1.02048 57.2925
82 4.075 1.01597 59.4112
83 4.125 0.988565 61.5237
84 4.175 0.98787 63.6862
85 4.225 0.964627 65.8487
86 4.275 0.986309 68.1125
87 4.325 1.0078 70.48
88 4.375 1.03118 72.9587
89 4.425 1.00292 75.425
90 4.475 1.05072 78.0675
91 4.525 1.01402 80.675
92 4.575 1.00909 83.3275
93 4.625 0.97762 85.9537
94 4.675 0.970483 88.6175
95 4.725 0.988393 91.3887
96 4.775 1.02062 94.3112
97 4.825 1.00813 97.2587
98 4.875 0.983369 100.194
99 4.925 1.02383 103.312
100 4.975 1.02466 106.498
101 5.025 1.01856 109.728
102 5.075 1.00903 112.991
103 5.125 0.972761 116.2
104 5.175 1.01018 119.597
105 5.225 1.02849 123.124
106 5.275 1.00622 126.64
107 5.325 1.04217 130.351
108 5.375 0.992556 133.952
109 5.425 1.02203 137.73
110 5.475 1.03333 141.62
111 5.525 1.00135 145.459
112 5.575 0.976419 149.27
113 5.625 0.967946 153.116
114 5.675 1.0066 157.187
115 5.725 1.00124 161.309
116 5.775 0.995614 165.479
117 5.825 1.03198 169.876
118 5.875 0.994884 174.189
119 5.925 1.01502 178.664
120 5.975 1.00619 183.175
121 6.025 1.00162 187.741
122 6.075 1.00624 192.405
123 6.125 1.02755 197.246
124 6.175 1.01072 202.086
125 6.225 0.988898 206.899
126 6.275 0.986851 211.779
127 6.325 1.01585 216.882
128 6.375 0.988952 221.93
129 6.425 1.00641 227.147
130 6.475 0.994015 232.381
131 6.525 0.987022 237.659
132 6.575 0.9647 242.896
133 6.625 0.995775 248.385
134 6.675 1.0142 254.06
135 6.725 0.998513 259.731
136 6.775 1.00508 265.525
137 6.825 0.995109 271.346
138 6.875 1.00238 277.296
139 6.925 0.984634 283.226
140 6.975 1.01169 289.407
141 7.025 0.98887 295.536
142 7.075 1.00875 301.877
143 7.125 1.00699 308.298
144 7.175 1.00035 314.765
145 7.225 0.993036 321.275
146 7.275 1.01084 327.994
147 7.325 0.987256 334.646
148 7.375 1.00283 341.496
149 7.425 0.997672 348.404
150 7.475 0.972614 355.229
151 7.525 0.993304 362.293
152 7.575 0.997061 369.478
153 7.625 0.995669 376.748
154 7.675 0.990004 384.071
155 7.725 0.983901 391.445
156 7.775 1.00191 399.051
157 7.825 0.988662 406.654
158 7.875 0.979839 414.285
159 7.925 1.02346 422.358
160 7.975 0.994075 430.298
161 8.025 1.01001 438.466
162 8.075 0.992656 446.595
163 8.125 1.00867 454.958
164 8.175 0.985201 463.226
165 8.225 1.00239 471.743
166 8.275 0.986244 480.224
167 8.325 0.986783 488.813
168 8.375 0.986247 497.5
169 8.425 0.990421 506.329
170 8.475 0.993874 515.294
171 8.525 0.979785 524.236
172 8.575 0.992757 533.404
173 8.625 1.00858 542.826
174 8.675 0.999628 552.274
175 8.725 0.991211 561.75
176 8.775 0.993779 571.36
177 8.825 1.02076 581.344
178 8.875 0.983894 591.076
179 8.925 0.993893 601.019
180 8.975 0.986433 610.998
181 9.025 1.00071 621.234
182 9.075 1.00663 631.645
183 9.125 0.994912 642.049
184 9.175 1.00964 652.723
185 9.225 1.00609 663.475
186 9.275 0.99238 674.196
187 9.325 1.00123 685.13
188 9.375 0.993293 696.094
189 9.425 1.01057 707.368
190 9.475 0.997382 718.613
191 9.525 0.998019 729.984
192 9.575 1.00098 741.509
193 9.625 0.977819 752.885
194 9.675 0.990493 764.529
195 9.725 1.00444 776.459
196 9.775 1.01169 788.599
197 9.825 1.00162 800.741
198 9.875 0.988953 812.853
199 9.925 1.00902 825.335
200 9.975 1.00414 837.883
5400 200
1 0.025 0 0
2 0.075 0 0
3 0.125 0 0
4 0.175 0 0
5 0.225 0 0
6 0.275 0 0
7 0.325 0 0
8 0.375 0 0
9 0.425 0 0
10 0.475 0 0
11 0.525 0 0
12 0.575 0 0
13 0.625 0 0
14 0.675 0 0
15 0.725 0 0
16 0.775 0 0
17 0.825 0 0
18 0.875 0 0
19 0.925 0.0814105 0.00875
20 0.975 0.387319 0.055
21 1.025 1.67653 0.27625
22 1.075 2.06675 0.57625
23 1.125 2.6656 1
24 1.175 2.06156 1.3575
25 1.225 2.02274 1.73875
26 1.275 1.67131 2.08
27 1.325 1.41719 2.3925
28 1.375 1.36338 2.71625
29 1.425 1.23019 3.03
30 1.475 1.07959 3.325
31 1.525 1.04848 3.63125
32 1.575 1.05519 3.96
33 1.625 0.961105 4.27875
34 1.675 1.00746 4.63375
35 1.725 0.98001 5
36 1.775 0.922421 5.365
37 1.825 0.983138 5.77625
38 1.875 0.999351 6.2175
39 1.925 0.942742 6.65625
40 1.975 1.06402 7.1775
41 2.025 0.992711 7.68875
42 2.075 1.04947 8.25625
43 2.125 1.06899 8.8625
44 2.175 1.13823 9.53875
45 2.225 0.993162 10.1562
46 2.275 1.09614 10.8688
47 2.325 1.12499 11.6325
48 2.375 1.05872 12.3825
49 2.425 1.08829 13.1863
50 2.475 0.97002 13.9325
51 2.525 1.04907 14.7725
52 2.575 1.08828 15.6788
53 2.625 1.05444 16.5913
54 2.675 1.03904 17.525
55 2.725 1.00796 18.465
56 2.775 1.09346 19.5225
57 2.825 0.997731 20.5225
58 2.875 0.947676 21.5063
59 2.925 1.02607 22.6088
60 2.975 1.07622 23.805
61 3.025 0.935426 24.88
62 3.075 1.02315 26.095
63 3.125 1.008 27.3313
64 3.175 1.01895 28.6212
65 3.225 1.02493 29.96
66 3.275 0.981807 31.2825
67 3.325 1.04073 32.7275
68 3.375 1.02148 34.1887
69 3.425 1.04872 35.7338
70 3.475 1.01876 37.2788
71 3.525 0.978853 38.8063
72 3.575 1.01864 40.4413
73 3.625 1.0233 42.13
74 3.675 1.00744 43.8388
75 3.725 1.02075 45.6175
76 3.775 1.0323 47.465
77 3.825 1.01433 49.3288
78 3.875 1.01351 51.24
79 3.925 1.02662 53.2263
80 3.975 1.01419 55.2388
81 4.025 0.99959 57.2725
82 4.075 1.01597 59.3913
83 4.125 0.990905 61.5088
84 4.175 0.998148 63.6938
85 4.225 0.960166 65.8463
86 4.275 0.987398 68.1125
87 4.325 1.00993 70.485
88 4.375 1.04314 72.9925
89 4.425 0.991232 75.43
90 4.475 1.04575 78.06
91 4.525 1.02763 80.7025
92 4.575 0.993399 83.3137
93 4.625 0.968779 85.9163
94 4.675 0.986422 88.6238
95 4.725 0.984381 91.3838
96 4.775 1.01582 94.2925
97 4.825 1.02224 97.2812
98 4.875 0.969549 100.175
99 4.925 1.03244 103.32
100 4.975 1.02989 106.521
101 5.025 1.01344 109.735
102 5.075 1.01251 113.01
103 5.125 0.974656 116.225
104 5.175 1.01464 119.638
105 5.225 1.02448 123.15
106 5.275 1.00765 126.671
107 5.325 1.02954 130.338
108 5.375 0.998412 133.96
109 5.425 1.01763 137.721
110 5.475 1.04163 141.642
111 5.525 1.00689 145.502
112 5.575 0.962009 149.257
113 5.625 0.979586 153.15
114 5.675 0.99207 157.162
115 5.725 1.00488 161.299
116 5.775 1.00099 165.491
117 5.825 1.0311 169.885
118 5.875 1.00209 174.229
119 5.925 1.00255 178.649
120 5.975 1.01483 183.199
121 6.025 0.995592 187.737
122 6.075 1.01244 192.43
123 6.125 1.03259 197.295
124 6.175 0.999495 202.081
125 6.225 0.999172 206.944
126 6.275 0.98306 211.805
127 6.325 1.01112 216.885
128 6.375 0.989687 221.936
129 6.425 1.00231 227.133
130 6.475 0.994727 232.37
131 6.525 0.990528 237.666
132 6.575 0.969765 242.931
133 6.625 0.988745 248.381
134 6.675 1.01867 254.081
135 6.725 0.994552 259.73
136 6.775 1.00985 265.551
137 6.825 0.991476 271.351
138 6.875 1.00891 277.34
139 6.925 0.982351 283.256
140 6.975 1.0123 289.441
141 7.025 0.976365 295.493
142 7.075 1.01988 301.904
143 7.125 1.00307 308.299
144 7.175 0.996291 314.74
145 7.225 0.99971 321.294
146 7.275 1.00802 327.994
147 7.325 0.989667 334.662
148 7.375 0.996606 341.47
149 7.425 1.00219 348.409
150 7.475 0.976889 355.264
151 7.525 0.984164 362.262
152 7.575 0.997581 369.451
153 7.625 1.00508 376.79
154 7.675 0.987131 384.093
155 7.725 0.983234 391.461
156 7.775 1.01064 399.134
157 7.825 0.980209 406.671
158 7.875 0.981284 414.314
159 7.925 1.02092 422.366
160 7.975 0.987816 430.256
161 8.025 1.01356 438.454
162 8.075 1.00227 446.661
163 8.125 1.00204 454.969
164 8.175 0.987286 463.255
165 8.225 0.998859 471.741
166 8.275 0.997145 480.316
167 8.325 0.978741 488.835
168 8.375 0.985821 497.519
169 8.425 0.994487 506.384
170 8.475 0.986668 515.284
171 8.525 0.97595 524.191
172 8.575 0.99384 533.369
173 8.625 1.00911 542.796
174 8.675 1.00188 552.265
175 8.725 0.99108 561.74
176 8.775 0.995459 571.366
177 8.825 1.01463 581.29
178 8.875 0.98263 591.01
179 8.925 1.00289 601.043
180 8.975 0.985939 611.016
181 9.025 0.99863 621.231
182 9.075 1.00941 631.671
183 9.125 0.995151 642.078
184 9.175 1.00574 652.71
185 9.225 1.00375 663.438
186 9.275 0.99643 674.203
187 9.325 1.00363 685.163
188 9.375 0.998502 696.184
189 9.425 1.00273 707.37
190 9.475 1.0016 718.663
191 9.525 0.993302 729.98
192 9.575 0.999674 741.49
193 9.625 0.985447 752.955
194 9.675 0.987091 764.559
195 9.725 1.00528 776.499
196 9.775 1.00804 788.595
197 9.825 1.00214 800.744
198 9.875 0.993035 812.905
199 9.925 1.0072 825.365
200 9.975 1.00714 837.95
5401 200
1 0.025 0 0
2 0.075 0 0
3 0.125 0 0
4 0.175 0 0
5 0.225 0 0
6 0.275 0 0
7 0.325 0 0
8 0.375 0 0
9 0.425 0 0
10 0.475 0 0
11 0.525 0 0
12 0.575 0 0
13 0.625 0 0
14 0.675 0 0
15 0.725 0 0
16 0.775 0 0
17 0.825 0 0
18 0.875 0 0
19 0.925 0.0814105 0.00875
20 0.975 0.429192 0.06
21 1.025 1.67653 0.28125
22 1.075 2.10981 0.5875
23 1.125 2.57124 0.99625
24 1.175 2.03273 1.34875
25 1.225 2.036 1.7325
26 1.275 1.6958 2.07875
27 1.325 1.38885 2.385
28 1.375 1.34233 2.70375
29 1.425 1.2988 3.035
30 1.475 1.07501 3.32875
31 1.525 1.00996 3.62375
32 1.575 1.09932 3.96625
33 1.625 0.927184 4.27375
34 1.675 1.05358 4.645
35 1.725 0.939873 4.99625
36 1.775 0.963487 5.3775
37 1.825 0.956244 5.7775
38 1.875 1.02483 6.23
39 1.925 0.931999 6.66375
40 1.975 1.08188 7.19375
41 2.025 0.958731 7.6875
42 2.075 1.04947 8.255
43 2.125 1.06018 8.85625
44 2.175 1.13192 9.52875
45 2.225 1.02734 10.1675
46 2.275 1.10191 10.8838
47 2.325 1.11947 11.6438
48 2.375 1.08342 12.4113
49 2.425 1.06459 13.1975
50 2.475 0.957022 13.9338
51 2.525 1.03346 14.7613
52 2.575 1.08078 15.6613
53 2.625 1.06166 16.58
54 2.675 1.04043 17.515
55 2.725 1.0093 18.4563
56 2.775 1.1038 19.5237
57 2.825 1.01519 20.5412
58 2.875 0.921184 21.4975
59 2.925 1.00746 22.58
60 2.975 1.08746 23.7887
61 3.025 0.964794 24.8975
62 3.075 1.01894 26.1075
63 3.125 0.994746 27.3275
64 3.175 1.02389 28.6237
65 3.225 1.01153 29.945
66 3.275 0.969744 31.2512
67 3.325 1.07134 32.7387
68 3.375 1.01624 34.1925
69 3.425 1.04872 35.7375
70 3.475 1.02206 37.2875
71 3.525 0.977251 38.8125
72 3.575 1.00306 40.4225
73 3.625 1.02557 42.115
74 3.675 1.01849 43.8425
75 3.725 1.01716 45.615
76 3.775 1.0316 47.4612
77 3.825 1.01977 49.335
78 3.875 1.01219 51.2437
79 3.925 1.0305 53.2375
80 3.975 1.01041 55.2425
81 4.025 1.00573 57.2887
82 4.075 1.00698 59.3887
83 4.125 0.997924 61.5212
84 4.175 1.00043 63.7112
85 4.225 0.964069 65.8725
86 4.275 0.98522 68.1337
87 4.325 1.00248 70.4887
88 4.375 1.03014 72.965
89 4.425 1.02071 75.475
90 4.475 1.03183 78.07
91 4.525 1.0252 80.7062
92 4.575 0.99863 83.3312
93 4.625 0.958077 85.905
94 4.675 0.997807 88.6437
95 4.725 0.970114 91.3637
96 4.775 1.02935 94.3113
97 4.825 1.0248 97.3075
98 4.875 0.961591 100.178
99 4.925 1.02793 103.309
100 4.975 1.03311 106.52
101 5.025 1.00556 109.709
102 5.075 1.02294 113.018
103 5.125 0.986025 116.27
104 5.175 1.00423 119.648
105 5.225 1.02958 123.178
106 5.275 0.998709 126.668
107 5.325 1.0334 130.347
108 5.375 0.999446 133.974
109 5.425 1.0173 137.734
110 5.475 1.05093 141.69
111 5.525 0.989281 145.482
112 5.575 0.980903 149.311
113 5.625 0.962913 153.137
114 5.675 0.992997 157.154
115 5.725 0.9982 161.262
116 5.775 1.00934 165.49
117 5.825 1.02788 169.87
118 5.875 1.00584 174.23
119 5.925 0.999144 178.635
120 5.975 1.01985 183.207
121 6.025 0.989011 187.716
122 6.075 1.01595 192.425
123 6.125 1.03206 197.287
124 6.175 1.00315 202.091
125 6.225 0.995319 206.935
126 6.275 0.99216 211.841
127 6.325 1.01336 216.932
128 6.375 0.98136 221.941
129 6.425 1.00352 227.144
130 6.475 0.985943 232.335
131 6.525 0.987723 237.616
132 6.575 0.977363 242.922
133 6.625 0.995548 248.41
134 6.675 1.01196 254.072
135 6.725 0.995652 259.727
136 6.775 1.00204 265.504
137 6.825 1.00665 271.392
138 6.875 1.00132 277.336
139 6.925 0.985879 283.274
140 6.975 1.00514 289.415
141 7.025 0.983626 295.511
142 7.075 1.02068 301.928
143 7.125 0.998559 308.294
144 7.175 0.994358 314.722
145 7.225 1.0041 321.305
146 7.275 1.01009 328.019
147 7.325 0.990409 334.692
148 7.375 0.9816 341.397
149 7.425 1.01573 348.43
150 7.475 0.975286 355.274
151 7.525 0.987328 362.295
152 7.575 0.989255 369.424
153 7.625 1.00697 376.776
154 7.675 0.987807 384.084
155 7.725 0.976896 391.405
156 7.775 1.01393 399.103
157 7.825 0.983785 406.668
158 7.875 0.980802 414.306
159 7.925 1.01839 422.339
160 7.975 0.988911 430.238
161 8.025 1.02021 438.489
162 8.075 0.998762 446.668
163 8.125 1.00566 455.005
164 8.175 0.985052 463.272
165 8.225 0.993121 471.71
166 8.275 0.999035 480.301
167 8.325 0.975438 488.791
168 8.375 0.989085 497.504
169 8.425 0.999816 506.416
170 8.475 0.983896 515.291
171 8.525 0.97458 524.186
172 8.575 0.995194 533.376
173 8.625 1.00831 542.796
174 8.675 1.00293 552.275
175 8.725 0.983628 561.679
176 8.775 1.00218 571.37
177 8.825 1.01054 581.254
178 8.875 0.992487 591.071
179 8.925 0.997142 601.046
180 8.975 0.984703 611.007
181 9.025 1.00486 621.286
182 9.075 1.00397 631.67
183 9.125 0.99802 642.106
184 9.175 0.999232 652.67
185 9.225 1.00738 663.436
186 9.275 0.997356 674.211
187 9.325 0.999967 685.131
188 9.375 1.00179 696.189
189 9.425 1.00956 707.451
190 9.475 0.998269 718.706
191 9.525 0.985074 729.93
192 9.575 1.00988 741.557
193 9.625 0.977174 752.926
194 9.675 0.994747 764.62
195 9.725 1.0037 776.541
196 9.775 1.01179 788.682
197 9.825 0.991311 800.7
198 9.875 1.00651 813.026
199 9.925 1.00367 825.442
200 9.975 0.997733 837.91
5402 200
1 0.025 0 0
2 0.075 0 0
3 0.125 0 0
4 0.175 0 0
5 0.225 0 0
6 0.275 0 0
7 0.325 0 0
8 0.375 0 0
9 0.425 0 0
10 0.475 0 0
11 0.525 0 0
12 0.575 0 0
13 0.625 0 0
14 0.675 0 0
15 0.725 0 0
16 0.775 0 0
17 0.825 0 0
18 0.875 0 0
19 0.925 0.0581504 0.00625
20 0.975 0.596681 0.0775
21 1.025 1.55339 0.2825
22 1.075 2.15286 0.595
23 1.125 2.50047 0.9925
24 1.175 2.10481 1.3575
25 1.225 1.96968 1.72875
26 1.275 1.73866 2.08375
27 1.325 1.33783 2.37875
28 1.375 1.35812 2.70125
29 1.425 1.32331 3.03875
30 1.475 1.08416 3.335
31 1.525 0.984285 3.6225
32 1.575 1.09932 3.965
33 1.625 0.934722 4.275
34 1.675 1.06067 4.64875
35 1.725 0.949908 5.00375
36 1.775 0.947693 5.37875
37 1.825 0.92935 5.7675
38 1.875 1.01068 6.21375
39 1.925 0.980344 6.67
40 1.975 1.08443 7.20125
41 2.025 0.963585 7.6975
42 2.075 1.01711 8.2475
43 2.125 1.08442 8.8625
44 2.175 1.1193 9.5275
45 2.225 1.02332 10.1638
46 2.275 1.1096 10.885
47 2.325 1.11763 11.6438
48 2.375 1.0746 12.405
49 2.425 1.07136 13.1963
50 2.475 0.955397 13.9313
51 2.525 1.02721 14.7538
52 2.575 1.10179 15.6713
53 2.625 1.04289 16.5738
54 2.675 1.03208 17.5012
55 2.725 1.02807 18.46
56 2.775 1.09734 19.5212
57 2.825 1.02143 20.545
58 2.875 0.926001 21.5062
59 2.925 1.00281 22.5837
60 2.975 1.07397 23.7775
61 3.025 0.994162 24.92
62 3.075 1.0042 26.1125
63 3.125 0.974362 27.3075
64 3.175 1.0308 28.6125
65 3.225 1.01823 29.9425
66 3.275 0.986447 31.2713
67 3.325 1.05784 32.74
68 3.375 1.00925 34.1838
69 3.425 1.04872 35.7288
70 3.475 1.01629 37.27
71 3.525 0.988465 38.8125
72 3.575 0.987488 40.3975
73 3.625 1.04451 42.1213
74 3.675 1.01112 43.8363
75 3.725 1.02433 45.6213
76 3.775 1.0309 47.4663
77 3.825 1.02726 49.3538
78 3.875 1.01484 51.2675
79 3.925 1.01822 53.2375
80 3.975 1.02237 55.2663
81 4.025 0.986074 57.2725
82 4.075 1.00398 59.3663
83 4.125 1.01723 61.54
84 4.175 1.01014 63.7513
85 4.225 0.95682 65.8963
86 4.275 0.98522 68.1575
87 4.325 0.987049 70.4763
88 4.375 1.04522 72.9888
89 4.425 1.01411 75.4825
90 4.475 1.02636 78.0638
91 4.525 1.04707 80.7563
92 4.575 0.976755 83.3238
93 4.625 0.983204 85.965
94 4.675 0.970483 88.6287
95 4.725 0.983935 91.3875
96 4.775 1.01058 94.2812
97 4.825 1.02908 97.29
98 4.875 0.963266 100.165
99 4.925 1.0386 103.329
100 4.975 1.02627 106.519
101 5.025 1.00753 109.714
102 5.075 1.01173 112.986
103 5.125 0.990951 116.255
104 5.175 1.02876 119.715
105 5.225 1.015 123.195
106 5.275 0.99549 126.674
107 5.325 1.01971 130.305
108 5.375 1.01047 133.971
109 5.425 1.01391 137.719
110 5.475 1.04595 141.656
111 5.525 1.00265 145.5
112 5.575 0.979942 149.325
113 5.625 0.956936 153.127
114 5.675 0.98867 157.126
115 5.725 1.0064 161.269
116 5.775 1.00994 165.499
117 5.825 1.02113 169.85
118 5.875 1.0217 174.279
119 5.925 0.988087 178.635
120 5.975 1.01846 183.201
121 6.025 0.991479 187.721
122 6.075 1.0208 192.452
123 6.125 1.01853 197.251
124 6.175 1.00498 202.064
125 6.225 1.00919 206.975
126 6.275 0.994435 211.892
127 6.325 1.00564 216.945
128 6.375 0.983809 221.966
129 6.425 1.00593 227.181
130 6.475 0.97526 232.316
131 6.525 0.997308 237.649
132 6.575 0.971607 242.924
133 6.625 1.00031 248.438
134 6.675 1.00839 254.08
135 6.725 0.997853 259.748
136 6.775 0.990985 265.46
137 6.825 1.01007 271.369
138 6.875 1.01291 277.381
139 6.925 0.986087 283.32
140 6.975 1.00371 289.452
141 7.025 0.981206 295.534
142 7.075 1.02028 301.947
143 7.125 0.99954 308.32
144 7.175 0.992811 314.739
145 7.225 1.0039 321.32
146 7.275 1.00294 327.986
147 7.325 0.995603 334.695
148 7.375 0.984894 341.423
149 7.425 1.00652 348.391
150 7.475 0.980808 355.274
151 7.525 0.98434 362.274
152 7.575 0.993765 369.435
153 7.625 1.00217 376.752
154 7.675 0.994059 384.106
155 7.725 0.976729 391.426
156 7.775 1.00932 399.089
157 7.825 0.983298 406.65
158 7.875 0.994926 414.399
159 7.925 1.00206 422.302
160 7.975 0.997362 430.269
161 8.025 1.01697 438.494
162 8.075 0.998304 446.669
163 8.125 0.999776 454.957
164 8.175 0.993541 463.296
165 8.225 0.992091 471.725
166 8.275 0.994674 480.279
167 8.325 0.993821 488.929
168 8.375 0.970495 497.477
169 8.425 1.00038 506.395
170 8.475 0.985698 515.286
171 8.525 0.976498 524.199
172 8.575 1.00318 533.462
173 8.625 0.994393 542.752
174 8.675 1.00902 552.289
175 8.725 0.984935 561.705
176 8.775 1.00141 571.389
177 8.825 1.00313 581.2
178 8.875 1.00373 591.129
179 8.925 0.988645 601.019
180 8.975 0.990635 611.04
181 9.025 0.998385 621.252
182 9.075 1.01509 631.751
183 9.125 0.992163 642.126
184 9.175 0.997341 652.67
185 9.225 1.01241 663.49
186 9.275 0.986942 674.152
187 9.325 1.00695 685.149
188 9.375 1.00484 696.24
189 9.425 1.00037 707.4
190 9.475 1.00293 718.707
191 9.525 0.989681 729.984
192 9.575 1.00434 741.547
193 9.625 0.971909 752.855
194 9.675 1.0007 764.619
195 9.725 1.01096 776.626
196 9.775 1.00554 788.692
197 9.825 0.991001 800.706
198 9.875 1.01406 813.125
199 9.925 0.993463 825.415
200 9.975 0.998433 837.891
5403 200
1 0.025 0 0
2 0.075 0 0
3 0.125 0 0
4 0.175 0 0
5 0.225 0 0
6 0.275 0 0
7 0.325 0 0
8 0.375 0 0
9 0.425 0 0
10 0.475 0 0
11 0.525 0 0
12 0.575 0 0
13 0.625 0 0
14 0.675 0 0
15 0.725 0 0
16 0.775 0 0
17 0.825 0 0
18 0.875 0 0
19 0.925 0.0232601 0.0025
20 0.975 0.690894 0.085
21 1.025 1.50603 0.28375
22 1.075 2.15286 0.59625
23 1.125 2.45329 0.98625
24 1.175 2.11923 1.35375
25 1.225 1.92326 1.71625
26 1.275 1.77539 2.07875
27 1.325 1.38318 2.38375
28 1.375 1.32654 2.69875
29 1.425 1.38212 3.05125
30 1.475 1.03842 3.335
31 1.525 0.975726 3.62
32 1.575 1.09932 3.9625
33 1.625 0.938491 4.27375
34 1.675 1.06422 4.64875
35 1.725 0.963287 5.00875
36 1.775 0.941375 5.38125
37 1.825 0.920385 5.76625
38 1.875 0.990858 6.20375
39 1.925 1.03138 6.68375
40 1.975 1.0334 7.19
41 2.025 1.00242 7.70625
42 2.075 1.00555 8.25
43 2.125 1.10426 8.87625
44 2.175 1.09826 9.52875
45 2.225 1.03136 10.17
46 2.275 1.08076 10.8725
47 2.325 1.13604 11.6438
48 2.375 1.0746 12.405
49 2.425 1.0629 13.19
50 2.475 0.97327 13.9388
51 2.525 1.00536 14.7438
52 2.575 1.10029 15.66
53 2.625 1.05011 16.5688
54 2.675 1.02791 17.4925
55 2.725 1.04281 18.465
56 2.775 1.05986 19.49
57 2.825 1.06009 20.5525
58 2.875 0.933226 21.5212
59 2.925 1.00746 22.6037
60 2.975 1.0616 23.7837
61 3.025 0.983285 24.9137
62 3.075 1.00736 26.11
63 3.125 0.968247 27.2975
64 3.175 1.05647 28.635
65 3.225 1.02014 29.9675
66 3.275 0.976239 31.2825
67 3.325 1.06594 32.7625
68 3.375 0.996141 34.1875
69 3.425 1.04024 35.72
70 3.475 1.03442 37.2887
71 3.525 0.966036 38.7962
72 3.575 0.993718 40.3912
73 3.625 1.05739 42.1362
74 3.675 1.00081 43.8337
75 3.725 1.02864 45.6262
76 3.775 1.0337 47.4762
77 3.825 1.0259 49.3612
78 3.875 0.99628 51.24
79 3.925 1.02081 53.215
80 3.975 1.03119 55.2612
81 4.025 0.984845 57.265
82 4.075 1.00518 59.3612
83 4.125 1.01547 61.5312
84 4.175 1.01128 63.745
85 4.225 0.965742 65.91
86 4.275 0.985764 68.1725
87 4.325 1.00142 70.525
88 4.375 1.0265 72.9925
89 4.425 1.01055 75.4775
90 4.475 1.03233 78.0737
91 4.525 1.0286 80.7187
92 4.575 0.989119 83.3187
93 4.625 0.991114 85.9812
94 4.675 0.950444 88.59
95 4.725 0.991514 91.37
96 4.775 1.02892 94.3162
97 4.825 1.00514 97.255
98 4.875 0.982532 100.187
99 4.925 1.03696 103.346
100 4.975 1.01461 106.5
101 5.025 1.01817 109.729
102 5.075 1.01057 112.997
103 5.125 0.993604 116.275
104 5.175 1.02653 119.727
105 5.225 1.01609 123.211
106 5.275 0.99227 126.679
107 5.325 1.00777 130.267
108 5.375 1.01943 133.966
109 5.425 1.02203 137.744
110 5.475 1.04263 141.669
111 5.525 0.988303 145.457
112 5.575 0.994353 149.339
113 5.625 0.95033 153.115
114 5.675 0.994542 157.137
115 5.725 0.999415 161.251
116 5.775 1.0183 165.516
117 5.825 1.02318 169.876
118 5.875 1.01709 174.285
119 5.925 0.984401 178.625
120 5.975 1.02069 183.201
121 6.025 1.00162 187.767
122 6.075 1.00732 192.436
123 6.125 1.0111 197.2
124 6.175 1.02847 202.125
125 6.225 1.00277 207.005
126 6.275 0.992918 211.915
127 6.325 1.00888 216.984
128 6.375 0.974258 221.956
129 6.425 1.00858 227.185
130 6.475 0.970987 232.297
131 6.525 1.00269 237.659
132 6.575 0.980126 242.98
133 6.625 0.988745 248.43
134 6.675 1.01219 254.094
135 6.725 0.986849 259.699
136 6.775 1.0027 265.479
137 6.825 1.00558 271.361
138 6.875 1.0167 277.396
139 6.925 0.9892 283.354
140 6.975 0.995937 289.439
141 7.025 0.990685 295.579
142 7.075 1.01054 301.931
143 7.125 1.00268 308.324
144 7.175 0.996484 314.766
145 7.225 1.00829 321.376
146 7.275 0.989589 327.954
147 7.325 1.00933 334.755
148 7.375 0.988737 341.509
149 7.425 0.995325 348.4
150 7.475 0.981698 355.289
151 7.525 0.98768 362.312
152 7.575 0.990122 369.447
153 7.625 0.997209 376.729
154 7.675 1.00065 384.131
155 7.725 0.97356 391.427
156 7.775 1.0057 399.062
157 7.825 0.989312 406.67
158 7.875 0.994605 414.416
159 7.925 0.997467 422.284
160 7.975 0.995484 430.235
161 8.025 1.02176 438.499
162 8.075 1.00075 446.694
163 8.125 0.989222 454.895
164 8.175 0.999647 463.285
165 8.225 0.994445 471.734
166 8.275 0.996709 480.305
167 8.325 0.991523 488.935
168 8.375 0.968083 497.462
169 8.425 1.00318 506.405
170 8.475 0.983758 515.279
171 8.525 0.980743 524.23
172 8.575 1.00129 533.476
173 8.625 0.989175 542.717
174 8.675 1.0077 552.241
175 8.725 0.993172 561.736
176 8.775 0.997527 571.382
177 8.825 1.00108 581.174
178 8.875 1.01056 591.17
179 8.925 0.985021 601.024
180 8.975 0.996195 611.101
181 9.025 0.99032 621.231
182 9.075 1.0198 631.779
183 9.125 0.989174 642.122
184 9.175 0.996513 652.657
185 9.225 1.00375 663.385
186 9.275 0.998975 674.177
187 9.325 1.00661 685.17
188 9.375 1.00382 696.25
189 9.425 1.00575 707.47
190 9.475 0.992504 718.66
191 9.525 0.999445 730.048
192 9.575 0.997286 741.53
193 9.625 0.971372 752.831
194 9.675 1.0007 764.595
195 9.725 1.00938 776.584
196 9.775 1.00773 788.676
197 9.825 0.995641 800.746
198 9.875 1.00998 813.115
199 9.925 0.997909 825.46
200 9.975 0.993331 837.872
5404 200
1 0.025 0 0
2 0.075 0 0
3 0.125 0 0
4 0.175 0 0
5 0.225 0 0
6 0.275 0 0
7 0.325 0 0
8 0.375 0 0
9 0.425 0 0
10 0.475 0 0
11 0.525 0 0
12 0.575 0 0
13 0.625 0 0
14 0.675 0 0
15 0.725 0 0
16 0.775 0 0
17 0.825 0 0
18 0.875 0 0
19 0.925 0.0116301 0.00125
20 0.975 0.701362 0.085
21 1.025 1.63864 0.30125
22 1.075 2.06675 0.60125
23 1.125 2.3668 0.9775
24 1.175 2.14806 1.35
25 1.225 1.86357 1.70125
26 1.275 1.83049 2.075
27 1.325 1.4342 2.39125
28 1.375 1.2739 2.69375
29 1.425 1.45074 3.06375
30 1.475 1.02469 3.34375
31 1.525 0.94577 3.62
32 1.575 1.10735 3.965
33 1.625 0.961105 4.28375
34 1.675 1.01456 4.64125
35 1.725 1.01011 5.01875
36 1.775 0.944534 5.3925
37 1.825 0.917397 5.77625
38 1.875 0.959717 6.2
39 1.925 0.988402 6.66
40 1.975 1.13036 7.21375
41 2.025 0.983002 7.72
42 2.075 0.982434 8.25125
43 2.125 1.09985 8.875
44 2.175 1.07511 9.51375
45 2.225 1.04141 10.1612
46 2.275 1.08653 10.8675
47 2.325 1.13788 11.64
48 2.375 1.08518 12.4088
49 2.425 1.05444 13.1875
50 2.475 0.989518 13.9488
51 2.525 0.986624 14.7388
52 2.575 1.1108 15.6638
53 2.625 1.05011 16.5725
54 2.675 1.0293 17.4975
55 2.725 1.07632 18.5013
56 2.775 1.02755 19.495
57 2.825 1.05884 20.5563
58 2.875 0.951288 21.5438
59 2.925 0.974885 22.5913
60 2.975 1.06272 23.7725
61 3.025 0.982197 24.9013
62 3.075 1.02631 26.12
63 3.125 0.969266 27.3087
64 3.175 1.02883 28.6112
65 3.225 1.02971 29.9562
66 3.275 0.986447 31.285
67 3.325 1.04163 32.7312
68 3.375 1.00837 34.1737
69 3.425 1.03854 35.7037
70 3.475 1.04596 37.29
71 3.525 0.956424 38.7825
72 3.575 1.01552 40.4125
73 3.625 1.02557 42.105
74 3.675 1.02144 43.8375
75 3.725 1.01859 45.6125
76 3.775 1.03579 47.4663
77 3.825 1.03406 49.3663
78 3.875 1.01086 51.2725
79 3.925 1.00078 53.2088
80 3.975 1.03308 55.2587
81 4.025 0.993446 57.28
82 4.075 1.01657 59.4
83 4.125 1.00845 61.555
84 4.175 1.00614 63.7575
85 4.225 0.97076 65.9338
86 4.275 0.980318 68.1838
87 4.325 1.01153 70.56
88 4.375 1.01246 72.9938
89 4.425 1.02122 75.505
90 4.475 1.02984 78.095
91 4.525 1.02617 80.7338
92 4.575 0.970573 83.285
93 4.625 1.01205 86.0038
94 4.675 0.94498 88.5975
95 4.725 0.99196 91.3788
96 4.775 1.02368 94.31
97 4.825 0.997443 97.2263
98 4.875 0.993421 100.191
99 4.925 1.03121 103.333
100 4.975 1.01662 106.493
101 5.025 1.02329 109.738
102 5.075 1.00632 112.993
103 5.125 1.00156 116.296
104 5.175 1.02913 119.758
105 5.225 1.00479 123.203
106 5.275 0.990839 126.665
107 5.325 1.01585 130.283
108 5.375 1.01564 133.968
109 5.425 1.01899 137.734
110 5.475 1.0423 141.658
111 5.525 0.988303 145.446
112 5.575 0.998516 149.344
113 5.625 0.948128 153.111
114 5.675 0.999178 157.153
115 5.725 0.990001 161.228
116 5.775 1.02039 165.501
117 5.825 1.02318 169.861
118 5.875 1.01997 174.283
119 5.925 0.990922 178.651
120 5.975 1.01344 183.195
121 6.025 0.993947 187.726
122 6.075 1.01946 192.451
123 6.125 1.005 197.186
124 6.175 1.02664 202.103
125 6.225 1.01279 207.031
126 6.275 0.991401 211.934
127 6.325 1.00465 216.981
128 6.375 0.990912 222.039
129 6.425 0.991463 227.179
130 6.475 0.973598 232.305
131 6.525 0.996373 237.633
132 6.575 0.989105 243.003
133 6.625 0.988292 248.45
134 6.675 1.01174 254.111
135 6.725 0.987069 259.718
136 6.775 0.990335 265.426
137 6.825 1.01455 271.361
138 6.875 1.01501 277.386
139 6.925 0.988163 283.338
140 6.975 0.997369 289.431
141 7.025 0.993912 295.591
142 7.075 1.0002 301.879
143 7.125 1.01032 308.32
144 7.175 0.993778 314.745
145 7.225 1.00905 321.36
146 7.275 0.990341 327.943
147 7.325 1.01304 334.769
148 7.375 0.986175 341.505
149 7.425 0.992978 348.38
150 7.475 0.985974 355.299
151 7.525 0.988383 362.328
152 7.575 0.99203 369.476
153 7.625 0.992587 376.724
154 7.675 1.00555 384.163
155 7.725 0.967222 391.411
156 7.775 1.0108 399.085
157 7.825 0.994677 406.734
158 7.875 0.990111 414.445
159 7.925 0.98875 422.244
160 7.975 1.00331 430.258
161 8.025 1.02423 438.541
162 8.075 0.988688 446.638
163 8.125 0.997966 454.911
164 8.175 0.995179 463.264
165 8.225 1.00018 471.761
166 8.275 0.994529 480.314
167 8.325 0.996836 488.99
168 8.375 0.959001 497.438
169 8.425 1.00066 506.358
170 8.475 0.981956 515.215
171 8.525 0.986769 524.221
172 8.575 0.995058 533.41
173 8.625 0.995062 542.706
174 8.675 1.01153 552.266
175 8.725 0.987811 561.71
176 8.775 1.00024 571.383
177 8.825 1.00722 581.234
178 8.875 1.00967 591.221
179 8.925 0.980023 601.025
180 8.975 0.996689 611.108
181 9.025 0.99252 621.26
182 9.075 1.01787 631.788
183 9.125 0.989174 642.131
184 9.175 0.995212 652.653
185 9.225 1.00328 663.375
186 9.275 1.00083 674.188
187 9.325 1.01187 685.238
188 9.375 0.999408 696.269
189 9.425 1.00631 707.495
190 9.475 0.996385 718.729
191 9.525 0.992205 730.034
192 9.575 0.995874 741.5
193 9.625 0.974166 752.834
194 9.675 1.00219 764.615
195 9.725 1.01054 776.618
196 9.775 1.00689 788.7
197 9.825 1.00337 800.864
198 9.875 0.998343 813.09
199 9.925 0.997201 825.426
200 9.975 0.999834 837.92
5405 200
1 0.025 0 0
2 0.075 0 0
3 0.125 0 0
4 0.175 0 0
5 0.225 0 0
6 0.275 0 0
7 0.325 0 0
8 0.375 0 0
9 0.425 0 0
10 0.475 0 0
11 0.525 0 0
12 0.575 0 0
13 0.625 0 0
14 0.675 0 0
15 0.725 0 0
16 0.775 0 0
17 0.825 0 0
18 0.875 0 0
19 0.925 0.0116301 0.00125
20 0.975 0.732766 0.08875
21 1.025 1.58181 0.2975
22 1.075 2.04953 0.595
23 1.125 2.31962 0.96375
24 1.175 2.15527 1.3375
25 1.225 1.92326 1.7
26 1.275 1.81212 2.07
27 1.325 1.4342 2.38625
28 1.375 1.36338 2.71
29 1.425 1.37232 3.06
30 1.475 1.05214 3.3475
31 1.525 0.971447 3.63125
32 1.575 1.07525 3.96625
33 1.625 0.972412 4.28875
34 1.675 1.02165 4.64875
35 1.725 0.973321 5.0125
36 1.775 0.947693 5.3875
37 1.825 0.92935 5.77625
38 1.875 0.988027 6.2125
39 1.925 0.966915 6.6625
40 1.975 1.1125 7.2075
41 2.025 0.999993 7.7225
42 2.075 0.980122 8.2525
43 2.125 1.09985 8.87625
44 2.175 1.0646 9.50875
45 2.225 1.06152 10.1688
46 2.275 1.06153 10.8588
47 2.325 1.1655 11.65
48 2.375 1.0693 12.4075
49 2.425 1.04936 13.1825
50 2.475 1.02201 13.9688
51 2.525 0.969452 14.745
52 2.575 1.09279 15.655
53 2.625 1.04 16.555
54 2.675 1.06408 17.5113
55 2.725 1.06962 18.5087
56 2.775 1.03013 19.505
57 2.825 1.05385 20.5612
58 2.875 0.96333 21.5612
59 2.925 0.991172 22.6262
60 2.975 1.04135 23.7837
61 3.025 0.974583 24.9037
62 3.075 1.02631 26.1225
63 3.125 0.963151 27.3037
64 3.175 1.01402 28.5875
65 3.225 1.05746 29.9688
66 3.275 0.997583 31.3125
67 3.325 1.03623 32.7512
68 3.375 1.01187 34.1987
69 3.425 1.0326 35.72
70 3.475 1.04019 37.2975
71 3.525 0.958827 38.7938
72 3.575 0.996833 40.3938
73 3.625 1.04375 42.1163
74 3.675 1.02365 43.8525
75 3.725 1.0107 45.6137
76 3.775 1.01973 47.4387
77 3.825 1.05311 49.3738
78 3.875 0.99628 51.2525
79 3.925 1.00013 53.1875
80 3.975 1.04379 55.2587
81 4.025 1.01003 57.3137
82 4.075 0.999786 59.3987
83 4.125 1.01489 61.5675
84 4.175 1.00272 63.7625
85 4.225 0.986373 65.9738
86 4.275 0.954721 68.165
87 4.325 1.01046 70.5388
88 4.375 0.999977 72.9425
89 4.425 1.04969 75.5238
90 4.475 1.02288 78.0963
91 4.525 1.01742 80.7125
92 4.575 0.982461 83.295
93 4.625 1.01112 86.0113
94 4.675 0.942247 88.5975
95 4.725 0.992405 91.38
96 4.775 1.02455 94.3138
97 4.825 0.995732 97.225
98 4.875 0.988395 100.175
99 4.925 1.04475 103.358
100 4.975 1.00898 106.494
101 5.025 1.03354 109.771
102 5.075 0.999752 113.005
103 5.125 0.999288 116.301
104 5.175 1.03471 119.781
105 5.225 1.00224 123.218
106 5.275 0.990124 126.678
107 5.325 1.01409 130.289
108 5.375 1.0115 133.959
109 5.425 1.02981 137.765
110 5.475 1.03167 141.649
111 5.525 0.998737 145.478
112 5.575 0.99019 149.343
113 5.625 0.95379 153.133
114 5.675 1.00258 157.188
115 5.725 0.979979 161.221
116 5.775 1.02068 165.496
117 5.825 1.02964 169.884
118 5.875 1.00873 174.256
119 5.925 0.991206 178.626
120 5.975 1.02403 183.218
121 6.025 0.986818 187.716
122 6.075 1.03348 192.506
123 6.125 0.992798 197.184
124 6.175 1.02403 202.088
125 6.225 1.01715 207.038
126 6.275 0.989126 211.929
127 6.325 1.0044 216.975
128 6.375 0.997279 222.065
129 6.425 0.980854 227.15
130 6.475 0.98167 232.319
131 6.525 0.978138 237.549
132 6.575 1.00568 243.009
133 6.625 0.986477 248.446
134 6.675 1.00705 254.081
135 6.725 0.993011 259.721
136 6.775 0.993804 265.45
137 6.825 1.01605 271.394
138 6.875 1.01227 277.403
139 6.925 0.982974 283.323
140 6.975 0.995323 289.404
141 7.025 1.00521 295.634
142 7.075 0.998207 301.909
143 7.125 1.00385 308.309
144 7.175 1.00441 314.803
145 7.225 0.998757 321.35
146 7.275 0.992222 327.945
147 7.325 1.02677 334.864
148 7.375 0.972268 341.505
149 7.425 0.99352 348.384
150 7.475 0.98633 355.305
151 7.525 0.992777 362.365
152 7.575 0.978153 369.414
153 7.625 0.994128 376.673
154 7.675 1.01281 384.165
155 7.725 0.976563 391.484
156 7.775 1.0001 399.076
157 7.825 0.997278 406.745
158 7.875 0.985938 414.424
159 7.925 0.990811 422.239
160 7.975 1.01019 430.308
161 8.025 1.01666 438.53
162 8.075 0.991435 446.649
163 8.125 0.994499 454.894
164 8.175 1.00218 463.305
165 8.225 0.99371 471.748
166 8.275 0.997581 480.326
167 8.325 0.988363 488.929
168 8.375 0.971347 497.485
169 8.425 1.00038 506.403
170 8.475 0.978769 515.231
171 8.525 0.992111 524.286
172 8.575 0.993163 533.457
173 8.625 0.987435 542.683
174 8.675 1.0155 552.28
175 8.725 0.983497 561.683
176 8.775 1.00515 571.403
177 8.825 1.01015 581.283
178 8.875 1.00752 591.249
179 8.925 0.983272 601.085
180 8.975 0.992612 611.126
181 9.025 0.991909 621.272
182 9.075 1.014 631.76
183 9.125 0.989413 642.106
184 9.175 0.997577 652.652
185 9.225 1.00516 663.395
186 9.275 0.998281 674.18
187 9.325 1.00764 685.184
188 9.375 0.997709 696.196
189 9.425 1.01214 707.487
190 9.475 0.999156 718.752
191 9.525 0.991217 730.046
192 9.575 0.990229 741.447
193 9.625 0.981257 752.864
194 9.675 0.999319 764.611
195 9.725 1.01412 776.656
196 9.775 1.01262 788.807
197 9.825 0.995229 800.872
198 9.875 0.998445 813.1
199 9.925 0.996393 825.426
200 9.975 1.00323 837.962
5406 200
1 0.025 0 0
2 0.075 0 0
3 0.125 0 0
4 0.175 0 0
5 0.225 0 0
6 0.275 0 0
7 0.325 0 0
8 0.375 0 0
9 0.425 0 0
10 0.475 0 0
11 0.525 0 0
12 0.575 0 0
13 0.625 0 0
14 0.675 0 0
15 0.725 0 0
16 0.775 0 0
17 0.825 0 0
18 0.875 0 0
19 0.925 0.0116301 0.00125
20 0.975 0.680426 0.0825
21 1.025 1.64811 0.3
22 1.075 2.09258 0.60375
23 1.125 2.24885 0.96125
24 1.175 2.1841 1.34
25 1.225 1.86357 1.69125
26 1.275 1.82437 2.06375
27 1.325 1.41719 2.37625
28 1.375 1.41076 2.71125
29 1.425 1.32331 3.04875
30 1.475 1.05672 3.3375
31 1.525 1.0442 3.6425
32 1.575 1.03112 3.96375
33 1.625 0.987488 4.29125
34 1.675 0.993271 4.64125
35 1.725 1.00677 5.0175
36 1.775 0.92558 5.38375
37 1.825 0.92935 5.7725
38 1.875 0.982365 6.20625
39 1.925 1.00989 6.67625
40 1.975 1.03595 7.18375
41 2.025 1.08494 7.7425
42 2.075 0.950071 8.25625
43 2.125 1.0712 8.86375
44 2.175 1.07932 9.505
45 2.225 1.07559 10.1737
46 2.275 1.09422 10.885
47 2.325 1.12868 11.6512
48 2.375 1.06577 12.4062
49 2.425 1.04597 13.1787
50 2.475 1.02201 13.965
51 2.525 0.96633 14.7387
52 2.575 1.08678 15.6437
53 2.625 1.04144 16.545
54 2.675 1.0905 17.525
55 2.725 1.07766 18.53
56 2.775 1.00428 19.5012
57 2.825 1.04637 20.55
58 2.875 0.983801 21.5712
59 2.925 0.987682 22.6325
60 2.975 1.01661 23.7625
61 3.025 1.00504 24.9175
62 3.075 1.00946 26.1162
63 3.125 0.966208 27.3012
64 3.175 1.02883 28.6037
65 3.225 1.03258 29.9525
66 3.275 1.01985 31.3262
67 3.325 1.04163 32.7725
68 3.375 0.998763 34.2012
69 3.425 1.03769 35.73
70 3.475 1.01382 37.2675
71 3.525 0.977251 38.7925
72 3.575 0.999948 40.3975
73 3.625 1.04603 42.1237
74 3.675 1.02513 43.8625
75 3.725 1.00496 45.6137
76 3.775 1.02252 47.4437
77 3.825 1.04359 49.3612
78 3.875 1.01683 51.2787
79 3.925 0.977519 53.17
80 3.975 1.0356 55.225
81 4.025 1.03584 57.3325
82 4.075 0.989596 59.3962
83 4.125 1.0184 61.5725
84 4.175 0.999861 63.7612
85 4.225 1.00533 66.015
86 4.275 0.946007 68.1862
87 4.325 1.00514 70.5475
88 4.375 1.0005 72.9525
89 4.425 1.04664 75.5262
90 4.475 1.02935 78.115
91 4.525 1.01645 80.7287
92 4.575 0.984839 83.3175
93 4.625 0.991579 85.9812
94 4.675 0.959097 88.6137
95 4.725 1.00311 91.4262
96 4.775 1.01713 94.3387
97 4.825 0.974783 97.1887
98 4.875 1.01185 100.209
99 4.925 1.02629 103.335
100 4.975 1.01622 106.494
101 5.025 1.03275 109.769
102 5.075 0.994342 112.985
103 5.125 1.00421 116.297
104 5.175 1.03619 119.782
105 5.225 1.00661 123.234
106 5.275 0.983328 126.67
107 5.325 1.0183 130.296
108 5.375 1.01185 133.967
109 5.425 1.02507 137.756
110 5.475 1.03234 141.642
111 5.525 1.01211 145.522
112 5.575 0.988909 149.382
113 5.625 0.946555 153.144
114 5.675 1.00907 157.225
115 5.725 0.973906 161.234
116 5.775 1.00725 165.452
117 5.825 1.02964 169.84
118 5.875 1.02055 174.264
119 5.925 0.98837 178.621
120 5.975 1.0218 183.202
121 6.025 0.994769 187.737
122 6.075 1.02242 192.476
123 6.125 0.996512 197.171
124 6.175 1.02221 202.066
125 6.225 1.02743 207.066
126 6.275 0.987104 211.947
127 6.325 0.997932 216.961
128 6.375 1.00316 222.081
129 6.425 0.973138 227.126
130 6.475 0.987605 232.326
131 6.525 0.971826 237.522
132 6.575 1.01029 243.007
133 6.625 0.987611 248.451
134 6.675 1.00794 254.091
135 6.725 0.991691 259.724
136 6.775 0.990552 265.434
137 6.825 1.01349 271.362
138 6.875 1.00869 277.35
139 6.925 0.993144 283.331
140 6.975 0.993482 289.401
141 7.025 1.01005 295.661
142 7.075 0.999798 301.946
143 7.125 1.00385 308.346
144 7.175 0.998998 314.805
145 7.225 0.995897 321.334
146 7.275 1.00162 327.991
147 7.325 1.01861 334.855
148 7.375 0.981783 341.561
149 7.425 0.989909 348.415
150 7.475 0.986686 355.339
151 7.525 0.992426 362.396
152 7.575 0.972082 369.401
153 7.625 0.993614 376.656
154 7.675 1.01028 384.13
155 7.725 0.983401 391.5
156 7.775 0.99154 399.027
157 7.825 1.00362 406.745
158 7.875 0.988506 414.444
159 7.925 0.990335 422.255
160 7.975 1.00988 430.321
161 8.025 1.00676 438.464
162 8.075 1.00029 446.655
163 8.125 0.99676 454.919
164 8.175 1.00382 463.344
165 8.225 0.984441 471.707
166 8.275 1.0031 480.334
167 8.325 0.991954 488.967
168 8.375 0.96936 497.506
169 8.425 0.996451 506.389
170 8.475 0.988469 515.305
171 8.525 0.988961 524.331
172 8.575 0.983417 533.412
173 8.625 0.994794 542.706
174 8.675 1.01404 552.29
175 8.725 0.982451 561.683
176 8.775 1.0058 571.409
177 8.825 1.0145 581.331
178 8.875 0.99514 591.175
179 8.925 0.985646 601.035
180 8.975 0.998419 611.135
181 9.025 0.989831 621.26
182 9.075 1.01727 631.781
183 9.125 0.990131 642.135
184 9.175 0.995449 652.659
185 9.225 1.00504 663.4
186 9.275 0.998513 674.188
187 9.325 1.00226 685.133
188 9.375 1.00552 696.231
189 9.425 1.0146 707.55
190 9.475 0.990508 718.718
191 9.525 0.996483 730.071
192 9.575 0.981761 741.375
193 9.625 0.990497 752.899
194 9.675 0.999319 764.646
195 9.725 1.01349 776.684
196 9.775 1.01533 788.868
197 9.825 0.992239 800.896
198 9.875 0.995383 813.086
199 9.925 0.996696 825.416
200 9.975 1.00414 837.964
5407 200
1 0.025 0 0
2 0.075 0 0
3 0.125 0 0
4 0.175 0 0
5 0.225 0 0
6 0.275 0 0
7 0.325 0 0
8 0.375 0 0
9 0.425 0 0
10 0.475 0 0
11 0.525 0 0
12 0.575 0 0
13 0.625 0 0
14 0.675 0 0
15 0.725 0 0
16 0.775 0 0
17 0.825 0 0
18 0.875 0 0
19 0.925 0 0
20 0.975 0.690894 0.0825
21 1.025 1.6197 0.29625
22 1.075 2.11842 0.60375
23 1.125 2.18595 0.95125
24 1.175 2.1841 1.33
25 1.225 1.92989 1.69375
26 1.275 1.79376 2.06
27 1.325 1.47955 2.38625
28 1.375 1.37918 2.71375
29 1.425 1.289 3.0425
30 1.475 1.10246 3.34375
31 1.525 1.03992 3.6475
32 1.575 0.999018 3.95875
33 1.625 1.0101 4.29375
34 1.675 1.01456 4.65125
35 1.725 0.996734 5.02375
36 1.775 0.928739 5.39125
37 1.825 0.908432 5.77125
38 1.875 1.00501 6.215
39 1.925 1.02063 6.69
40 1.975 1.00533 7.1825
41 2.025 1.08252 7.74
42 2.075 0.950071 8.25375
43 2.125 1.06459 8.8575
44 2.175 1.07932 9.49875
45 2.225 1.07157 10.165
46 2.275 1.1096 10.8862
47 2.325 1.10842 11.6387
48 2.375 1.11165 12.4262
49 2.425 1.02059 13.18
50 2.475 1.03339 13.975
51 2.525 0.972574 14.7537
52 2.575 1.04625 15.625
53 2.625 1.07466 16.555
54 2.675 1.08494 17.53
55 2.725 1.0723 18.53
56 2.775 1.03659 19.5325
57 2.825 1.02392 20.5588
58 2.875 0.980188 21.5763
59 2.925 0.971395 22.62
60 2.975 1.02898 23.7638
61 3.025 1.01483 24.93
62 3.075 0.9842 26.0988
63 3.125 0.997804 27.3225
64 3.175 1.00908 28.6
65 3.225 1.03067 29.9463
66 3.275 1.0412 31.3488
67 3.325 1.02182 32.7675
68 3.375 1.01362 34.2175
69 3.425 1.02582 35.7288
70 3.475 1.00557 37.2538
71 3.525 0.999679 38.8138
72 3.575 1.00151 40.4213
73 3.625 1.02255 42.1088
74 3.675 1.03839 43.87
75 3.725 1.00712 45.625
76 3.775 1.00506 47.4238
77 3.825 1.04971 49.3525
78 3.875 1.03075 51.2963
79 3.925 0.978812 53.19
80 3.975 1.01986 55.2138
81 4.025 1.04751 57.345
82 4.075 1.00818 59.4475
83 4.125 0.977451 61.5363
84 4.175 1.009 63.745
85 4.225 1.02708 66.0475
86 4.275 0.936204 68.1962
87 4.325 1.01738 70.5862
88 4.375 0.994777 72.9775
89 4.425 1.03139 75.5137
90 4.475 1.04127 78.1325
91 4.525 1.01596 80.745
92 4.575 0.986741 83.3387
93 4.625 0.982273 85.9775
94 4.675 0.960919 88.615
95 4.725 1.00935 91.445
96 4.775 1.00578 94.325
97 4.825 0.969653 97.16
98 4.875 1.02148 100.209
99 4.925 1.03162 103.351
100 4.975 1.01903 106.519
101 5.025 1.02172 109.759
102 5.075 0.999366 112.991
103 5.125 1.0099 116.322
104 5.175 1.0321 119.794
105 5.225 0.999685 123.221
106 5.275 0.986905 126.67
107 5.325 1.01971 130.301
108 5.375 1.00117 133.934
109 5.425 1.04435 137.794
110 5.475 1.02437 141.65
111 5.525 1.00787 145.514
112 5.575 0.99051 149.38
113 5.625 0.959138 153.191
114 5.675 1.00999 157.276
115 5.725 0.967832 161.26
116 5.775 0.995017 165.427
117 5.825 1.04196 169.867
118 5.875 1.0168 174.275
119 5.925 0.993474 178.655
120 5.975 1.02041 183.23
121 6.025 0.990656 187.746
122 6.075 1.02593 192.501
123 6.125 0.99492 197.189
124 6.175 1.02795 202.111
125 6.225 1.02563 207.102
126 6.275 0.98584 211.977
127 6.325 0.985492 216.929
128 6.375 1.01981 222.134
129 6.425 0.963493 227.129
130 6.475 0.98262 232.303
131 6.525 0.980943 237.548
132 6.575 1.01259 243.045
133 6.625 0.980808 248.451
134 6.675 1.00884 254.096
135 6.725 0.991471 259.728
136 6.775 0.98448 265.403
137 6.825 1.02246 271.384
138 6.875 1.00448 277.346
139 6.925 0.997502 283.354
140 6.975 0.987549 289.387
141 7.025 1.00541 295.619
142 7.075 1.00795 301.955
143 7.125 1.0015 308.34
144 7.175 1.00054 314.809
145 7.225 0.996278 321.34
146 7.275 1.00407 328.014
147 7.325 1.01452 334.85
148 7.375 0.980685 341.549
149 7.425 0.990631 348.407
150 7.475 0.987221 355.335
151 7.525 0.999281 362.441
152 7.575 0.962368 369.376
153 7.625 0.995669 376.646
154 7.675 1.00876 384.109
155 7.725 0.989239 391.522
156 7.775 0.991869 399.052
157 7.825 1.00037 406.745
158 7.875 0.983852 414.407
159 7.925 0.99192 422.231
160 7.975 1.01286 430.321
161 8.025 1.01326 438.516
162 8.075 0.990214 446.625
163 8.125 0.996911 454.89
164 8.175 1.00143 463.295
165 8.225 0.99474 471.746
166 8.275 1.00209 480.364
167 8.325 0.991523 488.994
168 8.375 0.973333 497.567
169 8.425 0.98383 506.337
170 8.475 0.990548 515.272
171 8.525 1.00266 524.424
172 8.575 0.968392 533.366
173 8.625 0.998139 542.691
174 8.675 1.01299 552.265
175 8.725 0.981666 561.65
176 8.775 1.00709 571.389
177 8.825 1.01974 581.362
178 8.875 0.992108 591.176
179 8.925 0.994143 601.121
180 8.975 0.990264 611.139
181 9.025 0.992275 621.289
182 9.075 1.00772 631.711
183 9.125 0.996705 642.134
184 9.175 0.993794 652.64
185 9.225 1.0041 663.371
186 9.275 1.00464 674.225
187 9.325 1.00226 685.17
188 9.375 1.00281 696.239
189 9.425 1.00956 707.501
190 9.475 0.993169 718.699
191 9.525 0.999007 730.081
192 9.575 0.989577 741.475
193 9.625 0.98072 752.885
194 9.675 1.00262 764.671
195 9.725 1.01496 776.726
196 9.775 1.01429 788.898
197 9.825 0.991001 800.911
198 9.875 1.001 813.17
199 9.925 0.985682 825.364
200 9.975 1.00373 837.906
5408 200
1 0.025 0 0
2 0.075 0 0
3 0.125 0 0
4 0.175 0 0
5 0.225 0 0
6 0.275 0 0
7 0.325 0 0
8 0.375 0 0
9 0.425 0 0
10 0.475 0 0
11 0.525 0 0
12 0.575 0 0
13 0.625 0 0
14 0.675 0 0
15 0.725 0 0
16 0.775 0 0
17 0.825 0 0
18 0.875 0 0
19 0.925 0.0348902 0.00375
20 0.975 0.690894 0.08625
21 1.025 1.50603 0.285
22 1.075 2.20453 0.605
23 1.125 2.20954 0.95625
24 1.175 2.0976 1.32
25 1.225 1.94978 1.6875
26 1.275 1.87334 2.07
27 1.325 1.42286 2.38375
28 1.375 1.41602 2.72
29 1.425 1.2694 3.04375
30 1.475 1.09789 3.34375
31 1.525 1.03992 3.6475
32 1.575 1.01507 3.96375
33 1.625 1.02518 4.30375
34 1.675 0.968439 4.645
35 1.725 1.0168 5.025
36 1.775 0.906626 5.38375
37 1.825 0.920385 5.76875
38 1.875 0.99652 6.20875
39 1.925 1.04212 6.69375
40 1.975 0.987473 7.1775
41 2.025 1.11164 7.75
42 2.075 0.959318 8.26875
43 2.125 1.00948 8.84125
44 2.175 1.10247 9.49625
45 2.225 1.05951 10.155
46 2.275 1.10576 10.8737
47 2.325 1.11947 11.6337
48 2.375 1.11165 12.4212
49 2.425 1.04259 13.1912
50 2.475 1.02364 13.9787
51 2.525 0.985063 14.7675
52 2.575 1.00722 15.6062
53 2.625 1.08333 16.5437
54 2.675 1.11971 17.55
55 2.725 1.04683 18.5262
56 2.775 1.05986 19.5512
57 2.825 0.991495 20.545
58 2.875 0.993434 21.5762
59 2.925 0.981865 22.6312
60 2.975 1.02786 23.7737
61 3.025 0.982197 24.9025
62 3.075 1.01052 26.1025
63 3.125 1.00901 27.34
64 3.175 0.984397 28.5862
65 3.225 1.03258 29.935
66 3.275 1.05141 31.3512
67 3.325 1.00292 32.7437
68 3.375 1.03634 34.2262
69 3.425 1.01478 35.7212
70 3.475 0.993211 37.2275
71 3.525 1.03092 38.8362
72 3.575 0.996054 40.435
73 3.625 1.01952 42.1175
74 3.675 1.03692 43.8762
75 3.725 1.02792 45.6675
76 3.775 0.972234 47.4075
77 3.825 1.06331 49.3612
78 3.875 1.03075 51.305
79 3.925 0.980104 53.2012
80 3.975 1.00852 55.2025
81 4.025 1.06963 57.3787
82 4.075 0.980006 59.4225
83 4.125 0.979791 61.5162
84 4.175 1.01813 63.745
85 4.225 1.03209 66.0588
86 4.275 0.940561 68.2175
87 4.325 0.995562 70.5563
88 4.375 1.00726 72.9775
89 4.425 1.02732 75.5038
90 4.475 1.05569 78.1588
91 4.525 0.993599 80.7138
92 4.575 1.00386 83.3525
93 4.625 0.983204 85.9938
94 4.675 0.956365 88.6188
95 4.725 1.02094 91.4813
96 4.775 0.999669 94.3438
97 4.825 0.973928 97.1913
98 4.875 1.01352 100.216
99 4.925 1.03367 103.365
100 4.975 1.00737 106.496
101 5.025 1.03078 109.765
102 5.075 1.00014 113
103 5.125 1.02392 116.378
104 5.175 1.00386 119.754
105 5.225 1.01864 123.246
106 5.275 0.98762 126.698
107 5.325 1.01234 130.303
108 5.375 1.00668 133.955
109 5.425 1.03894 137.795
110 5.475 1.02437 141.651
111 5.525 0.999715 145.484
112 5.575 0.991151 149.353
113 5.625 0.959767 153.166
114 5.675 1.01247 157.261
115 5.725 0.976031 161.279
116 5.775 0.993525 165.44
117 5.825 1.03638 169.856
118 5.875 1.02286 174.29
119 5.925 0.999428 178.696
120 5.975 1.01121 183.23
121 6.025 0.993124 187.758
122 6.075 1.02269 192.498
123 6.125 1.00155 197.216
124 6.175 1.02795 202.139
125 6.225 1.02511 207.128
126 6.275 0.985082 211.999
127 6.325 0.989473 216.97
128 6.375 1.01124 222.131
129 6.425 0.965422 227.136
130 6.475 0.988317 232.34
131 6.525 0.974164 237.549
132 6.575 1.00591 243.01
133 6.625 0.992373 248.48
134 6.675 1.00906 254.126
135 6.725 0.979806 259.691
136 6.775 0.992937 265.415
137 6.825 1.02695 271.423
138 6.875 0.996481 277.338
139 6.925 0.999786 283.359
140 6.975 0.991232 289.415
141 7.025 1.00521 295.645
142 7.075 1.00318 301.951
143 7.125 1.0066 308.369
144 7.175 0.999578 314.831
145 7.225 0.987316 321.304
146 7.275 1.0084 328.006
147 7.325 1.01582 334.851
148 7.375 0.979221 341.54
149 7.425 0.986479 348.37
150 7.475 0.982411 355.264
151 7.525 1.01123 362.455
152 7.575 0.960113 369.374
153 7.625 0.991046 376.61
154 7.675 1.01129 384.091
155 7.725 0.991907 391.525
156 7.775 0.989564 399.038
157 7.825 1.00768 406.786
158 7.875 0.973901 414.371
159 7.925 0.993663 422.209
160 7.975 1.01739 430.335
161 8.025 1.01032 438.506
162 8.075 0.992504 446.634
163 8.125 0.996459 454.895
164 8.175 1.00277 463.311
165 8.225 0.991797 471.738
166 8.275 1.0034 480.366
167 8.325 0.986927 488.956
168 8.375 0.973901 497.535
169 8.425 0.986214 506.326
170 8.475 0.99429 515.295
171 8.525 1.00074 524.429
172 8.575 0.967715 533.365
173 8.625 1.00296 542.735
174 8.675 0.999099 552.178
175 8.725 0.994872 561.689
176 8.775 1.01045 571.46
177 8.825 1.01437 581.381
178 8.875 0.988822 591.163
179 8.925 0.996017 601.126
180 8.975 0.986928 611.11
181 9.025 0.993742 621.275
182 9.075 1.01147 631.736
183 9.125 0.993119 642.121
184 9.175 0.996277 652.654
185 9.225 1.0027 663.37
186 9.275 1.00395 674.216
187 9.325 0.999623 685.132
188 9.375 1.00541 696.23
189 9.425 1.00721 707.466
190 9.475 0.993724 718.67
191 9.525 1.00175 730.084
192 9.575 0.989577 741.477
193 9.625 0.9761 752.834
194 9.675 1.00857 764.69
195 9.725 1.01633 776.761
196 9.775 1.00981 788.879
197 9.825 0.993063 800.918
198 9.875 1.00018 813.166
199 9.925 0.991038 825.426
200 9.975 0.998033 837.898
5409 200
1 0.025 0 0
2 0.075 0 0
3 0.125 0 0
4 0.175 0 0
5 0.225 0 0
6 0.275 0 0
7 0.325 0 0
8 0.375 0 0
9 0.425 0 0
10 0.475 0 0
11 0.525 0 0
12 0.575 0 0
13 0.625 0 0
14 0.675 0 0
15 0.725 0 0
16 0.775 0 0
17 0.825 0 0
18 0.875 0 0
19 0.925 0.0116301 0.00125
20 0.975 0.690894 0.08375
21 1.025 1.57234 0.29125
22 1.075 2.16147 0.605
23 1.125 2.19381 0.95375
24 1.175 2.14085 1.325
25 1.225 1.94315 1.69125
26 1.275 1.76315 2.05125
27 1.325 1.49655 2.38125
28 1.375 1.45287 2.72625
29 1.425 1.26449 3.04875
30 1.475 1.08416 3.345
31 1.525 1.02708 3.645
32 1.575 1.01507 3.96125
33 1.625 1.05533 4.31125
34 1.675 0.971987 4.65375
35 1.725 0.990045 5.02375
36 1.775 0.92558 5.39
37 1.825 0.917397 5.77375
38 1.875 0.988027 6.21
39 1.925 1.03138 6.69
40 1.975 1.02064 7.19
41 2.025 1.0898 7.75125
42 2.075 0.952383 8.26625
43 2.125 1.02932 8.85
44 2.175 1.08984 9.4975
45 2.225 1.04141 10.145
46 2.275 1.12691 10.8775
47 2.325 1.10842 11.63
48 2.375 1.10107 12.41
49 2.425 1.04428 13.1813
50 2.475 1.04314 13.9838
51 2.525 0.977258 14.7663
52 2.575 1.02374 15.6188
53 2.625 1.08044 16.5538
54 2.675 1.10998 17.5512
55 2.725 1.04013 18.5212
56 2.775 1.07149 19.5575
57 2.825 0.975282 20.535
58 2.875 1.00066 21.5737
59 2.925 0.984192 22.6312
60 2.975 1.02561 23.7712
61 3.025 0.998513 24.9187
62 3.075 1.01894 26.1288
63 3.125 1.01105 27.3687
64 3.175 0.958726 28.5825
65 3.225 1.0345 29.9337
66 3.275 1.06161 31.3637
67 3.325 0.989414 32.7375
68 3.375 1.04857 34.2375
69 3.425 0.996118 35.705
70 3.475 1.0097 37.2362
71 3.525 1.02691 38.8387
72 3.575 0.999169 40.4425
73 3.625 1.018 42.1225
74 3.675 1.03987 43.8862
75 3.725 1.01501 45.655
76 3.775 0.99179 47.43
77 3.825 1.04699 49.3537
78 3.875 1.02346 51.2837
79 3.925 0.976873 53.1737
80 3.975 1.02175 55.2012
81 4.025 1.06779 57.3737
82 4.075 1.00039 59.46
83 4.125 0.966337 61.525
84 4.175 1.01357 63.7437
85 4.225 1.04715 66.0912
86 4.275 0.949275 68.27
87 4.325 0.977471 70.5662
88 4.375 0.993737 72.955
89 4.425 1.03698 75.505
90 4.475 1.05917 78.1687
91 4.525 0.987765 80.7087
92 4.575 1.00671 83.355
93 4.625 0.975293 85.975
94 4.675 0.968206 88.6325
95 4.725 1.01024 91.465
96 4.775 1.00491 94.3425
97 4.825 0.967943 97.1725
98 4.875 1.01729 100.209
99 4.925 1.03367 103.357
100 4.975 1.00456 106.48
101 5.025 1.03197 109.752
102 5.075 1.00787 113.012
103 5.125 1.03188 116.416
104 5.175 1.00163 119.785
105 5.225 1.01208 123.255
106 5.275 0.994416 126.73
107 5.325 1.00637 130.314
108 5.375 1.00944 133.976
109 5.425 1.0359 137.805
110 5.475 1.02138 141.65
111 5.525 1.00102 145.487
112 5.575 0.991471 149.357
113 5.625 0.977069 153.24
114 5.675 0.994851 157.264
115 5.725 0.966314 161.241
116 5.775 0.999494 165.427
117 5.825 1.03844 169.852
118 5.875 1.03035 174.319
119 5.925 0.997727 178.718
120 5.975 1.00368 183.218
121 6.025 0.99806 187.768
122 6.075 1.01892 192.49
123 6.125 1.00792 197.239
124 6.175 1.02403 202.143
125 6.225 1.02717 207.141
126 6.275 0.988368 212.029
127 6.325 0.985741 216.981
128 6.375 1.0061 222.116
129 6.425 0.975308 227.172
130 6.475 0.975972 232.311
131 6.525 0.978372 237.542
132 6.575 1.00085 242.976
133 6.625 1.00643 248.524
134 6.675 0.992083 254.075
135 6.725 0.992351 259.711
136 6.775 0.989251 265.414
137 6.825 1.02567 271.414
138 6.875 0.998798 277.342
139 6.925 1.00145 283.374
140 6.975 0.9898 289.421
141 7.025 1.01085 295.686
142 7.075 0.996616 301.951
143 7.125 1.0017 308.337
144 7.175 1.00596 314.841
145 7.225 0.9856 321.302
146 7.275 1.01911 328.076
147 7.325 0.99987 334.814
148 7.375 0.984894 341.541
149 7.425 0.991895 348.409
150 7.475 0.975107 355.251
151 7.525 1.01475 362.467
152 7.575 0.963582 369.411
153 7.625 0.983343 376.591
154 7.675 1.01079 384.069
155 7.725 0.988905 391.48
156 7.775 0.995656 399.039
157 7.825 1.00622 406.776
158 7.875 0.979839 414.408
159 7.925 0.986373 422.188
160 7.975 1.01661 430.308
161 8.025 1.01356 438.505
162 8.075 0.99403 446.645
163 8.125 0.998117 454.92
164 8.175 0.99786 463.295
165 8.225 1.00018 471.792
166 8.275 0.999762 480.39
167 8.325 0.990087 489.007
168 8.375 0.972624 497.575
169 8.425 0.981867 506.327
170 8.475 1.00066 515.354
171 8.525 0.998958 524.471
172 8.575 0.968121 533.411
173 8.625 0.999343 542.747
174 8.675 0.994205 552.144
175 8.725 0.995787 561.664
176 8.775 1.01226 571.452
177 8.825 1.01003 581.331
178 8.875 0.992487 591.149
179 8.925 0.994643 601.099
180 8.975 0.991747 611.131
181 9.025 0.995453 621.314
182 9.075 1.00397 631.697
183 9.125 0.996227 642.115
184 9.175 0.995212 652.636
185 9.225 1.00726 663.401
186 9.275 0.999785 674.202
187 9.325 1.00134 685.137
188 9.375 1.00552 696.236
189 9.425 1.00676 707.467
190 9.475 1.00071 718.75
191 9.525 0.995276 730.09
192 9.575 0.991423 741.505
193 9.625 0.966967 752.755
194 9.675 1.01952 764.74
195 9.725 1.01128 776.751
196 9.775 1.01127 788.886
197 9.825 0.991517 800.906
198 9.875 0.995179 813.094
199 9.925 1.00609 825.54
200 9.975 0.986529 837.867
