# Time-averaged data for fix ave_rdf
# TimeStep Number-of-rows
# Row c_myRDF[1] c_myRDF[2] c_myRDF[3]
5362 200
1 0.025 0 0
2 0.075 0 0
3 0.125 0 0
4 0.175 0 0
5 0.225 0 0
6 0.275 0 0
7 0.325 0 0
8 0.375 0 0
9 0.425 0 0
10 0.475 0 0
11 0.525 0 0
12 0.575 0 0
13 0.625 0 0
14 0.675 0 0
15 0.725 0 0
16 0.775 0 0
17 0.825 0 0
18 0.875 0 0
19 0.925 0.0581504 0.00625
20 0.975 0.54434 0.07125
21 1.025 2.01752 0.3375
22 1.075 2.7815 0.74125
23 1.125 2.99585 1.2175
24 1.175 2.7896 1.70125
25 1.225 2.16201 2.10875
26 1.275 2.02639 2.5225
27 1.325 1.80834 2.92125
28 1.375 1.64238 3.31125
29 1.425 1.32331 3.64875
30 1.475 1.31746 4.00875
31 1.525 1.22822 4.3675
32 1.575 1.21968 4.7475
33 1.625 1.02141 5.08625
34 1.675 1.14581 5.49
35 1.725 1.23087 5.95
36 1.775 1.19725 6.42375
37 1.825 1.3238 6.9775
38 1.875 1.16638 7.4925
39 1.925 1.22476 8.0625
40 1.975 1.22477 8.6625
41 2.025 1.39077 9.37875
42 2.075 1.34305 10.105
43 2.125 1.35112 10.8712
44 2.175 1.30444 11.6463
45 2.225 1.35102 12.4863
46 2.275 1.34614 13.3613
47 2.325 1.30728 14.2487
48 2.375 1.32692 15.1887
49 2.425 1.24061 16.105
50 2.475 1.19425 17.0237
51 2.525 1.16147 17.9537
52 2.575 1.26241 19.005
53 2.625 1.19022 20.035
54 2.675 1.11832 21.04
55 2.725 1.19025 22.15
56 2.775 1.21237 23.3225
57 2.825 1.19852 24.5237
58 2.875 1.23186 25.8025
59 2.925 1.09006 26.9737
60 2.975 1.23141 28.3425
61 3.025 1.10728 29.615
62 3.075 1.20315 31.0437
63 3.125 1.22101 32.5412
64 3.175 1.17989 34.035
65 3.225 1.21154 35.6175
66 3.275 1.13028 37.14
67 3.325 1.17397 38.77
68 3.375 1.16828 40.4413
69 3.425 1.14545 42.1288
70 3.475 1.15641 43.8825
71 3.525 1.13425 45.6525
72 3.575 1.13468 47.4738
73 3.625 1.1142 49.3125
74 3.675 1.12314 51.2175
75 3.725 1.14126 53.2063
76 3.775 1.09865 55.1725
77 3.825 1.16264 57.3088
78 3.875 1.1315 59.4425
79 3.925 1.16617 61.6988
80 3.975 1.19813 64.0763
81 4.025 1.11325 66.3413
82 4.075 1.17061 68.7825
83 4.125 1.14475 71.2288
84 4.175 1.1449 73.735
85 4.225 1.1319 76.2725
86 4.275 1.15024 78.9125
87 4.325 1.10518 81.5087
88 4.375 1.14506 84.2612
89 4.425 1.13661 87.0562
90 4.475 1.13869 89.92
91 4.525 1.12096 92.8025
92 4.575 1.03477 95.5225
93 4.625 1.12326 98.54
94 4.675 1.12031 101.615
95 4.725 1.09093 104.674
96 4.775 1.09091 107.797
97 4.825 1.11844 111.067
98 4.875 1.13875 114.466
99 4.925 1.13421 117.921
100 4.975 1.07654 121.267
101 5.025 1.10844 124.782
102 5.075 1.10448 128.355
103 5.125 1.08986 131.95
104 5.175 1.1213 135.721
105 5.225 1.11453 139.542
106 5.275 1.11961 143.455
107 5.325 1.07587 147.286
108 5.375 1.09557 151.261
109 5.425 1.07513 155.235
110 5.475 1.06388 159.24
111 5.525 1.09558 163.44
112 5.575 1.08562 167.677
113 5.625 1.05383 171.865
114 5.675 1.11569 176.377
115 5.725 1.07655 180.809
116 5.775 1.10186 185.424
117 5.825 1.071 189.987
118 5.875 1.08111 194.674
119 5.925 1.07541 199.415
120 5.975 1.08035 204.259
121 6.025 1.08416 209.201
122 6.075 1.07744 214.195
123 6.125 1.06098 219.194
124 6.175 1.07833 224.357
125 6.225 1.05363 229.485
126 6.275 1.07052 234.779
127 6.325 1.0574 240.091
128 6.375 1.05875 245.495
129 6.425 1.06042 250.992
130 6.475 1.07331 256.644
131 6.525 1.05879 262.305
132 6.575 1.05357 268.025
133 6.625 1.06698 273.906
134 6.675 1.03386 279.691
135 6.725 1.05089 285.66
136 6.775 1.03804 291.644
137 6.825 1.05323 297.805
138 6.875 1.02702 303.901
139 6.925 1.0305 310.108
140 6.975 1.04381 316.485
141 7.025 1.01973 322.805
142 7.075 1.06661 329.51
143 7.125 1.03228 336.091
144 7.175 1.05429 342.908
145 7.225 1.03308 349.68
146 7.275 1.05503 356.692
147 7.325 1.05163 363.779
148 7.375 1.03888 370.875
149 7.425 1.00706 377.848
150 7.475 1.04048 385.149
151 7.525 1.01334 392.355
152 7.575 1.01389 399.661
153 7.625 1.01929 407.104
154 7.675 1.01535 414.615
155 7.725 1.02977 422.332
156 7.775 1.02299 430.099
157 7.825 1.05271 438.194
158 7.875 1.02141 446.149
159 7.925 1.02187 454.209
160 7.975 1.03132 462.446
161 8.025 1.03258 470.798
162 8.075 1.03097 479.24
163 8.125 1.00023 487.533
164 8.175 1.02526 496.138
165 8.225 1.01593 504.769
166 8.275 1.03566 513.675
167 8.325 0.996693 522.35
168 8.375 1.0037 531.191
169 8.425 1.02379 540.317
170 8.475 1.01785 549.499
171 8.525 0.992658 558.559
172 8.575 1.01103 567.895
173 8.625 0.98302 577.079
174 8.675 1.02013 586.72
175 8.725 1.00324 596.311
176 8.775 1.00554 606.035
177 8.825 1.00198 615.835
178 8.875 1.00891 625.815
179 8.925 1.02776 636.096
180 8.975 0.990635 646.117
181 9.025 1.00022 656.349
182 9.075 1.01304 666.826
183 9.125 0.997303 677.255
184 9.175 0.997222 687.797
185 9.225 1.00831 698.574
186 9.275 0.99481 709.321
187 9.325 0.984628 720.074
188 9.375 0.995331 731.06
189 9.425 0.995779 742.169
190 9.475 0.989954 753.33
191 9.525 0.996374 764.682
192 9.575 0.99924 776.187
193 9.625 1.00887 787.925
194 9.675 0.974224 799.377
195 9.725 1.00486 811.312
196 9.775 0.989707 823.189
197 9.825 0.986671 835.15
198 9.875 0.98783 847.247
199 9.925 1.00539 859.685
200 9.975 0.978226 871.909
5363 200
1 0.025 0 0
2 0.075 0 0
3 0.125 0 0
4 0.175 0 0
5 0.225 0 0
6 0.275 0 0
7 0.325 0 0
8 0.375 0 0
9 0.425 0 0
10 0.475 0 0
11 0.525 0 0
12 0.575 0 0
13 0.625 0 0
14 0.675 0 0
15 0.725 0 0
16 0.775 0 0
17 0.825 0 0
18 0.875 0 0
19 0.925 0.0581504 0.00625
20 0.975 0.607149 0.07875
21 1.025 1.95121 0.33625
22 1.075 2.76428 0.7375
23 1.125 3.07448 1.22625
24 1.175 2.74635 1.7025
25 1.225 2.16864 2.11125
26 1.275 1.98354 2.51625
27 1.325 1.84802 2.92375
28 1.375 1.595 3.3025
29 1.425 1.32331 3.64
30 1.475 1.31289 3.99875
31 1.525 1.28385 4.37375
32 1.575 1.19561 4.74625
33 1.625 1.01764 5.08375
34 1.675 1.13871 5.485
35 1.725 1.27769 5.9625
36 1.775 1.14987 6.4175
37 1.825 1.35667 6.985
38 1.875 1.15789 7.49625
39 1.925 1.20864 8.05875
40 1.975 1.23498 8.66375
41 2.025 1.3495 9.35875
42 2.075 1.42395 10.1288
43 2.125 1.27398 10.8513
44 2.175 1.34863 11.6525
45 2.225 1.32288 12.475
46 2.275 1.39229 13.38
47 2.325 1.26677 14.24
48 2.375 1.33928 15.1887
49 2.425 1.24569 16.1088
50 2.475 1.20562 17.0362
51 2.525 1.16147 17.9662
52 2.575 1.2459 19.0038
53 2.625 1.19744 20.04
54 2.675 1.11693 21.0437
55 2.725 1.20098 22.1638
56 2.775 1.19686 23.3212
57 2.825 1.19977 24.5237
58 2.875 1.215 25.785
59 2.925 1.12147 26.99
60 2.975 1.19992 28.3237
61 3.025 1.12251 29.6137
62 3.075 1.20841 31.0487
63 3.125 1.21693 32.5412
64 3.175 1.17594 34.03
65 3.225 1.22111 35.625
66 3.275 1.12657 37.1425
67 3.325 1.16587 38.7612
68 3.375 1.15867 40.4187
69 3.425 1.15648 42.1225
70 3.475 1.17207 43.9
71 3.525 1.11823 45.645
72 3.575 1.13701 47.47
73 3.625 1.11571 49.3112
74 3.675 1.13641 51.2387
75 3.725 1.13839 53.2225
76 3.775 1.0791 55.1537
77 3.825 1.1742 57.3112
78 3.875 1.14542 59.4712
79 3.925 1.1707 61.7362
80 3.975 1.19876 64.115
81 4.025 1.10219 66.3575
82 4.075 1.15623 68.7687
83 4.125 1.1465 71.2187
84 4.175 1.13462 73.7025
85 4.225 1.13692 76.2512
86 4.275 1.15133 78.8937
87 4.325 1.13338 81.5562
88 4.375 1.11334 84.2325
89 4.425 1.14424 87.0462
90 4.475 1.13819 89.9087
91 4.525 1.11707 92.7812
92 4.575 1.05427 95.5525
93 4.625 1.10558 98.5225
94 4.675 1.12396 101.607
95 4.725 1.09673 104.682
96 4.775 1.08479 107.789
97 4.825 1.11758 111.056
98 4.875 1.14168 114.464
99 4.925 1.13503 117.921
100 4.975 1.07413 121.26
101 5.025 1.1175 124.804
102 5.075 1.09752 128.354
103 5.125 1.09706 131.972
104 5.175 1.10569 135.691
105 5.225 1.12146 139.536
106 5.275 1.12104 143.454
107 5.325 1.07306 147.275
108 5.375 1.09798 151.259
109 5.425 1.07208 155.221
110 5.475 1.07185 159.256
111 5.525 1.09167 163.441
112 5.575 1.08338 167.67
113 5.625 1.062 171.89
114 5.675 1.09684 176.326
115 5.725 1.08566 180.795
116 5.775 1.10365 185.417
117 5.825 1.0666 189.962
118 5.875 1.08457 194.664
119 5.925 1.074 199.399
120 5.975 1.07924 204.237
121 6.025 1.0943 209.226
122 6.075 1.06989 214.185
123 6.125 1.06735 219.214
124 6.175 1.06736 224.325
125 6.225 1.05594 229.464
126 6.275 1.07381 234.774
127 6.325 1.06411 240.12
128 6.375 1.05165 245.487
129 6.425 1.05391 250.951
130 6.475 1.0847 256.662
131 6.525 1.05529 262.305
132 6.575 1.04851 267.997
133 6.625 1.07084 273.9
134 6.675 1.03698 279.702
135 6.725 1.04979 285.665
136 6.775 1.02893 291.596
137 6.825 1.06028 297.799
138 6.875 1.02659 303.892
139 6.925 1.03445 310.122
140 6.975 1.0389 316.47
141 7.025 1.02679 322.834
142 7.075 1.05905 329.491
143 7.125 1.03542 336.092
144 7.175 1.05352 342.904
145 7.225 1.02621 349.631
146 7.275 1.06068 356.681
147 7.325 1.06053 363.827
148 7.375 1.02332 370.817
149 7.425 1.01645 377.855
150 7.475 1.0371 385.132
151 7.525 1.01545 392.354
152 7.575 1.00972 399.63
153 7.625 1.02049 407.081
154 7.675 1.01991 414.626
155 7.725 1.02693 422.322
156 7.775 1.02365 430.094
157 7.825 1.05726 438.224
158 7.875 1.01098 446.097
159 7.925 1.02647 454.194
160 7.975 1.03054 462.425
161 8.025 1.0386 470.825
162 8.075 1.03112 479.269
163 8.125 0.991031 487.485
164 8.175 1.02705 496.105
165 8.225 1.02019 504.772
166 8.275 1.03508 513.674
167 8.325 0.998129 522.361
168 8.375 1.00143 531.182
169 8.425 1.02225 540.295
170 8.475 1.01133 549.417
171 8.525 1.00211 558.564
172 8.575 1.00711 567.864
173 8.625 0.982485 577.042
174 8.675 1.01616 586.646
175 8.725 1.01082 596.31
176 8.775 1.0036 606.015
177 8.825 1.01092 615.902
178 8.875 1.0007 625.801
179 8.925 1.02463 636.051
180 8.975 0.996937 646.136
181 9.025 0.996064 656.325
182 9.075 1.01412 666.814
183 9.125 0.993358 677.201
184 9.175 1.00337 687.809
185 9.225 1.00726 698.574
186 9.275 0.995967 709.334
187 9.325 0.988978 720.134
188 9.375 0.983214 730.986
189 9.425 1.00407 742.187
190 9.475 0.983413 753.275
191 9.525 0.999555 764.664
192 9.575 1.00011 776.179
193 9.625 1.00672 787.891
194 9.675 0.9755 799.359
195 9.725 1.00612 811.309
196 9.775 0.987311 823.156
197 9.825 0.989455 835.151
198 9.875 0.987217 847.241
199 9.925 1.0067 859.695
200 9.975 0.967823 871.789
5364 200
1 0.025 0 0
2 0.075 0 0
3 0.125 0 0
4 0.175 0 0
5 0.225 0 0
6 0.275 0 0
7 0.325 0 0
8 0.375 0 0
9 0.425 0 0
10 0.475 0 0
11 0.525 0 0
12 0.575 0 0
13 0.625 0 0
14 0.675 0 0
15 0.725 0 0
16 0.775 0 0
17 0.825 0 0
18 0.875 0 0
19 0.925 0.0465203 0.005
20 0.975 0.680426 0.08625
21 1.025 1.79966 0.32375
22 1.075 2.72983 0.72
23 1.125 3.25533 1.2375
24 1.175 2.69589 1.705
25 1.225 2.12221 2.105
26 1.275 1.98966 2.51125
27 1.325 1.83668 2.91625
28 1.375 1.54763 3.28375
29 1.425 1.37232 3.63375
30 1.475 1.29459 3.9875
31 1.525 1.30525 4.36875
32 1.575 1.18759 4.73875
33 1.625 1.07418 5.095
34 1.675 1.11743 5.48875
35 1.725 1.26097 5.96
36 1.775 1.14039 6.41125
37 1.825 1.34771 6.975
38 1.875 1.18054 7.49625
39 1.925 1.19253 8.05125
40 1.975 1.24774 8.6625
41 2.025 1.35679 9.36125
42 2.075 1.38928 10.1125
43 2.125 1.32026 10.8613
44 2.175 1.35284 11.665
45 2.225 1.27664 12.4588
46 2.275 1.43075 13.3887
47 2.325 1.25204 14.2387
48 2.375 1.35163 15.1962
49 2.425 1.20676 16.0875
50 2.475 1.24624 17.0462
51 2.525 1.14898 17.9662
52 2.575 1.23088 18.9912
53 2.625 1.20466 20.0337
54 2.675 1.10024 21.0225
55 2.725 1.21974 22.16
56 2.775 1.18911 23.31
57 2.825 1.20725 24.52
58 2.875 1.21982 25.7862
59 2.925 1.11449 26.9837
60 2.975 1.19655 28.3137
61 3.025 1.15079 29.6363
62 3.075 1.17472 31.0312
63 3.125 1.2312 32.5412
64 3.175 1.17594 34.03
65 3.225 1.21537 35.6175
66 3.275 1.14606 37.1613
67 3.325 1.15146 38.76
68 3.375 1.14556 40.3988
69 3.425 1.17854 42.135
70 3.475 1.163 43.8988
71 3.525 1.12544 45.655
72 3.575 1.12689 47.4638
73 3.625 1.12253 49.3163
74 3.675 1.13272 51.2375
75 3.725 1.13982 53.2238
76 3.775 1.07211 55.1425
77 3.825 1.18101 57.3125
78 3.875 1.13415 59.4513
79 3.925 1.1862 61.7463
80 3.975 1.16915 64.0663
81 4.025 1.12615 66.3575
82 4.075 1.14604 68.7475
83 4.125 1.15352 71.2125
84 4.175 1.14547 73.72
85 4.225 1.13023 76.2538
86 4.275 1.1644 78.9263
87 4.325 1.13284 81.5875
88 4.375 1.11022 84.2563
89 4.425 1.13153 87.0388
90 4.475 1.12676 89.8725
91 4.525 1.12776 92.7725
92 4.575 1.04428 95.5175
93 4.625 1.12187 98.5313
94 4.675 1.12122 101.609
95 4.725 1.08558 104.653
96 4.775 1.09658 107.793
97 4.825 1.11544 111.054
98 4.875 1.14671 114.476
99 4.925 1.13339 117.929
100 4.975 1.07614 121.274
101 5.025 1.12342 124.836
102 5.075 1.07434 128.311
103 5.125 1.1088 131.969
104 5.175 1.11015 135.703
105 5.225 1.12182 139.549
106 5.275 1.12891 143.494
107 5.325 1.0699 147.304
108 5.375 1.09247 151.268
109 5.425 1.06972 155.221
110 5.475 1.07517 159.269
111 5.525 1.09199 163.455
112 5.575 1.08562 167.693
113 5.625 1.05383 171.88
114 5.675 1.09591 176.313
115 5.725 1.09082 180.803
116 5.775 1.10365 185.425
117 5.825 1.05574 189.924
118 5.875 1.0886 194.643
119 5.925 1.08874 199.443
120 5.975 1.0731 204.254
121 6.025 1.0943 209.243
122 6.075 1.05371 214.126
123 6.125 1.06549 219.146
124 6.175 1.08094 224.323
125 6.225 1.05465 229.455
126 6.275 1.0781 234.786
127 6.325 1.06212 240.123
128 6.375 1.04675 245.465
129 6.425 1.06187 250.97
130 6.475 1.08185 256.666
131 6.525 1.05552 262.31
132 6.575 1.04137 267.964
133 6.625 1.07401 273.884
134 6.675 1.03765 279.69
135 6.725 1.04715 285.638
136 6.775 1.03761 291.619
137 6.825 1.05366 297.783
138 6.875 1.02533 303.869
139 6.925 1.03881 310.125
140 6.975 1.04524 316.511
141 7.025 1.02457 322.861
142 7.075 1.05249 329.478
143 7.125 1.03777 336.094
144 7.175 1.05159 342.893
145 7.225 1.0266 349.623
146 7.275 1.06049 356.671
147 7.325 1.06146 363.824
148 7.375 1.02223 370.806
149 7.425 1.01952 377.865
150 7.475 1.03229 385.109
151 7.525 1.02934 392.429
152 7.575 1.00174 399.648
153 7.625 1.0222 407.111
154 7.675 1.01805 414.643
155 7.725 1.03027 422.364
156 7.775 1.01657 430.081
157 7.825 1.06197 438.248
158 7.875 1.01017 446.115
159 7.925 1.02171 454.174
160 7.975 1.02913 462.394
161 8.025 1.04308 470.83
162 8.075 1.02548 479.227
163 8.125 0.997363 487.496
164 8.175 1.02914 496.134
165 8.225 1.01769 504.78
166 8.275 1.03334 513.666
167 8.325 1.00172 522.385
168 8.375 1.00682 531.254
169 8.425 1.01356 540.289
170 8.475 1.00856 549.386
171 8.525 1.00115 558.524
172 8.575 1.01171 567.866
173 8.625 0.974591 576.971
174 8.675 1.01828 586.595
175 8.725 1.00965 596.247
176 8.775 1.01265 606.04
177 8.825 1.00645 615.884
178 8.875 1.00702 625.845
179 8.925 1.01589 636.007
180 8.975 0.999655 646.12
181 9.025 0.996797 656.316
182 9.075 1.01606 666.825
183 9.125 0.987979 677.156
184 9.175 1.00574 687.789
185 9.225 1.01475 698.634
186 9.275 0.990876 709.339
187 9.325 0.986689 720.114
188 9.375 0.980722 730.939
189 9.425 1.00441 742.144
190 9.475 0.988291 753.286
191 9.525 0.996154 764.636
192 9.575 1.00141 776.166
193 9.625 1.00296 787.835
194 9.675 0.982625 799.386
195 9.725 1.00117 811.277
196 9.775 0.995436 823.222
197 9.825 0.981412 835.12
198 9.875 0.989259 847.235
199 9.925 1.00579 859.678
200 9.975 0.970924 871.81
5365 200
1 0.025 0 0
2 0.075 0 0
3 0.125 0 0
4 0.175 0 0
5 0.225 0 0
6 0.275 0 0
7 0.325 0 0
8 0.375 0 0
9 0.425 0 0
10 0.475 0 0
11 0.525 0 0
12 0.575 0 0
13 0.625 0 0
14 0.675 0 0
15 0.725 0 0
16 0.775 0 0
17 0.825 0 0
18 0.875 0 0
19 0.925 0.0348902 0.00375
20 0.975 0.596681 0.075
21 1.025 1.79019 0.31125
22 1.075 2.79872 0.7175
23 1.125 3.20029 1.22625
24 1.175 2.81122 1.71375
25 1.225 2.12221 2.11375
26 1.275 1.90395 2.5025
27 1.325 1.88203 2.9175
28 1.375 1.5213 3.27875
29 1.425 1.43113 3.64375
30 1.475 1.26257 3.98875
31 1.525 1.31381 4.3725
32 1.575 1.15549 4.7325
33 1.625 1.09302 5.095
34 1.675 1.13871 5.49625
35 1.725 1.23756 5.95875
36 1.775 1.15618 6.41625
37 1.825 1.32081 6.96875
38 1.875 1.19186 7.495
39 1.925 1.20864 8.0575
40 1.975 1.25284 8.67125
41 2.025 1.33009 9.35625
42 2.075 1.36847 10.0963
43 2.125 1.34892 10.8613
44 2.175 1.34863 11.6625
45 2.225 1.29272 12.4663
46 2.275 1.43267 13.3975
47 2.325 1.25388 14.2488
48 2.375 1.34986 15.205
49 2.425 1.1983 16.09
50 2.475 1.22674 17.0338
51 2.525 1.18176 17.98
52 2.575 1.22488 19
53 2.625 1.19166 20.0313
54 2.675 1.09746 21.0175
55 2.725 1.24119 22.175
56 2.775 1.16972 23.3063
57 2.825 1.21224 24.5213
58 2.875 1.21139 25.7788
59 2.925 1.15171 27.0163
60 2.975 1.17068 28.3175
61 3.025 1.13121 29.6175
62 3.075 1.2042 31.0475
63 3.125 1.20266 32.5225
64 3.175 1.18582 34.0237
65 3.225 1.22781 35.6275
66 3.275 1.134 37.155
67 3.325 1.16227 38.7688
68 3.375 1.15081 40.415
69 3.425 1.16921 42.1375
70 3.475 1.17537 43.92
71 3.525 1.0974 45.6325
72 3.575 1.13234 47.45
73 3.625 1.13389 49.3213
74 3.675 1.11651 51.215
75 3.725 1.16421 53.2438
76 3.775 1.06513 55.15
77 3.825 1.17284 57.305
78 3.875 1.14675 59.4675
79 3.925 1.19008 61.77
80 3.975 1.16285 64.0775
81 4.025 1.11079 66.3375
82 4.075 1.15143 68.7388
83 4.125 1.16112 71.22
84 4.175 1.1312 73.6963
85 4.225 1.14584 76.265
86 4.275 1.15405 78.9138
87 4.325 1.12539 81.5575
88 4.375 1.11594 84.24
89 4.425 1.14424 87.0538
90 4.475 1.11086 89.8475
91 4.525 1.137 92.7713
92 4.575 1.04666 95.5225
93 4.625 1.11396 98.515
94 4.675 1.12578 101.605
95 4.725 1.09049 104.663
96 4.775 1.10269 107.82
97 4.825 1.09749 111.029
98 4.875 1.15215 114.468
99 4.925 1.13134 117.914
100 4.975 1.08619 121.29
101 5.025 1.10686 124.8
102 5.075 1.08323 128.304
103 5.125 1.10236 131.94
104 5.175 1.12651 135.729
105 5.225 1.11854 139.564
106 5.275 1.1214 143.483
107 5.325 1.07762 147.32
108 5.375 1.07421 151.218
109 5.425 1.08054 155.211
110 5.475 1.06953 159.238
111 5.525 1.10014 163.455
112 5.575 1.08562 167.693
113 5.625 1.05131 171.87
114 5.675 1.09838 176.313
115 5.725 1.09629 180.825
116 5.775 1.10097 185.436
117 5.825 1.05486 189.931
118 5.875 1.08255 194.624
119 5.925 1.09242 199.44
120 5.975 1.07728 204.27
121 6.025 1.07949 209.191
122 6.075 1.06692 214.136
123 6.125 1.06125 219.136
124 6.175 1.07781 224.298
125 6.225 1.05748 229.444
126 6.275 1.0733 234.751
127 6.325 1.06909 240.123
128 6.375 1.03818 245.421
129 6.425 1.06235 250.929
130 6.475 1.0828 256.63
131 6.525 1.06207 262.309
132 6.575 1.05311 268.026
133 6.625 1.04884 273.808
134 6.675 1.05821 279.729
135 6.725 1.03395 285.601
136 6.775 1.05517 291.684
137 6.825 1.04148 297.776
138 6.875 1.01754 303.816
139 6.925 1.03652 310.059
140 6.975 1.04606 316.45
141 7.025 1.04272 322.913
142 7.075 1.04692 329.494
143 7.125 1.03895 336.118
144 7.175 1.03921 342.836
145 7.225 1.03499 349.621
146 7.275 1.05485 356.633
147 7.325 1.06183 363.788
148 7.375 1.03339 370.846
149 7.425 1.01555 377.878
150 7.475 1.02873 385.096
151 7.525 1.02494 392.385
152 7.575 1.00435 399.623
153 7.625 1.02546 407.11
154 7.675 1.01856 414.645
155 7.725 1.0211 422.298
156 7.775 1.02118 430.05
157 7.825 1.06181 438.215
158 7.875 1.01691 446.135
159 7.925 1.02156 454.193
160 7.975 1.02647 462.391
161 8.025 1.04169 470.816
162 8.075 1.0212 479.179
163 8.125 0.999022 487.461
164 8.175 1.03882 496.18
165 8.225 1.0096 504.758
166 8.275 1.0345 513.654
167 8.325 1.00143 522.37
168 8.375 1.00512 531.224
169 8.425 1.01468 540.269
170 8.475 1.00912 549.371
171 8.525 1.0006 558.504
172 8.575 1.00778 567.81
173 8.625 0.981013 576.975
174 8.675 1.01656 586.582
175 8.725 1.01056 596.244
176 8.775 1.00942 606.005
177 8.825 1.00747 615.859
178 8.875 1.01283 625.877
179 8.925 1.00651 635.946
180 8.975 1.01065 646.17
181 9.025 0.987265 656.269
182 9.075 1.02222 666.841
183 9.125 0.980209 677.091
184 9.175 1.01224 687.792
185 9.225 1.01018 698.589
186 9.275 0.995273 709.341
187 9.325 0.985544 720.104
188 9.375 0.987064 730.999
189 9.425 0.996003 742.11
190 9.475 0.987958 753.249
191 9.525 1.00164 764.661
192 9.575 0.99924 776.166
193 9.625 1.00661 787.877
194 9.675 0.979328 799.39
195 9.725 0.998752 811.252
196 9.775 1.00283 823.286
197 9.825 0.971823 835.067
198 9.875 0.994975 847.252
199 9.925 0.998515 859.605
200 9.975 0.976026 871.801
5366 200
1 0.025 0 0
2 0.075 0 0
3 0.125 0 0
4 0.175 0 0
5 0.225 0 0
6 0.275 0 0
7 0.325 0 0
8 0.375 0 0
9 0.425 0 0
10 0.475 0 0
11 0.525 0 0
12 0.575 0 0
13 0.625 0 0
14 0.675 0 0
15 0.725 0 0
16 0.775 0 0
17 0.825 0 0
18 0.875 0 0
19 0.925 0.0232601 0.0025
20 0.975 0.638553 0.07875
21 1.025 1.80914 0.3175
22 1.075 2.77289 0.72
23 1.125 3.19243 1.2275
24 1.175 2.76797 1.7075
25 1.225 2.21506 2.125
26 1.275 1.88559 2.51
27 1.325 1.84235 2.91625
28 1.375 1.55815 3.28625
29 1.425 1.42623 3.65
30 1.475 1.23512 3.9875
31 1.525 1.28813 4.36375
32 1.575 1.17555 4.73
33 1.625 1.12317 5.1025
34 1.675 1.13162 5.50125
35 1.725 1.21749 5.95625
36 1.775 1.21305 6.43625
37 1.825 1.23714 6.95375
38 1.875 1.26264 7.51125
39 1.925 1.17373 8.0575
40 1.975 1.27325 8.68125
41 2.025 1.28154 9.34125
42 2.075 1.41702 10.1075
43 2.125 1.34671 10.8712
44 2.175 1.31286 11.6512
45 2.225 1.33293 12.48
46 2.275 1.41344 13.3987
47 2.325 1.28886 14.2737
48 2.375 1.33222 15.2175
49 2.425 1.19153 16.0975
50 2.475 1.22187 17.0375
51 2.525 1.1802 17.9825
52 2.575 1.20537 18.9862
53 2.625 1.19455 20.02
54 2.675 1.12111 21.0275
55 2.725 1.22242 22.1675
56 2.775 1.18135 23.31
57 2.825 1.21973 24.5325
58 2.875 1.20416 25.7825
59 2.925 1.12379 26.99
60 2.975 1.16506 28.285
61 3.025 1.14644 29.6025
62 3.075 1.20841 31.0375
63 3.125 1.19961 32.5087
64 3.175 1.20853 34.0387
65 3.225 1.21728 35.6287
66 3.275 1.1442 37.17
67 3.325 1.15056 38.7675
68 3.375 1.14207 40.4012
69 3.425 1.18278 42.1437
70 3.475 1.16795 43.915
71 3.525 1.0934 45.6212
72 3.575 1.12377 47.425
73 3.625 1.15434 49.33
74 3.675 1.11577 51.2225
75 3.725 1.16421 53.2512
76 3.775 1.07071 55.1675
77 3.825 1.16196 57.3025
78 3.875 1.15139 59.4737
79 3.925 1.19912 61.7937
80 3.975 1.14521 64.0662
81 4.025 1.11878 66.3425
82 4.075 1.14304 68.7262
83 4.125 1.16697 71.22
84 4.175 1.12549 73.6838
85 4.225 1.15755 76.2788
86 4.275 1.14425 78.905
87 4.325 1.12965 81.5588
88 4.375 1.11698 84.2438
89 4.425 1.13814 87.0425
90 4.475 1.10738 89.8275
91 4.525 1.13506 92.7463
92 4.575 1.06711 95.5513
93 4.625 1.10698 98.525
94 4.675 1.11439 101.584
95 4.725 1.10163 104.673
96 4.775 1.11011 107.851
97 4.825 1.09407 111.05
98 4.875 1.14168 114.458
99 4.925 1.13339 117.91
100 4.975 1.08499 121.283
101 5.025 1.10331 124.781
102 5.075 1.08554 128.293
103 5.125 1.12131 131.991
104 5.175 1.11127 135.729
105 5.225 1.12146 139.574
106 5.275 1.09958 143.416
107 5.325 1.10185 147.34
108 5.375 1.06973 151.221
109 5.425 1.07039 155.178
110 5.475 1.06986 159.205
111 5.525 1.11742 163.489
112 5.575 1.0789 167.7
113 5.625 1.06295 171.924
114 5.675 1.09499 176.353
115 5.725 1.08323 180.811
116 5.775 1.10156 185.425
117 5.825 1.04518 189.879
118 5.875 1.08918 194.6
119 5.925 1.09838 199.443
120 5.975 1.09011 204.33
121 6.025 1.06579 209.189
122 6.075 1.07043 214.15
123 6.125 1.06257 219.156
124 6.175 1.08329 224.344
125 6.225 1.05748 229.49
126 6.275 1.06167 234.74
127 6.325 1.0763 240.148
128 6.375 1.03916 245.451
129 6.425 1.05246 250.908
130 6.475 1.08209 256.605
131 6.525 1.08311 262.396
132 6.575 1.03792 268.031
133 6.625 1.04657 273.8
134 6.675 1.04972 279.674
135 6.725 1.03637 285.56
136 6.775 1.05929 291.666
137 6.825 1.0419 297.761
138 6.875 1.01712 303.799
139 6.925 1.04628 310.1
140 6.975 1.03829 316.444
141 7.025 1.03929 322.885
142 7.075 1.05428 329.513
143 7.125 1.03836 336.133
144 7.175 1.02935 342.788
145 7.225 1.04623 349.646
146 7.275 1.06369 356.716
147 7.325 1.04884 363.784
148 7.375 1.03138 370.829
149 7.425 1.02493 377.925
150 7.475 1.03015 385.154
151 7.525 1.01475 392.37
152 7.575 1.01319 399.671
153 7.625 1.02118 407.128
154 7.675 1.0118 414.613
155 7.725 1.01609 422.228
156 7.775 1.03287 430.069
157 7.825 1.05108 438.151
158 7.875 1.03072 446.179
159 7.925 1.01268 454.166
160 7.975 1.03163 462.406
161 8.025 1.04339 470.845
162 8.075 1.01845 479.185
163 8.125 1.00611 487.526
164 8.175 1.02467 496.126
165 8.225 1.01269 504.73
166 8.275 1.02854 513.575
167 8.325 1.00574 522.329
168 8.375 1.01009 531.226
169 8.425 1.00781 540.21
170 8.475 1.01923 549.404
171 8.525 1.00252 558.554
172 8.575 1.0048 567.832
173 8.625 0.989442 577.076
174 8.675 1.00241 586.55
175 8.725 1.01514 596.255
176 8.775 1.01136 606.035
177 8.825 1.00479 615.862
178 8.875 1.01473 625.9
179 8.925 0.996767 635.871
180 8.975 1.0151 646.14
181 9.025 0.990931 656.276
182 9.075 1.01316 666.755
183 9.125 0.983676 677.041
184 9.175 1.01886 687.812
185 9.225 1.01112 698.619
186 9.275 0.996083 709.38
187 9.325 0.981538 720.099
188 9.375 0.986271 730.985
189 9.425 0.997012 742.107
190 9.475 0.990619 753.276
191 9.525 1.00164 764.689
192 9.575 0.998046 776.18
193 9.625 1.00554 787.879
194 9.675 0.976245 799.355
195 9.725 1.00338 811.273
196 9.775 1.00106 823.285
197 9.825 0.972647 835.076
198 9.875 0.997322 847.29
199 9.925 0.987501 859.506
200 9.975 0.986129 871.829
5367 200
1 0.025 0 0
2 0.075 0 0
3 0.125 0 0
4 0.175 0 0
5 0.225 0 0
6 0.275 0 0
7 0.325 0 0
8 0.375 0 0
9 0.425 0 0
10 0.475 0 0
11 0.525 0 0
12 0.575 0 0
13 0.625 0 0
14 0.675 0 0
15 0.725 0 0
16 0.775 0 0
17 0.825 0 0
18 0.875 0 0
19 0.925 0.0348902 0.00375
20 0.975 0.628085 0.07875
21 1.025 1.83755 0.32125
22 1.075 2.71261 0.715
23 1.125 3.13739 1.21375
24 1.175 2.7968 1.69875
25 1.225 2.30791 2.13375
26 1.275 1.89171 2.52
27 1.325 1.80834 2.91875
28 1.375 1.55815 3.28875
29 1.425 1.40173 3.64625
30 1.475 1.28087 3.99625
31 1.525 1.24961 4.36125
32 1.575 1.1916 4.7325
33 1.625 1.08171 5.09125
34 1.675 1.16355 5.50125
35 1.725 1.18738 5.945
36 1.775 1.24464 6.4375
37 1.825 1.24013 6.95625
38 1.875 1.25981 7.5125
39 1.925 1.2167 8.07875
40 1.975 1.20946 8.67125
41 2.025 1.3131 9.3475
42 2.075 1.40084 10.105
43 2.125 1.36435 10.8787
44 2.175 1.28551 11.6425
45 2.225 1.34097 12.4762
46 2.275 1.39421 13.3825
47 2.325 1.32016 14.2787
48 2.375 1.31634 15.2112
49 2.425 1.2203 16.1125
50 2.475 1.16175 17.0063
51 2.525 1.22547 17.9875
52 2.575 1.22338 19.0063
53 2.625 1.16711 20.0163
54 2.675 1.14614 21.0463
55 2.725 1.19159 22.1575
56 2.775 1.20462 23.3225
57 2.825 1.2322 24.5575
58 2.875 1.17045 25.7725
59 2.925 1.13194 26.9887
60 2.975 1.15494 28.2725
61 3.025 1.14535 29.5888
62 3.075 1.22736 31.0463
63 3.125 1.19145 32.5075
64 3.175 1.17989 34.0012
65 3.225 1.22589 35.6025
66 3.275 1.17947 37.1912
67 3.325 1.14606 38.7825
68 3.375 1.12634 40.3937
69 3.425 1.16666 42.1125
70 3.475 1.19103 43.9187
71 3.525 1.0926 45.6237
72 3.575 1.12377 47.4275
73 3.625 1.1498 49.325
74 3.675 1.12757 51.2375
75 3.725 1.14628 53.235
76 3.775 1.09167 55.1887
77 3.825 1.13134 57.2675
78 3.875 1.19249 59.5162
79 3.925 1.17974 61.7987
80 3.975 1.1471 64.075
81 4.025 1.10956 66.3325
82 4.075 1.13705 68.7038
83 4.125 1.18277 71.2313
84 4.175 1.12663 73.6975
85 4.225 1.15198 76.28
86 4.275 1.13554 78.8863
87 4.325 1.13817 81.56
88 4.375 1.11438 84.2388
89 4.425 1.11831 86.9888
90 4.475 1.1208 89.8075
91 4.525 1.14575 92.7538
92 4.575 1.07186 95.5713
93 4.625 1.10698 98.545
94 4.675 1.11075 101.594
95 4.725 1.10386 104.689
96 4.775 1.09789 107.832
97 4.825 1.10433 111.061
98 4.875 1.13205 114.44
99 4.925 1.11944 117.85
100 4.975 1.11957 121.33
101 5.025 1.08597 124.774
102 5.075 1.08593 128.286
103 5.125 1.12358 131.993
104 5.175 1.11796 135.752
105 5.225 1.11963 139.591
106 5.275 1.09278 143.41
107 5.325 1.10957 147.361
108 5.375 1.06111 151.211
109 5.425 1.08493 155.221
110 5.475 1.05824 159.205
111 5.525 1.11873 163.494
112 5.575 1.07345 167.684
113 5.625 1.06892 171.931
114 5.675 1.10086 176.384
115 5.725 1.07351 180.802
116 5.775 1.0938 185.384
117 5.825 1.05134 189.864
118 5.875 1.0886 194.582
119 5.925 1.09554 199.412
120 5.975 1.09513 204.322
121 6.025 1.06195 209.164
122 6.075 1.06908 214.119
123 6.125 1.06735 219.147
124 6.175 1.08772 224.356
125 6.225 1.0639 229.534
126 6.275 1.0455 234.704
127 6.325 1.08725 240.166
128 6.375 1.04185 245.484
129 6.425 1.05367 250.946
130 6.475 1.07521 256.608
131 6.525 1.08053 262.385
132 6.575 1.04897 268.08
133 6.625 1.03093 273.762
134 6.675 1.05553 279.669
135 6.725 1.03615 285.554
136 6.775 1.05582 291.64
137 6.825 1.03998 297.724
138 6.875 1.01859 303.77
139 6.925 1.05354 310.115
140 6.975 1.03706 316.451
141 7.025 1.03869 322.889
142 7.075 1.04792 329.476
143 7.125 1.04738 336.154
144 7.175 1.028 342.8
145 7.225 1.04509 349.651
146 7.275 1.06651 356.74
147 7.325 1.0392 363.743
148 7.375 1.03156 370.789
149 7.425 1.02945 377.916
150 7.475 1.03158 385.155
151 7.525 1.0144 392.369
152 7.575 1.0092 399.641
153 7.625 1.02974 407.16
154 7.675 1.00555 414.599
155 7.725 1.01759 422.225
156 7.775 1.03912 430.114
157 7.825 1.04491 438.149
158 7.875 1.02751 446.151
159 7.925 1.0187 454.186
160 7.975 1.03351 462.441
161 8.025 1.04386 470.884
162 8.075 1.00945 479.15
163 8.125 1.0046 487.479
164 8.175 1.02288 496.064
165 8.225 1.02446 504.768
166 8.275 1.02113 513.549
167 8.325 1.00919 522.333
168 8.375 1.00924 531.223
169 8.425 1.00907 540.218
170 8.475 1.01452 549.369
171 8.525 1.00361 558.529
172 8.575 1.00819 567.839
173 8.625 0.984759 577.039
174 8.675 0.99976 586.488
175 8.725 1.02207 596.259
176 8.775 1.01032 606.029
177 8.825 1.00824 615.89
178 8.875 1.0141 625.921
179 8.925 0.994018 635.865
180 8.975 1.01485 646.131
181 9.025 0.994597 656.305
182 9.075 1.00881 666.739
183 9.125 0.986545 677.055
184 9.175 1.00952 687.728
185 9.225 1.01545 698.58
186 9.275 0.996893 709.35
187 9.325 0.989665 720.158
188 9.375 0.985365 731.034
189 9.425 0.988944 742.066
190 9.475 0.989732 753.225
191 9.525 1.00669 764.695
192 9.575 0.991857 776.115
193 9.625 1.00694 787.83
194 9.675 0.983794 799.395
195 9.725 0.996542 811.231
196 9.775 1.00127 823.246
197 9.825 0.980175 835.129
198 9.875 0.991913 847.276
199 9.925 0.978912 859.386
200 9.975 0.996933 871.844
5368 200
1 0.025 0 0
2 0.075 0 0
3 0.125 0 0
4 0.175 0 0
5 0.225 0 0
6 0.275 0 0
7 0.325 0 0
8 0.375 0 0
9 0.425 0 0
10 0.475 0 0
11 0.525 0 0
12 0.575 0 0
13 0.625 0 0
14 0.675 0 0
15 0.725 0 0
16 0.775 0 0
17 0.825 0 0
18 0.875 0 0
19 0.925 0.0581504 0.00625
20 0.975 0.628085 0.08125
21 1.025 1.83755 0.32375
22 1.075 2.69538 0.715
23 1.125 3.19243 1.2225
24 1.175 2.68868 1.68875
25 1.225 2.38086 2.1375
26 1.275 1.92232 2.53
27 1.325 1.7063 2.90625
28 1.375 1.62659 3.2925
29 1.425 1.37722 3.64375
30 1.475 1.28087 3.99375
31 1.525 1.25817 4.36125
32 1.575 1.18759 4.73125
33 1.625 1.12317 5.10375
34 1.675 1.13871 5.505
35 1.725 1.16732 5.94125
36 1.775 1.24464 6.43375
37 1.825 1.25208 6.9575
38 1.875 1.23433 7.5025
39 1.925 1.22744 8.07375
40 1.975 1.22222 8.6725
41 2.025 1.33494 9.36
42 2.075 1.37541 10.1038
43 2.125 1.36655 10.8788
44 2.175 1.27499 11.6363
45 2.225 1.35705 12.48
46 2.275 1.36921 13.37
47 2.325 1.32569 14.27
48 2.375 1.35516 15.23
49 2.425 1.17799 16.1
50 2.475 1.19912 17.0225
51 2.525 1.21299 17.9938
52 2.575 1.21587 19.0063
53 2.625 1.18878 20.035
54 2.675 1.14892 21.0675
55 2.725 1.17953 22.1675
56 2.775 1.21884 23.3463
57 2.825 1.19603 24.545
58 2.875 1.14877 25.7375
59 2.925 1.17149 26.9963
60 2.975 1.14819 28.2725
61 3.025 1.15841 29.6038
62 3.075 1.19367 31.0213
63 3.125 1.21489 32.5113
64 3.175 1.17693 34.0013
65 3.225 1.24025 35.6213
66 3.275 1.16462 37.19
67 3.325 1.15237 38.79
68 3.375 1.11673 40.3875
69 3.425 1.16836 42.1088
70 3.475 1.16713 43.8788
71 3.525 1.12224 45.63
72 3.575 1.15103 47.4775
73 3.625 1.12177 49.3287
74 3.675 1.12093 51.23
75 3.725 1.16062 53.2525
76 3.775 1.0777 55.1812
77 3.825 1.13475 57.2662
78 3.875 1.20243 59.5337
79 3.925 1.1778 61.8125
80 3.975 1.13639 64.0675
81 4.025 1.11509 66.3362
82 4.075 1.13765 68.7087
83 4.125 1.16288 71.1937
84 4.175 1.14033 73.69
85 4.225 1.16146 76.2938
86 4.275 1.12137 78.8675
87 4.325 1.16211 81.5975
88 4.375 1.10294 84.2488
89 4.425 1.12695 87.02
90 4.475 1.10489 89.7988
91 4.525 1.137 92.7225
92 4.575 1.09184 95.5925
93 4.625 1.09767 98.5413
94 4.675 1.10164 101.565
95 4.725 1.09762 104.643
96 4.775 1.10531 107.808
97 4.825 1.12143 111.086
98 4.875 1.12618 114.448
99 4.925 1.11615 117.848
100 4.975 1.1244 121.343
101 5.025 1.07138 124.74
102 5.075 1.09057 128.268
103 5.125 1.13874 132.024
104 5.175 1.10123 135.728
105 5.225 1.12255 139.576
106 5.275 1.10352 143.433
107 5.325 1.09237 147.323
108 5.375 1.07421 151.22
109 5.425 1.08358 155.225
110 5.475 1.05658 159.203
111 5.525 1.1109 163.461
112 5.575 1.08722 167.705
113 5.625 1.06609 171.941
114 5.675 1.09035 176.351
115 5.725 1.06896 180.751
116 5.775 1.10932 185.398
117 5.825 1.04196 189.838
118 5.875 1.10187 194.614
119 5.925 1.08902 199.415
120 5.975 1.09513 204.325
121 6.025 1.0603 209.159
122 6.075 1.06638 214.101
123 6.125 1.06496 219.119
124 6.175 1.09242 224.35
125 6.225 1.05696 229.494
126 6.275 1.05788 234.725
127 6.325 1.0865 240.184
128 6.375 1.04357 245.51
129 6.425 1.04933 250.95
130 6.475 1.07093 256.589
131 6.525 1.08311 262.38
132 6.575 1.05541 268.11
133 6.625 1.02185 273.743
134 6.675 1.05754 279.66
135 6.725 1.03681 285.549
136 6.775 1.05582 291.635
137 6.825 1.03464 297.688
138 6.875 1.02196 303.754
139 6.925 1.05749 310.123
140 6.975 1.05118 316.545
141 7.025 1.0286 322.92
142 7.075 1.04295 329.476
143 7.125 1.04914 336.165
144 7.175 1.02839 342.814
145 7.225 1.04376 349.656
146 7.275 1.06105 356.709
147 7.325 1.04105 363.724
148 7.375 1.02845 370.749
149 7.425 1.03504 377.915
150 7.475 1.0273 385.124
151 7.525 1.02178 392.39
152 7.575 1.00677 399.645
153 7.625 1.03282 407.186
154 7.675 1.00149 414.595
155 7.725 1.01976 422.238
156 7.775 1.04308 430.156
157 7.825 1.03499 438.115
158 7.875 1.0259 446.105
159 7.925 1.02441 454.185
160 7.975 1.03398 462.444
161 8.025 1.03227 470.793
162 8.075 1.02303 479.17
163 8.125 1.00113 487.47
164 8.175 1.0205 496.035
165 8.225 1.02564 504.749
166 8.275 1.02026 513.523
167 8.325 1.01177 522.329
168 8.375 1.01065 531.231
169 8.425 1.01216 540.254
170 8.475 1.00468 549.316
171 8.525 1.0095 558.53
172 8.575 1.00629 567.823
173 8.625 0.990646 577.078
174 8.675 0.998834 586.518
175 8.725 1.01658 596.236
176 8.775 1.01472 606.049
177 8.825 1.00952 615.923
178 8.875 1.00778 625.891
179 8.925 0.98977 635.793
180 8.975 1.01856 646.096
181 9.025 0.992764 656.251
182 9.075 1.00905 666.688
183 9.125 0.991206 677.053
184 9.175 1.00704 687.699
185 9.225 1.02457 698.649
186 9.275 0.988909 709.333
187 9.325 0.987719 720.119
188 9.375 0.988876 731.034
189 9.425 0.991185 742.091
190 9.475 0.985963 753.208
191 9.525 1.00899 764.704
192 9.575 0.988709 776.088
193 9.625 1.00651 787.798
194 9.675 0.986984 799.4
195 9.725 0.9937 811.203
196 9.775 1.00231 823.23
197 9.825 0.984402 835.164
198 9.875 0.987932 847.263
199 9.925 0.979216 859.376
200 9.975 0.998933 871.859
5369 200
1 0.025 0 0
2 0.075 0 0
3 0.125 0 0
4 0.175 0 0
5 0.225 0 0
6 0.275 0 0
7 0.325 0 0
8 0.375 0 0
9 0.425 0 0
10 0.475 0 0
11 0.525 0 0
12 0.575 0 0
13 0.625 0 0
14 0.675 0 0
15 0.725 0 0
16 0.775 0 0
17 0.825 0 0
18 0.875 0 0
19 0.925 0.0465203 0.005
20 0.975 0.586213 0.075
21 1.025 1.86597 0.32125
22 1.075 2.62649 0.7025
23 1.125 3.22388 1.215
24 1.175 2.7031 1.68375
25 1.225 2.39412 2.135
26 1.275 2.00803 2.545
27 1.325 1.65528 2.91
28 1.375 1.60553 3.29125
29 1.425 1.39192 3.64625
30 1.475 1.29002 3.99875
31 1.525 1.2325 4.35875
32 1.575 1.18759 4.72875
33 1.625 1.16086 5.11375
34 1.675 1.11743 5.5075
35 1.725 1.1807 5.94875
36 1.775 1.25411 6.445
37 1.825 1.20128 6.9475
38 1.875 1.25131 7.5
39 1.925 1.2355 8.075
40 1.975 1.26815 8.69625
41 2.025 1.29125 9.36125
42 2.075 1.36154 10.0975
43 2.125 1.37537 10.8775
44 2.175 1.27289 11.6337
45 2.225 1.35102 12.4737
46 2.275 1.39421 13.38
47 2.325 1.30543 14.2662
48 2.375 1.34457 15.2187
49 2.425 1.20507 16.1087
50 2.475 1.16662 17.0062
51 2.525 1.2364 17.9962
52 2.575 1.21738 19.01
53 2.625 1.183 20.0337
54 2.675 1.15171 21.0687
55 2.725 1.17953 22.1687
56 2.775 1.20333 23.3325
57 2.825 1.1873 24.5225
58 2.875 1.16804 25.735
59 2.925 1.17033 26.9925
60 2.975 1.13244 28.2512
61 3.025 1.14862 29.5712
62 3.075 1.20525 31.0025
63 3.125 1.2312 32.5125
64 3.175 1.17298 33.9975
65 3.225 1.25365 35.635
66 3.275 1.17297 37.215
67 3.325 1.14156 38.8
68 3.375 1.11585 40.3962
69 3.425 1.19551 42.1575
70 3.475 1.1358 43.88
71 3.525 1.13265 45.6475
72 3.575 1.13701 47.4725
73 3.625 1.10586 49.2975
74 3.675 1.15631 51.2587
75 3.725 1.13193 53.2312
76 3.775 1.10983 55.2175
77 3.825 1.11638 57.2687
78 3.875 1.20375 59.5387
79 3.925 1.17651 61.815
80 3.975 1.13324 64.0637
81 4.025 1.12431 66.3512
82 4.075 1.13705 68.7225
83 4.125 1.15528 71.1912
84 4.175 1.12891 73.6625
85 4.225 1.17707 76.3012
86 4.275 1.09959 78.825
87 4.325 1.18659 81.6125
88 4.375 1.09098 84.235
89 4.425 1.13814 87.0337
90 4.475 1.09247 89.7812
91 4.525 1.14332 92.7212
92 4.575 1.08803 95.5812
93 4.625 1.11256 98.57
94 4.675 1.08843 101.557
95 4.725 1.09985 104.641
96 4.775 1.09745 107.784
97 4.825 1.1334 111.097
98 4.875 1.1065 114.4
99 4.925 1.13503 117.857
100 4.975 1.11233 121.315
101 5.025 1.07887 124.736
102 5.075 1.10216 128.301
103 5.125 1.12661 132.017
104 5.175 1.12093 135.787
105 5.225 1.10942 139.591
106 5.275 1.08885 143.396
107 5.325 1.08675 147.266
108 5.375 1.08592 151.206
109 5.425 1.08899 155.231
110 5.475 1.05259 159.194
111 5.525 1.10829 163.442
112 5.575 1.09235 167.706
113 5.625 1.06892 171.954
114 5.675 1.08973 176.361
115 5.725 1.06471 180.744
116 5.775 1.11768 185.425
117 5.825 1.03316 189.827
118 5.875 1.09149 194.559
119 5.925 1.10008 199.409
120 5.975 1.1007 204.344
121 6.025 1.05345 209.146
122 6.075 1.06854 214.099
123 6.125 1.05753 219.081
124 6.175 1.09738 224.336
125 6.225 1.0544 229.467
126 6.275 1.05965 234.707
127 6.325 1.0865 240.166
128 6.375 1.04455 245.497
129 6.425 1.05608 250.972
130 6.475 1.06714 256.591
131 6.525 1.08124 262.372
132 6.575 1.06209 268.139
133 6.625 1.01414 273.729
134 6.675 1.04793 279.592
135 6.725 1.05838 285.604
136 6.775 1.04541 291.63
137 6.825 1.02844 297.646
138 6.875 1.02828 303.75
139 6.925 1.05167 310.084
140 6.975 1.05997 316.56
141 7.025 1.02356 322.904
142 7.075 1.04275 329.459
143 7.125 1.04758 336.137
144 7.175 1.04463 342.891
145 7.225 1.03499 349.676
146 7.275 1.05372 356.68
147 7.325 1.04532 363.724
148 7.375 1.03522 370.795
149 7.425 1.02132 377.866
150 7.475 1.03514 385.13
151 7.525 1.01914 392.378
152 7.575 1.01163 399.668
153 7.625 1.03402 407.218
154 7.675 0.995918 414.585
155 7.725 1.01809 422.215
156 7.775 1.04489 430.148
157 7.825 1.02459 438.026
158 7.875 1.03826 446.113
159 7.925 1.0195 454.154
160 7.975 1.03883 462.451
161 8.025 1.03026 470.784
162 8.075 1.02196 479.153
163 8.125 1.00671 487.499
164 8.175 1.02109 496.069
165 8.225 1.02402 504.769
166 8.275 1.02258 513.563
167 8.325 1.00632 522.321
168 8.375 1.00924 531.211
169 8.425 1.01524 540.261
170 8.475 0.997893 549.263
171 8.525 1.0106 558.486
172 8.575 1.009 567.804
173 8.625 0.996132 577.11
174 8.675 0.991825 586.484
175 8.725 1.01801 596.216
176 8.775 1.01601 606.041
177 8.825 1.00504 615.871
178 8.875 1.01195 625.881
179 8.925 0.987146 635.756
180 8.975 1.01943 646.069
181 9.025 0.993375 656.23
182 9.075 1.00796 666.655
183 9.125 0.995271 677.062
184 9.175 1.00976 687.737
185 9.225 1.02211 698.661
186 9.275 0.98405 709.293
187 9.325 0.984514 720.044
188 9.375 0.996011 731.038
189 9.425 0.985695 742.034
190 9.475 0.983745 753.125
191 9.525 1.01799 764.724
192 9.575 0.984583 776.06
193 9.625 1.00307 787.73
194 9.675 0.995916 799.437
195 9.725 0.988649 811.18
196 9.775 1.00106 823.192
197 9.825 0.982031 835.097
198 9.875 0.989055 847.21
199 9.925 0.982045 859.359
200 9.975 0.998133 871.831
5370 200
1 0.025 0 0
2 0.075 0 0
3 0.125 0 0
4 0.175 0 0
5 0.225 0 0
6 0.275 0 0
7 0.325 0 0
8 0.375 0 0
9 0.425 0 0
10 0.475 0 0
11 0.525 0 0
12 0.575 0 0
13 0.625 0 0
14 0.675 0 0
15 0.725 0 0
16 0.775 0 0
17 0.825 0 0
18 0.875 0 0
19 0.925 0.0581504 0.00625
20 0.975 0.596681 0.0775
21 1.025 1.89438 0.3275
22 1.075 2.57482 0.70125
23 1.125 3.1767 1.20625
24 1.175 2.69589 1.67375
25 1.225 2.52676 2.15
26 1.275 1.90395 2.53875
27 1.325 1.68929 2.91125
28 1.375 1.63711 3.3
29 1.425 1.34291 3.6425
30 1.475 1.24427 3.9825
31 1.525 1.26673 4.3525
32 1.575 1.20765 4.72875
33 1.625 1.13825 5.10625
34 1.675 1.14936 5.51125
35 1.725 1.1807 5.9525
36 1.775 1.20989 6.43125
37 1.825 1.24611 6.9525
38 1.875 1.24848 7.50375
39 1.925 1.2167 8.07
40 1.975 1.30642 8.71
41 2.025 1.27669 9.3675
42 2.075 1.36616 10.1062
43 2.125 1.3423 10.8675
44 2.175 1.31286 11.6475
45 2.225 1.34298 12.4825
46 2.275 1.38075 13.38
47 2.325 1.33858 14.2887
48 2.375 1.31281 15.2187
49 2.425 1.18476 16.0938
50 2.475 1.19262 17.0113
51 2.525 1.22704 17.9937
52 2.575 1.22938 19.0175
53 2.625 1.19022 20.0475
54 2.675 1.13919 21.0712
55 2.725 1.17819 22.17
56 2.775 1.18006 23.3112
57 2.825 1.2085 24.5225
58 2.875 1.17526 25.7425
59 2.925 1.14939 26.9775
60 2.975 1.14257 28.2475
61 3.025 1.14753 29.5662
62 3.075 1.22315 31.0187
63 3.125 1.23528 32.5337
64 3.175 1.16311 34.0062
65 3.225 1.24886 35.6375
66 3.275 1.14884 37.185
67 3.325 1.14156 38.77
68 3.375 1.14382 40.4062
69 3.425 1.17769 42.1412
70 3.475 1.15559 43.8937
71 3.525 1.12224 45.645
72 3.575 1.15259 47.495
73 3.625 1.07708 49.2725
74 3.675 1.16662 51.2512
75 3.725 1.12189 53.2062
76 3.775 1.1203 55.2112
77 3.825 1.13951 57.305
78 3.875 1.18254 59.535
79 3.925 1.18943 61.8362
80 3.975 1.12064 64.06
81 4.025 1.13967 66.3787
82 4.075 1.12506 68.725
83 4.125 1.14533 71.1725
84 4.175 1.15061 73.6912
85 4.225 1.16926 76.3125
86 4.275 1.10449 78.8475
87 4.325 1.16743 81.59
88 4.375 1.09878 84.2312
89 4.425 1.13153 87.0137
90 4.475 1.09446 89.7662
91 4.525 1.1511 92.7262
92 4.575 1.09088 95.5937
93 4.625 1.09581 98.5375
94 4.675 1.11029 101.585
95 4.725 1.08068 104.615
96 4.775 1.0992 107.762
97 4.825 1.13297 111.075
98 4.875 1.12618 114.436
99 4.925 1.13134 117.882
100 4.975 1.10107 121.305
101 5.025 1.07611 124.717
102 5.075 1.10294 128.285
103 5.125 1.14101 132.049
104 5.175 1.11759 135.807
105 5.225 1.11052 139.615
106 5.275 1.08456 143.405
107 5.325 1.08851 147.281
108 5.375 1.06973 151.162
109 5.425 1.09474 155.209
110 5.475 1.07451 159.254
111 5.525 1.09753 163.461
112 5.575 1.08722 167.705
113 5.625 1.06578 171.94
114 5.675 1.09375 176.364
115 5.725 1.07108 180.772
116 5.775 1.10216 185.389
117 5.825 1.0446 189.84
118 5.875 1.0961 194.591
119 5.925 1.09895 199.436
120 5.975 1.10182 204.376
121 6.025 1.05016 209.164
122 6.075 1.06342 214.092
123 6.125 1.06072 219.09
124 6.175 1.09086 224.314
125 6.225 1.05671 229.456
126 6.275 1.06547 234.725
127 6.325 1.08053 240.154
128 6.375 1.0443 245.484
129 6.425 1.05584 250.958
130 6.475 1.07022 256.593
131 6.525 1.0803 262.369
132 6.575 1.06255 268.138
133 6.625 1.01687 273.743
134 6.675 1.04324 279.58
135 6.725 1.05397 285.566
136 6.775 1.05127 291.626
137 6.825 1.03101 297.658
138 6.875 1.03312 303.79
139 6.925 1.04316 310.073
140 6.975 1.06672 316.59
141 7.025 1.01872 322.904
142 7.075 1.04513 329.474
143 7.125 1.04718 336.15
144 7.175 1.03786 342.86
145 7.225 1.04166 349.689
146 7.275 1.04695 356.648
147 7.325 1.05088 363.729
148 7.375 1.02955 370.761
149 7.425 1.02313 377.845
150 7.475 1.03835 385.131
151 7.525 1.01387 392.341
152 7.575 1.00747 399.601
153 7.625 1.04446 407.228
154 7.675 0.990004 414.551
155 7.725 1.02143 422.206
156 7.775 1.04143 430.113
157 7.825 1.0306 438.038
158 7.875 1.03088 446.066
159 7.925 1.02647 454.163
160 7.975 1.0393 462.464
161 8.025 1.02747 470.774
162 8.075 1.02166 479.14
163 8.125 1.01169 487.528
164 8.175 1.01618 496.056
165 8.225 1.01519 504.681
166 8.275 1.0268 513.511
167 8.325 1.0145 522.341
168 8.375 1.0142 531.275
169 8.425 1.01356 540.31
170 8.475 0.997338 549.306
171 8.525 1.00622 558.49
172 8.575 1.00426 567.764
173 8.625 0.993322 577.044
174 8.675 1.00055 586.5
175 8.725 1.0137 596.191
176 8.775 1.01653 606.021
177 8.825 1.00811 615.881
178 8.875 1.00879 625.86
179 8.925 0.984521 635.709
180 8.975 1.02177 646.045
181 9.025 0.997286 656.246
182 9.075 1.00047 666.594
183 9.125 1.00424 677.095
184 9.175 1.00786 687.75
185 9.225 1.01089 698.554
186 9.275 0.998281 709.339
187 9.325 0.980508 720.046
188 9.375 0.996577 731.046
189 9.425 0.97942 741.972
190 9.475 0.988735 753.12
191 9.525 1.01843 764.724
192 9.575 0.984801 776.062
193 9.625 0.999307 787.689
194 9.675 0.994215 799.376
195 9.725 0.992964 811.17
196 9.775 1.00273 823.202
197 9.825 0.986155 835.158
198 9.875 0.98242 847.189
199 9.925 0.980731 859.321
200 9.975 1.00333 871.859
5371 200
1 0.025 0 0
2 0.075 0 0
3 0.125 0 0
4 0.175 0 0
5 0.225 0 0
6 0.275 0 0
7 0.325 0 0
8 0.375 0 0
9 0.425 0 0
10 0.475 0 0
11 0.525 0 0
12 0.575 0 0
13 0.625 0 0
14 0.675 0 0
15 0.725 0 0
16 0.775 0 0
17 0.825 0 0
18 0.875 0 0
19 0.925 0.0465203 0.005
20 0.975 0.607149 0.0775
21 1.025 1.86597 0.32375
22 1.075 2.80733 0.73125
23 1.125 2.9644 1.2025
24 1.175 2.78239 1.685
25 1.225 2.45381 2.1475
26 1.275 1.94068 2.54375
27 1.325 1.66662 2.91125
28 1.375 1.62132 3.29625
29 1.425 1.34291 3.63875
30 1.475 1.24427 3.97875
31 1.525 1.28813 4.355
32 1.575 1.1916 4.72625
33 1.625 1.1684 5.11375
34 1.675 1.13162 5.5125
35 1.725 1.17735 5.9525
36 1.775 1.24464 6.445
37 1.825 1.21025 6.95125
38 1.875 1.27962 7.51625
39 1.925 1.15761 8.055
40 1.975 1.36001 8.72125
41 2.025 1.23057 9.355
42 2.075 1.3939 10.1087
43 2.125 1.35553 10.8775
44 2.175 1.31707 11.66
45 2.225 1.31081 12.475
46 2.275 1.39614 13.3825
47 2.325 1.34962 14.2987
48 2.375 1.28634 15.21
49 2.425 1.19999 16.0962
50 2.475 1.204 17.0225
51 2.525 1.22704 18.005
52 2.575 1.22488 19.025
53 2.625 1.196 20.06
54 2.675 1.09468 21.0437
55 2.725 1.22376 22.185
56 2.775 1.16714 23.3137
57 2.825 1.19478 24.5112
58 2.875 1.16563 25.7212
59 2.925 1.14241 26.9487
60 2.975 1.17293 28.2525
61 3.025 1.13339 29.555
62 3.075 1.24841 31.0375
63 3.125 1.20266 32.5125
64 3.175 1.19372 34.0237
65 3.225 1.22876 35.6287
66 3.275 1.15441 37.1837
67 3.325 1.14516 38.7737
68 3.375 1.15168 40.4212
69 3.425 1.16666 42.14
70 3.475 1.14899 43.8825
71 3.525 1.12304 45.635
72 3.575 1.14246 47.4687
73 3.625 1.10435 49.2912
74 3.675 1.15778 51.255
75 3.725 1.1226 53.2112
76 3.775 1.12589 55.2262
77 3.825 1.12658 57.2962
78 3.875 1.1905 59.5412
79 3.925 1.18297 61.83
80 3.975 1.12001 64.0525
81 4.025 1.1409 66.3737
82 4.075 1.12866 68.7275
83 4.125 1.15469 71.195
84 4.175 1.14319 73.6975
85 4.225 1.14752 76.27
86 4.275 1.12845 78.86
87 4.325 1.15839 81.5812
88 4.375 1.1123 84.255
89 4.425 1.12492 87.0212
90 4.475 1.08501 89.75
91 4.525 1.14769 92.7013
92 4.575 1.10087 95.595
93 4.625 1.09907 98.5475
94 4.675 1.1062 101.584
95 4.725 1.07845 104.608
96 4.775 1.10924 107.784
97 4.825 1.12998 111.087
98 4.875 1.09603 114.359
99 4.925 1.14119 117.835
100 4.975 1.10952 121.284
101 5.025 1.07887 124.705
102 5.075 1.11762 128.32
103 5.125 1.13268 132.056
104 5.175 1.1213 135.828
105 5.225 1.09995 139.599
106 5.275 1.08742 143.399
107 5.325 1.08359 147.258
108 5.375 1.07455 151.156
109 5.425 1.10218 155.23
110 5.475 1.06421 159.236
111 5.525 1.09395 163.43
112 5.575 1.09747 167.714
113 5.625 1.06704 171.954
114 5.675 1.08262 176.333
115 5.725 1.07321 180.75
116 5.775 1.09679 185.344
117 5.825 1.0487 189.813
118 5.875 1.10475 194.601
119 5.925 1.09413 199.425
120 5.975 1.11241 204.413
121 6.025 1.04385 209.171
122 6.075 1.06396 214.103
123 6.125 1.05223 219.06
124 6.175 1.09007 224.28
125 6.225 1.06364 229.456
126 6.275 1.06799 234.738
127 6.325 1.08153 240.171
128 6.375 1.03524 245.455
129 6.425 1.06404 250.971
130 6.475 1.06334 256.57
131 6.525 1.08311 262.361
132 6.575 1.06025 268.118
133 6.625 1.03387 273.816
134 6.675 1.01554 279.499
135 6.725 1.0674 285.561
136 6.775 1.05062 291.618
137 6.825 1.02737 297.628
138 6.875 1.03649 303.78
139 6.925 1.04109 310.05
140 6.975 1.06898 316.581
141 7.025 1.02275 322.92
142 7.075 1.04712 329.502
143 7.125 1.03777 336.119
144 7.175 1.04366 342.866
145 7.225 1.03785 349.67
146 7.275 1.04638 356.625
147 7.325 1.05274 363.719
148 7.375 1.03028 370.756
149 7.425 1.03306 377.909
150 7.475 1.02231 385.082
151 7.525 1.02125 392.345
152 7.575 1.02169 399.707
153 7.625 1.0282 407.215
154 7.675 0.990849 414.545
155 7.725 1.02376 422.217
156 7.775 1.03978 430.111
157 7.825 1.0319 438.046
158 7.875 1.03569 446.112
159 7.925 1.02488 454.196
160 7.975 1.03743 462.482
161 8.025 1.02315 470.757
162 8.075 1.0154 479.072
163 8.125 1.01923 487.522
164 8.175 1.02109 496.092
165 8.225 1.00769 504.654
166 8.275 1.02476 513.466
167 8.325 1.02068 522.35
168 8.375 1.00682 531.219
169 8.425 1.01244 540.244
170 8.475 1.0008 549.271
171 8.525 1.00937 558.484
172 8.575 1.00277 567.744
173 8.625 0.99466 577.036
174 8.675 0.998438 586.472
175 8.725 1.01958 596.22
176 8.775 1.00735 605.961
177 8.825 1.00747 615.815
178 8.875 1.01106 625.816
179 8.925 0.991394 635.734
180 8.975 1.01967 646.049
181 9.025 0.991664 656.192
182 9.075 1.00349 666.571
183 9.125 0.999933 677.027
184 9.175 1.02016 687.812
185 9.225 1.0013 698.514
186 9.275 0.995736 709.271
187 9.325 0.987261 720.052
188 9.375 0.993406 731.017
189 9.425 0.983342 741.987
190 9.475 0.994611 753.201
191 9.525 1.0091 764.699
192 9.575 0.981109 775.995
193 9.625 1.00146 787.646
194 9.675 0.999638 799.397
195 9.725 0.994227 811.206
196 9.775 0.999394 823.199
197 9.825 0.982855 835.114
198 9.875 0.985788 847.186
199 9.925 0.981337 859.326
200 9.975 1.01144 871.965
5372 200
1 0.025 0 0
2 0.075 0 0
3 0.125 0 0
4 0.175 0 0
5 0.225 0 0
6 0.275 0 0
7 0.325 0 0
8 0.375 0 0
9 0.425 0 0
10 0.475 0 0
11 0.525 0 0
12 0.575 0 0
13 0.625 0 0
14 0.675 0 0
15 0.725 0 0
16 0.775 0 0
17 0.825 0 0
18 0.875 0 0
19 0.925 0.0348902 0.00375
20 0.975 0.628085 0.07875
21 1.025 1.80914 0.3175
22 1.075 2.75567 0.7175
23 1.125 3.0273 1.19875
24 1.175 2.84726 1.6925
25 1.225 2.41402 2.1475
26 1.275 1.86722 2.52875
27 1.325 1.75165 2.915
28 1.375 1.60027 3.295
29 1.425 1.35272 3.64
30 1.475 1.24885 3.98125
31 1.525 1.29241 4.35875
32 1.575 1.16753 4.7225
33 1.625 1.20609 5.1225
34 1.675 1.11034 5.51375
35 1.725 1.22418 5.97125
36 1.775 1.17514 6.43625
37 1.825 1.23415 6.9525
38 1.875 1.27679 7.51625
39 1.925 1.14687 8.05
40 1.975 1.35746 8.715
41 2.025 1.23543 9.35125
42 2.075 1.38697 10.1013
43 2.125 1.3401 10.8613
44 2.175 1.34863 11.6625
45 2.225 1.29875 12.47
46 2.275 1.43844 13.405
47 2.325 1.32569 14.305
48 2.375 1.27399 15.2075
49 2.425 1.222 16.11
50 2.475 1.17475 17.0137
51 2.525 1.2286 17.9975
52 2.575 1.21587 19.01
53 2.625 1.19455 20.0437
54 2.675 1.10024 21.0325
55 2.725 1.22912 22.1788
56 2.775 1.15292 23.2937
57 2.825 1.20102 24.4975
58 2.875 1.17526 25.7175
59 2.925 1.13775 26.94
60 2.975 1.16618 28.2362
61 3.025 1.13448 29.54
62 3.075 1.25999 31.0362
63 3.125 1.19961 32.5075
64 3.175 1.21149 34.0412
65 3.225 1.21919 35.6337
66 3.275 1.15163 37.185
67 3.325 1.15327 38.7863
68 3.375 1.14818 40.4288
69 3.425 1.15903 42.1363
70 3.475 1.15806 43.8925
71 3.525 1.11262 45.6288
72 3.575 1.12144 47.4288
73 3.625 1.13086 49.295
74 3.675 1.16368 51.2688
75 3.725 1.11902 53.2188
76 3.775 1.10843 55.2025
77 3.825 1.13543 57.2888
78 3.875 1.21237 59.575
79 3.925 1.16294 61.825
80 3.975 1.11623 64.04
81 4.025 1.14827 66.3763
82 4.075 1.13345 68.74
83 4.125 1.14241 71.1813
84 4.175 1.12149 73.6363
85 4.225 1.17539 76.2713
86 4.275 1.1339 78.8738
87 4.325 1.14934 81.5738
88 4.375 1.10138 84.2213
89 4.425 1.12441 86.9863
90 4.475 1.09694 89.745
91 4.525 1.137 92.6688
92 4.575 1.11228 95.5925
93 4.625 1.08743 98.5138
94 4.675 1.1153 101.575
95 4.725 1.07711 104.595
96 4.775 1.11055 107.775
97 4.825 1.14195 111.114
98 4.875 1.0797 114.336
99 4.925 1.1416 117.814
100 4.975 1.10992 121.264
101 5.025 1.07651 124.678
102 5.075 1.13153 128.338
103 5.125 1.11866 132.028
104 5.175 1.13728 135.852
105 5.225 1.09958 139.623
106 5.275 1.08205 143.404
107 5.325 1.0864 147.273
108 5.375 1.07214 151.162
109 5.425 1.09508 155.21
110 5.475 1.07882 159.271
111 5.525 1.08417 163.428
112 5.575 1.09843 167.715
113 5.625 1.06263 171.938
114 5.675 1.08571 176.329
115 5.725 1.08111 180.779
116 5.775 1.09619 185.37
117 5.825 1.0487 189.839
118 5.875 1.07967 194.519
119 5.925 1.11227 199.423
120 5.975 1.10154 204.361
121 6.025 1.06332 209.209
122 6.075 1.05425 214.095
123 6.125 1.05011 219.042
124 6.175 1.09947 224.307
125 6.225 1.05696 229.451
126 6.275 1.07077 234.746
127 6.325 1.07605 240.152
128 6.375 1.03818 245.451
129 6.425 1.06404 250.967
130 6.475 1.0669 256.585
131 6.525 1.07866 262.352
132 6.575 1.0667 268.144
133 6.625 1.02934 273.817
134 6.675 1.02179 279.535
135 6.725 1.05463 285.525
136 6.775 1.05582 291.611
137 6.825 1.03571 297.67
138 6.875 1.02996 303.784
139 6.925 1.04358 310.069
140 6.975 1.05834 316.535
141 7.025 1.0282 322.907
142 7.075 1.04852 329.499
143 7.125 1.03973 336.127
144 7.175 1.0483 342.905
145 7.225 1.03441 349.686
146 7.275 1.04394 356.625
147 7.325 1.0494 363.696
148 7.375 1.03558 370.77
149 7.425 1.02584 377.873
150 7.475 1.03122 385.109
151 7.525 1.02178 392.375
152 7.575 1.0177 399.709
153 7.625 1.0234 407.181
154 7.675 0.997608 414.561
155 7.725 1.0256 422.248
156 7.775 1.03369 430.095
157 7.825 1.0241 437.97
158 7.875 1.04291 446.093
159 7.925 1.0317 454.23
160 7.975 1.03117 462.466
161 8.025 1.03072 470.803
162 8.075 1.0067 479.046
163 8.125 1.02435 487.539
164 8.175 1.01901 496.091
165 8.225 1.01034 504.675
166 8.275 1.01473 513.401
167 8.325 1.02441 522.317
168 8.375 1.01874 531.291
169 8.425 1.00585 540.257
170 8.475 0.999417 549.272
171 8.525 1.01019 558.492
172 8.575 0.99208 567.654
173 8.625 0.999477 576.991
174 8.675 1.00293 586.47
175 8.725 1.01697 596.192
176 8.775 1.01265 605.985
177 8.825 1.01143 615.877
178 8.875 1.00474 625.816
179 8.925 0.990144 635.721
180 8.975 1.01609 646
181 9.025 0.995941 656.187
182 9.075 1.00397 666.571
183 9.125 0.998498 677.012
184 9.175 1.01614 687.755
185 9.225 1.00831 698.531
186 9.275 0.997934 709.312
187 9.325 0.989779 720.121
188 9.375 0.983327 730.975
189 9.425 0.983454 741.946
190 9.475 1.00082 753.23
191 9.525 1.00394 764.669
192 9.575 0.985126 776.011
193 9.625 0.996621 787.606
194 9.675 0.995704 799.311
195 9.725 0.99991 811.188
196 9.775 0.998874 823.174
197 9.825 0.987805 835.149
198 9.875 0.978235 847.129
199 9.925 0.985177 859.316
200 9.975 1.01004 871.938
