# Time-averaged data for fix ave_rdf
# TimeStep Number-of-rows
# Row c_myRDF[1] c_myRDF[2] c_myRDF[3]
5895 200
1 0.025 0 0
2 0.075 0 0
3 0.125 0 0
4 0.175 0 0
5 0.225 0 0
6 0.275 0 0
7 0.325 0 0
8 0.375 0 0
9 0.425 0 0
10 0.475 0 0
11 0.525 0 0
12 0.575 0 0
13 0.625 0 0
14 0.675 0 0
15 0.725 0 0
16 0.775 0 0
17 0.825 0 0
18 0.875 0 0
19 0.925 0.0930406 0.01
20 0.975 0.628085 0.085
21 1.025 2.04593 0.355
22 1.075 2.88484 0.77375
23 1.125 2.87004 1.23
24 1.175 2.49406 1.6625
25 1.225 2.12221 2.0625
26 1.275 2.09374 2.49
27 1.325 1.93305 2.91625
28 1.375 1.70028 3.32
29 1.425 1.61738 3.7325
30 1.475 1.45927 4.13125
31 1.525 1.20254 4.4825
32 1.575 1.21166 4.86
33 1.625 1.2664 5.28
34 1.675 1.23804 5.71625
35 1.725 1.16397 6.15125
36 1.775 1.22568 6.63625
37 1.825 1.23714 7.15375
38 1.875 1.28528 7.72125
39 1.925 1.20596 8.2825
40 1.975 1.34215 8.94
41 2.025 1.34465 9.6325
42 2.075 1.38003 10.3788
43 2.125 1.35333 11.1463
44 2.175 1.37598 11.9638
45 2.225 1.35504 12.8063
46 2.275 1.31921 13.6638
47 2.325 1.32569 14.5638
48 2.375 1.34104 15.5138
49 2.425 1.32693 16.4938
50 2.475 1.33886 17.5238
51 2.525 1.19894 18.4838
52 2.575 1.19036 19.475
53 2.625 1.31877 20.6163
54 2.675 1.17118 21.6688
55 2.725 1.29614 22.8775
56 2.775 1.28476 24.12
57 2.825 1.11621 25.2387
58 2.875 1.16202 26.445
59 2.925 1.24943 27.7875
60 2.975 1.19205 29.1125
61 3.025 1.19648 30.4875
62 3.075 1.27367 32
63 3.125 1.20878 33.4825
64 3.175 1.16311 34.955
65 3.225 1.22781 36.5587
66 3.275 1.16555 38.1287
67 3.325 1.15056 39.7262
68 3.375 1.20236 41.4462
69 3.425 1.13442 43.1175
70 3.475 1.16877 44.89
71 3.525 1.18792 46.7437
72 3.575 1.15415 48.5962
73 3.625 1.12783 50.4575
74 3.675 1.17326 52.4475
75 3.725 1.13121 54.4187
76 3.775 1.14056 56.46
77 3.825 1.18713 58.6412
78 3.875 1.17127 60.85
79 3.925 1.1791 63.1312
80 3.975 1.14269 65.3987
81 4.025 1.15441 67.7475
82 4.075 1.0849 70.01
83 4.125 1.16229 72.4937
84 4.175 1.08723 74.8737
85 4.225 1.08339 77.3025
86 4.275 1.1083 79.8462
87 4.325 1.09613 82.4212
88 4.375 1.10346 85.0737
89 4.425 1.08832 87.75
90 4.475 1.06613 90.4312
91 4.525 1.10103 93.2625
92 4.575 1.04238 96.0025
93 4.625 1.07906 98.9012
94 4.675 1.098 101.915
95 4.725 1.0887 104.967
96 4.775 1.08872 108.085
97 4.825 1.09321 111.281
98 4.875 1.07048 114.476
99 4.925 1.07143 117.74
100 4.975 1.08981 121.127
101 5.025 1.10016 124.616
102 5.075 1.04651 128.001
103 5.125 1.06977 131.53
104 5.175 1.05552 135.08
105 5.225 1.03469 138.627
106 5.275 1.06166 142.338
107 5.325 1.02638 145.993
108 5.375 1.078 149.904
109 5.425 1.04198 153.755
110 5.475 1.03732 157.66
111 5.525 1.03265 161.619
112 5.575 1.02926 165.636
113 5.625 1.04344 169.783
114 5.675 1.03874 173.984
115 5.725 1.01308 178.154
116 5.775 1.01979 182.425
117 5.825 1.02201 186.78
118 5.875 1.01911 191.197
119 5.925 1.01729 195.683
120 5.975 1.03323 200.315
121 6.025 1.02411 204.984
122 6.075 1.04427 209.824
123 6.125 1.02437 214.65
124 6.175 1.0115 219.494
125 6.225 1.02357 224.475
126 6.275 1.01188 229.479
127 6.325 0.988727 234.446
128 6.375 0.981115 239.454
129 6.425 0.998455 244.63
130 6.475 1.00114 249.901
131 6.525 1.0083 255.292
132 6.575 1.02502 260.858
133 6.625 1.01052 266.428
134 6.675 1.01643 272.115
135 6.725 1.00974 277.85
136 6.775 0.966265 283.42
137 6.825 1.00131 289.278
138 6.875 0.975633 295.069
139 6.925 0.985672 301.005
140 6.975 0.978138 306.981
141 7.025 1.02295 313.321
142 7.075 0.99085 319.55
143 7.125 0.986991 325.842
144 7.175 0.992038 332.256
145 7.225 0.96577 338.587
146 7.275 0.968714 345.026
147 7.325 0.991708 351.709
148 7.375 0.991665 358.483
149 7.425 0.967522 365.181
150 7.475 0.996127 372.171
151 7.525 0.974321 379.1
152 7.575 0.992377 386.251
153 7.625 0.969647 393.331
154 7.675 0.983414 400.606
155 7.725 0.969557 407.873
156 7.775 0.969476 415.233
157 7.825 0.979884 422.768
158 7.875 1.00022 430.558
159 7.925 0.975121 438.249
160 7.975 0.969818 445.995
161 8.025 0.980954 453.929
162 8.075 0.971133 461.881
163 8.125 0.947759 469.739
164 8.175 0.969562 477.876
165 8.225 0.975319 486.163
166 8.275 0.971272 494.515
167 8.325 0.961651 502.885
168 8.375 0.977165 511.493
169 8.425 0.966021 520.104
170 8.475 0.975305 528.901
171 8.525 0.968417 537.74
172 8.575 0.985042 546.836
173 8.625 0.950105 555.713
174 8.675 0.946724 564.66
175 8.725 0.98049 574.034
176 8.775 0.964565 583.361
177 8.825 0.96274 592.778
178 8.875 0.993119 602.601
179 8.925 0.981523 612.42
180 8.975 0.968022 622.213
181 9.025 0.966491 632.099
182 9.075 0.9572 641.999
183 9.125 0.958334 652.02
184 9.175 0.962579 662.196
185 9.225 0.96574 672.518
186 9.275 0.97329 683.033
187 9.325 0.972381 693.651
188 9.375 0.948447 704.12
189 9.425 0.972921 714.974
190 9.475 0.972215 725.935
191 9.525 0.95644 736.833
192 9.575 0.981435 748.133
193 9.625 0.940322 759.073
194 9.675 0.953702 770.284
195 9.725 0.966232 781.76
196 9.775 0.961269 793.295
197 9.825 0.960274 804.936
198 9.875 0.962006 816.718
199 9.925 0.96992 828.716
200 9.975 0.969123 840.826
5896 200
1 0.025 0 0
2 0.075 0 0
3 0.125 0 0
4 0.175 0 0
5 0.225 0 0
6 0.275 0 0
7 0.325 0 0
8 0.375 0 0
9 0.425 0 0
10 0.475 0 0
11 0.525 0 0
12 0.575 0 0
13 0.625 0 0
14 0.675 0 0
15 0.725 0 0
16 0.775 0 0
17 0.825 0 0
18 0.875 0 0
19 0.925 0.116301 0.0125
20 0.975 0.638553 0.08875
21 1.025 2.04593 0.35875
22 1.075 2.859 0.77375
23 1.125 2.90936 1.23625
24 1.175 2.45802 1.6625
25 1.225 2.10232 2.05875
26 1.275 2.19169 2.50625
27 1.325 1.88203 2.92125
28 1.375 1.67396 3.31875
29 1.425 1.63698 3.73625
30 1.475 1.39066 4.11625
31 1.525 1.27529 4.48875
32 1.575 1.2237 4.87
33 1.625 1.2777 5.29375
34 1.675 1.1529 5.7
35 1.725 1.23421 6.16125
36 1.775 1.16566 6.6225
37 1.825 1.31185 7.17125
38 1.875 1.21168 7.70625
39 1.925 1.24356 8.285
40 1.975 1.32429 8.93375
41 2.025 1.36407 9.63625
42 2.075 1.37772 10.3813
43 2.125 1.34451 11.1438
44 2.175 1.37808 11.9625
45 2.225 1.35102 12.8025
46 2.275 1.2846 13.6375
47 2.325 1.39934 14.5875
48 2.375 1.33398 15.5325
49 2.425 1.31847 16.5063
50 2.475 1.30798 17.5125
51 2.525 1.22704 18.495
52 2.575 1.19786 19.4925
53 2.625 1.29422 20.6125
54 2.675 1.17674 21.67
55 2.725 1.27872 22.8625
56 2.775 1.28863 24.1088
57 2.825 1.12744 25.2388
58 2.875 1.17647 26.46
59 2.925 1.22849 27.78
60 2.975 1.20329 29.1175
61 3.025 1.21279 30.5113
62 3.075 1.24525 31.99
63 3.125 1.22713 33.495
64 3.175 1.14632 34.9463
65 3.225 1.23259 36.5563
66 3.275 1.16833 38.13
67 3.325 1.16677 39.75
68 3.375 1.16566 41.4175
69 3.425 1.13781 43.0938
70 3.475 1.18114 44.885
71 3.525 1.18952 46.7413
72 3.575 1.15804 48.6
73 3.625 1.14449 50.4888
74 3.675 1.12978 52.405
75 3.725 1.14771 54.405
76 3.775 1.15243 56.4675
77 3.825 1.17965 58.635
78 3.875 1.16398 60.83
79 3.925 1.18879 63.13
80 3.975 1.14458 65.4012
81 4.025 1.14397 67.7287
82 4.075 1.10947 70.0425
83 4.125 1.15411 72.5087
84 4.175 1.08894 74.8925
85 4.225 1.08618 77.3275
86 4.275 1.10286 79.8588
87 4.325 1.0956 82.4325
88 4.375 1.10294 85.0838
89 4.425 1.08578 87.7538
90 4.475 1.07507 90.4575
91 4.525 1.08256 93.2413
92 4.575 1.03905 95.9725
93 4.625 1.08464 98.8863
94 4.675 1.09299 101.886
95 4.725 1.10252 104.978
96 4.775 1.08829 108.094
97 4.825 1.0962 111.299
98 4.875 1.06504 114.478
99 4.925 1.08251 117.775
100 4.975 1.0689 121.098
101 5.025 1.10568 124.604
102 5.075 1.05965 128.031
103 5.125 1.06144 131.532
104 5.175 1.0518 135.07
105 5.225 1.05109 138.674
106 5.275 1.04199 142.315
107 5.325 1.04147 146.024
108 5.375 1.06111 149.874
109 5.425 1.0457 153.739
110 5.475 1.03001 157.616
111 5.525 1.03852 161.597
112 5.575 1.03182 165.625
113 5.625 1.03967 169.756
114 5.675 1.05326 174.016
115 5.725 1.00458 178.151
116 5.775 1.00427 182.357
117 5.825 1.03961 186.787
118 5.875 1.02257 191.22
119 5.925 1.00793 195.664
120 5.975 1.0324 200.292
121 6.025 1.03151 204.995
122 6.075 1.03887 209.81
123 6.125 1.02357 214.632
124 6.175 1.00941 219.466
125 6.225 1.03128 224.485
126 6.275 1.02249 229.541
127 6.325 0.973052 234.43
128 6.375 0.979646 239.43
129 6.425 0.998455 244.606
130 6.475 1.00304 249.887
131 6.525 1.01461 255.312
132 6.575 1.0195 260.848
133 6.625 1.01732 266.455
134 6.675 1.0133 272.125
135 6.725 1.00688 277.844
136 6.775 0.971469 283.444
137 6.825 1.00088 289.299
138 6.875 0.97795 295.104
139 6.925 0.971766 300.956
140 6.975 0.990618 307.009
141 7.025 1.01771 313.316
142 7.075 0.989856 319.539
143 7.125 0.992089 325.864
144 7.175 0.987591 332.249
145 7.225 0.962338 338.558
146 7.275 0.980186 345.073
147 7.325 0.98707 351.724
148 7.375 0.994593 358.518
149 7.425 0.966078 365.206
150 7.475 0.989358 372.149
151 7.525 0.980473 379.121
152 7.575 0.987694 386.239
153 7.625 0.982658 393.414
154 7.675 0.979697 400.661
155 7.725 0.966388 407.904
156 7.775 0.962396 415.21
157 7.825 0.986061 422.793
158 7.875 0.99316 430.528
159 7.925 0.972427 438.198
160 7.975 0.978582 446.014
161 8.025 0.983891 453.971
162 8.075 0.959532 461.829
163 8.125 0.958765 469.778
164 8.175 0.971796 477.934
165 8.225 0.97267 486.198
166 8.275 0.968365 494.525
167 8.325 0.968257 502.953
168 8.375 0.968367 511.483
169 8.425 0.965461 520.089
170 8.475 0.977799 528.909
171 8.525 0.970472 537.766
172 8.575 0.978273 546.8
173 8.625 0.951577 555.69
174 8.675 0.955188 564.718
175 8.725 0.97186 574.009
176 8.775 0.967667 583.366
177 8.825 0.961973 592.775
178 8.875 0.994509 602.613
179 8.925 0.980773 612.424
180 8.975 0.96901 622.226
181 9.025 0.966857 632.116
182 9.075 0.949465 641.936
183 9.125 0.968016 652.059
184 9.175 0.956548 662.171
185 9.225 0.972173 672.561
186 9.275 0.974562 683.09
187 9.325 0.962193 693.598
188 9.375 0.958865 704.181
189 9.425 0.972025 715.025
190 9.475 0.965563 725.911
191 9.525 0.955672 736.8
192 9.575 0.981435 748.1
193 9.625 0.941719 759.056
194 9.675 0.954021 770.271
195 9.725 0.969705 781.789
196 9.775 0.956581 793.268
197 9.825 0.963677 804.95
198 9.875 0.962517 816.738
199 9.925 0.968808 828.723
200 9.975 0.967923 840.818
5897 200
1 0.025 0 0
2 0.075 0 0
3 0.125 0 0
4 0.175 0 0
5 0.225 0 0
6 0.275 0 0
7 0.325 0 0
8 0.375 0 0
9 0.425 0 0
10 0.475 0 0
11 0.525 0 0
12 0.575 0 0
13 0.625 0 0
14 0.675 0 0
15 0.725 0 0
16 0.775 0 0
17 0.825 0 0
18 0.875 0 0
19 0.925 0.0697804 0.0075
20 0.975 0.659489 0.08625
21 1.025 1.99857 0.35
22 1.075 2.94512 0.7775
23 1.125 2.8779 1.235
24 1.175 2.51568 1.67125
25 1.225 2.04263 2.05625
26 1.275 2.23454 2.5125
27 1.325 1.81967 2.91375
28 1.375 1.74766 3.32875
29 1.425 1.61248 3.74
30 1.475 1.40895 4.125
31 1.525 1.26245 4.49375
32 1.575 1.21166 4.87125
33 1.625 1.25886 5.28875
34 1.675 1.1529 5.695
35 1.725 1.23087 6.155
36 1.775 1.20989 6.63375
37 1.825 1.23714 7.15125
38 1.875 1.24565 7.70125
39 1.925 1.25968 8.2875
40 1.975 1.31408 8.93125
41 2.025 1.34465 9.62375
42 2.075 1.4147 10.3888
43 2.125 1.3379 11.1475
44 2.175 1.35073 11.95
45 2.225 1.35303 12.7913
46 2.275 1.32306 13.6513
47 2.325 1.35883 14.5738
48 2.375 1.3181 15.5075
49 2.425 1.36925 16.5188
50 2.475 1.28524 17.5075
51 2.525 1.22547 18.4887
52 2.575 1.23389 19.5162
53 2.625 1.26389 20.61
54 2.675 1.19204 21.6812
55 2.725 1.28408 22.8788
56 2.775 1.23435 24.0725
57 2.825 1.16485 25.24
58 2.875 1.17526 26.46
59 2.925 1.23431 27.7863
60 2.975 1.1853 29.1038
61 3.025 1.23237 30.52
62 3.075 1.2463 32
63 3.125 1.19859 33.47
64 3.175 1.18582 34.9712
65 3.225 1.2058 36.5463
66 3.275 1.17112 38.1238
67 3.325 1.18297 39.7662
68 3.375 1.16391 41.4312
69 3.425 1.14121 43.1125
70 3.475 1.1696 44.8862
71 3.525 1.19353 46.7487
72 3.575 1.15103 48.5962
73 3.625 1.14374 50.4837
74 3.675 1.12093 52.385
75 3.725 1.15704 54.4012
76 3.775 1.16361 56.4837
77 3.825 1.17488 58.6425
78 3.875 1.15802 60.8262
79 3.925 1.16811 63.0862
80 3.975 1.16411 65.3962
81 4.025 1.14274 67.7212
82 4.075 1.12566 70.0687
83 4.125 1.13305 72.49
84 4.175 1.10778 74.915
85 4.225 1.09008 77.3587
86 4.275 1.0985 79.88
87 4.325 1.08442 82.4275
88 4.375 1.11282 85.1025
89 4.425 1.08527 87.7712
90 4.475 1.06165 90.4412
91 4.525 1.07381 93.2025
92 4.575 1.05569 95.9775
93 4.625 1.08743 98.8987
94 4.675 1.0857 101.879
95 4.725 1.10921 104.989
96 4.775 1.07737 108.074
97 4.825 1.10262 111.297
98 4.875 1.06336 114.471
99 4.925 1.08784 117.785
100 4.975 1.06247 121.087
101 5.025 1.1179 124.632
102 5.075 1.06352 128.072
103 5.125 1.04779 131.529
104 5.175 1.04586 135.046
105 5.225 1.05364 138.659
106 5.275 1.04485 142.31
107 5.325 1.05656 146.073
108 5.375 1.05388 149.896
109 5.425 1.04097 153.744
110 5.475 1.03366 157.635
111 5.525 1.03493 161.603
112 5.575 1.0299 165.623
113 5.625 1.04061 169.758
114 5.675 1.05697 174.033
115 5.725 0.992734 178.119
116 5.775 1.00994 182.349
117 5.825 1.05252 186.834
118 5.875 1.01507 191.234
119 5.925 1.00481 195.664
120 5.975 1.0324 200.293
121 6.025 1.04029 205.035
122 6.075 1.02593 209.79
123 6.125 1.02543 214.621
124 6.175 1.00158 219.418
125 6.225 1.04515 224.504
126 6.275 1.01744 229.535
127 6.325 0.980765 234.463
128 6.375 0.977931 239.454
129 6.425 0.996044 244.618
130 6.475 0.999713 249.881
131 6.525 1.01391 255.303
132 6.575 1.02226 260.853
133 6.625 1.01619 266.454
134 6.675 1.01643 272.141
135 6.725 1.0049 277.849
136 6.775 0.972987 283.457
137 6.825 0.997887 289.295
138 6.875 0.980056 295.112
139 6.925 0.974464 300.981
140 6.975 0.991232 307.037
141 7.025 1.0161 313.335
142 7.075 0.999798 319.62
143 7.125 0.980913 325.874
144 7.175 0.987397 332.257
145 7.225 0.9713 338.625
146 7.275 0.966645 345.05
147 7.325 0.990966 351.728
148 7.375 0.996789 358.536
149 7.425 0.96698 365.231
150 7.475 0.979383 372.104
151 7.525 0.994359 379.175
152 7.575 0.990816 386.315
153 7.625 0.970503 393.401
154 7.675 0.979697 400.649
155 7.725 0.969057 407.911
156 7.775 0.963549 415.226
157 7.825 0.985736 422.806
158 7.875 0.993642 430.545
159 7.925 0.967356 438.175
160 7.975 0.979678 446
161 8.025 0.989145 454
162 8.075 0.960143 461.862
163 8.125 0.957258 469.799
164 8.175 0.970903 477.947
165 8.225 0.968551 486.176
166 8.275 0.97447 494.556
167 8.325 0.951741 502.84
168 8.375 0.980145 511.474
169 8.425 0.964058 520.067
170 8.475 0.982511 528.93
171 8.525 0.968691 537.771
172 8.575 0.979221 546.814
173 8.625 0.94676 555.659
174 8.675 0.965901 564.787
175 8.725 0.965453 574.017
176 8.775 0.96366 583.336
177 8.825 0.978076 592.902
178 8.875 0.986042 602.656
179 8.925 0.983147 612.491
180 8.975 0.966292 622.266
181 9.025 0.965024 632.137
182 9.075 0.948498 641.947
183 9.125 0.969451 652.085
184 9.175 0.953947 662.17
185 9.225 0.971588 672.554
186 9.275 0.972942 683.065
187 9.325 0.969405 693.651
188 9.375 0.955355 704.196
189 9.425 0.971129 715.03
190 9.475 0.966893 725.931
191 9.525 0.958524 736.852
192 9.575 0.975247 748.081
193 9.625 0.944727 759.072
194 9.675 0.957849 770.332
195 9.725 0.968547 781.836
196 9.775 0.950539 793.242
197 9.825 0.972647 805.034
198 9.875 0.95333 816.709
199 9.925 0.968404 828.689
200 9.975 0.973125 840.849
5898 200
1 0.025 0 0
2 0.075 0 0
3 0.125 0 0
4 0.175 0 0
5 0.225 0 0
6 0.275 0 0
7 0.325 0 0
8 0.375 0 0
9 0.425 0 0
10 0.475 0 0
11 0.525 0 0
12 0.575 0 0
13 0.625 0 0
14 0.675 0 0
15 0.725 0 0
16 0.775 0 0
17 0.825 0 0
18 0.875 0 0
19 0.925 0.0697804 0.0075
20 0.975 0.628085 0.0825
21 1.025 1.9228 0.33625
22 1.075 3.07429 0.7825
23 1.125 2.83072 1.2325
24 1.175 2.53731 1.6725
25 1.225 1.98958 2.0475
26 1.275 2.26515 2.51
27 1.325 1.75732 2.8975
28 1.375 1.83188 3.3325
29 1.425 1.59287 3.73875
30 1.475 1.43183 4.13
31 1.525 1.24961 4.495
32 1.575 1.20364 4.87
33 1.625 1.26263 5.28875
34 1.675 1.17064 5.70125
35 1.725 1.19073 6.14625
36 1.775 1.19409 6.61875
37 1.825 1.32679 7.17375
38 1.875 1.17487 7.6925
39 1.925 1.26236 8.28
40 1.975 1.33194 8.9325
41 2.025 1.34222 9.62375
42 2.075 1.41702 10.39
43 2.125 1.33349 11.1462
44 2.175 1.37177 11.9612
45 2.225 1.33896 12.7937
46 2.275 1.34229 13.6662
47 2.325 1.35883 14.5887
48 2.375 1.28987 15.5025
49 2.425 1.39294 16.5312
50 2.475 1.26899 17.5075
51 2.525 1.21299 18.4787
52 2.575 1.2459 19.5162
53 2.625 1.27689 20.6212
54 2.675 1.16562 21.6687
55 2.725 1.28676 22.8687
56 2.775 1.23822 24.0663
57 2.825 1.1873 25.2563
58 2.875 1.13553 26.435
59 2.925 1.24129 27.7688
60 2.975 1.22466 29.13
61 3.025 1.20844 30.5188
62 3.075 1.24314 31.995
63 3.125 1.22509 33.4975
64 3.175 1.17891 34.99
65 3.225 1.18666 36.54
66 3.275 1.18411 38.135
67 3.325 1.18027 39.7737
68 3.375 1.15605 41.4275
69 3.425 1.15818 43.1337
70 3.475 1.14322 44.8675
71 3.525 1.20795 46.7525
72 3.575 1.15804 48.6112
73 3.625 1.12783 50.4725
74 3.675 1.13641 52.4
75 3.725 1.1513 54.4062
76 3.775 1.1685 56.4975
77 3.825 1.17012 58.6475
78 3.875 1.14343 60.8038
79 3.925 1.17199 63.0712
80 3.975 1.17923 65.4112
81 4.025 1.13168 67.7137
82 4.075 1.14004 70.0912
83 4.125 1.11725 72.4787
84 4.175 1.11635 74.9225
85 4.225 1.07893 77.3412
86 4.275 1.10994 79.8887
87 4.325 1.08549 82.4387
88 4.375 1.10034 85.0837
89 4.425 1.09747 87.7825
90 4.475 1.07656 90.49
91 4.525 1.05485 93.2025
92 4.575 1.05237 95.9687
93 4.625 1.10372 98.9337
94 4.675 1.07568 101.886
95 4.725 1.10743 104.991
96 4.775 1.07039 108.056
97 4.825 1.10133 111.276
98 4.875 1.07676 114.49
99 4.925 1.07758 117.772
100 4.975 1.07493 121.114
101 5.025 1.09819 124.596
102 5.075 1.08052 128.091
103 5.125 1.04704 131.545
104 5.175 1.04363 135.055
105 5.225 1.04963 138.654
106 5.275 1.04306 142.299
107 5.325 1.05551 146.058
108 5.375 1.05939 149.901
109 5.425 1.03995 153.745
110 5.475 1.03698 157.649
111 5.525 1.03297 161.609
112 5.575 1.03406 165.645
113 5.625 1.02268 169.709
114 5.675 1.06501 174.016
115 5.725 1.00245 178.143
116 5.775 1.01859 182.409
117 5.825 1.04137 186.846
118 5.875 1.01853 191.261
119 5.925 1.00822 195.706
120 5.975 1.01288 200.247
121 6.025 1.04851 205.027
122 6.075 1.02593 209.782
123 6.125 1.02968 214.634
124 6.175 1.00393 219.441
125 6.225 1.03539 224.48
126 6.275 1.01491 229.499
127 6.325 0.991463 234.48
128 6.375 0.974748 239.455
129 6.425 0.989534 244.585
130 6.475 1.00375 249.87
131 6.525 1.01811 255.314
132 6.575 1.01029 260.799
133 6.625 1.02072 266.425
134 6.675 1.02135 272.14
135 6.725 1.01018 277.877
136 6.775 0.981444 283.535
137 6.825 0.98934 289.322
138 6.875 0.977107 295.123
139 6.925 0.95952 300.901
140 6.975 1.00821 307.061
141 7.025 1.01953 313.38
142 7.075 0.987668 319.589
143 7.125 0.979933 325.836
144 7.175 0.989524 332.234
145 7.225 0.972444 338.609
146 7.275 0.967021 345.036
147 7.325 0.990038 351.708
148 7.375 0.995691 358.509
149 7.425 0.976007 365.266
150 7.475 0.974395 372.104
151 7.525 0.998226 379.202
152 7.575 0.988734 386.327
153 7.625 0.967935 393.395
154 7.675 0.974458 400.604
155 7.725 0.967889 407.858
156 7.775 0.973263 415.246
157 7.825 0.984761 422.819
158 7.875 0.995247 430.57
159 7.925 0.966563 438.194
160 7.975 0.98406 446.054
161 8.025 0.986209 454.03
162 8.075 0.955563 461.855
163 8.125 0.960876 469.821
164 8.175 0.975818 478.011
165 8.225 0.956339 486.136
166 8.275 0.980284 494.566
167 8.325 0.947864 502.816
168 8.375 0.98355 511.48
169 8.425 0.970088 520.128
170 8.475 0.975582 528.928
171 8.525 0.967595 537.759
172 8.575 0.976514 546.776
173 8.625 0.947296 555.626
174 8.675 0.967092 564.766
175 8.725 0.969637 574.036
176 8.775 0.959653 583.316
177 8.825 0.983189 592.933
178 8.875 0.98541 602.68
179 8.925 0.977274 612.456
180 8.975 0.970617 622.275
181 9.025 0.961481 632.11
182 9.075 0.952486 641.961
183 9.125 0.970168 652.106
184 9.175 0.950518 662.155
185 9.225 0.97498 672.575
186 9.275 0.967736 683.03
187 9.325 0.970206 693.625
188 9.375 0.961244 704.235
189 9.425 0.970008 715.056
190 9.475 0.967669 725.966
191 9.525 0.962144 736.929
192 9.575 0.96439 748.033
193 9.625 0.947091 759.051
194 9.675 0.962209 770.362
195 9.725 0.956655 781.725
196 9.775 0.955331 793.189
197 9.825 0.975844 805.019
198 9.875 0.958944 816.762
199 9.925 0.968707 828.746
200 9.975 0.965322 840.809
5899 200
1 0.025 0 0
2 0.075 0 0
3 0.125 0 0
4 0.175 0 0
5 0.225 0 0
6 0.275 0 0
7 0.325 0 0
8 0.375 0 0
9 0.425 0 0
10 0.475 0 0
11 0.525 0 0
12 0.575 0 0
13 0.625 0 0
14 0.675 0 0
15 0.725 0 0
16 0.775 0 0
17 0.825 0 0
18 0.875 0 0
19 0.925 0.0581504 0.00625
20 0.975 0.586213 0.07625
21 1.025 1.99857 0.34
22 1.075 3.03123 0.78
23 1.125 2.74423 1.21625
24 1.175 2.65264 1.67625
25 1.225 2.13548 2.07875
26 1.275 2.1121 2.51
27 1.325 1.797 2.90625
28 1.375 1.81609 3.3375
29 1.425 1.57327 3.73875
30 1.475 1.44555 4.13375
31 1.525 1.20254 4.485
32 1.575 1.24376 4.8725
33 1.625 1.26263 5.29125
34 1.675 1.15645 5.69875
35 1.725 1.20745 6.15
36 1.775 1.17514 6.615
37 1.825 1.31484 7.165
38 1.875 1.16072 7.6775
39 1.925 1.30534 8.285
40 1.975 1.33194 8.9375
41 2.025 1.31552 9.615
42 2.075 1.4332 10.39
43 2.125 1.36875 11.1662
44 2.175 1.35704 11.9725
45 2.225 1.28468 12.7713
46 2.275 1.37114 13.6625
47 2.325 1.36988 14.5925
48 2.375 1.31281 15.5225
49 2.425 1.37094 16.535
50 2.475 1.26736 17.51
51 2.525 1.23328 18.4975
52 2.575 1.23389 19.525
53 2.625 1.27111 20.625
54 2.675 1.17257 21.6788
55 2.725 1.2881 22.88
56 2.775 1.22918 24.0688
57 2.825 1.21474 25.2863
58 2.875 1.11385 26.4425
59 2.925 1.26921 27.8063
60 2.975 1.19317 29.1325
61 3.025 1.20191 30.5138
62 3.075 1.26736 32.0188
63 3.125 1.21489 33.5088
64 3.175 1.17002 34.99
65 3.225 1.17709 36.5275
66 3.275 1.19617 38.1388
67 3.325 1.17757 39.7738
68 3.375 1.13595 41.3988
69 3.425 1.17854 43.135
70 3.475 1.16053 44.895
71 3.525 1.19273 46.7563
72 3.575 1.16661 48.6288
73 3.625 1.13162 50.4963
74 3.675 1.1143 52.3863
75 3.725 1.15273 54.395
76 3.775 1.18666 56.5188
77 3.825 1.14971 58.6313
78 3.875 1.13946 60.78
79 3.925 1.19396 63.09
80 3.975 1.18868 65.4488
81 4.025 1.11264 67.7125
82 4.075 1.15323 70.1175
83 4.125 1.09444 72.4563
84 4.175 1.12663 74.9225
85 4.225 1.08841 77.3625
86 4.275 1.1034 79.895
87 4.325 1.09773 82.4738
88 4.375 1.08058 85.0713
89 4.425 1.10408 87.7863
90 4.475 1.06563 90.4663
91 4.525 1.0529 93.1738
92 4.575 1.07424 95.9975
93 4.625 1.09953 98.9513
94 4.675 1.08297 101.924
95 4.725 1.09138 104.984
96 4.775 1.07956 108.075
97 4.825 1.10433 111.304
98 4.875 1.07425 114.51
99 4.925 1.06363 117.75
100 4.975 1.08458 121.121
101 5.025 1.08991 124.578
102 5.075 1.101 128.139
103 5.125 1.02809 131.53
104 5.175 1.04809 135.055
105 5.225 1.04745 138.646
106 5.275 1.04378 142.294
107 5.325 1.06464 146.085
108 5.375 1.05629 149.918
109 5.425 1.03116 153.729
110 5.475 1.04861 157.676
111 5.525 1.02678 161.613
112 5.575 1.03054 165.635
113 5.625 1.04219 169.776
114 5.675 1.04646 174.009
115 5.725 1.00458 178.144
116 5.775 1.02755 182.448
117 5.825 1.03052 186.839
118 5.875 1.01507 191.239
119 5.925 1.01587 195.718
120 5.975 1.00786 200.236
121 6.025 1.04741 205.011
122 6.075 1.03132 209.791
123 6.125 1.02915 214.64
124 6.175 1.01255 219.489
125 6.225 1.0246 224.475
126 6.275 1.01592 229.499
127 6.325 1.00291 234.538
128 6.375 0.959808 239.436
129 6.425 0.993633 244.588
130 6.475 0.998288 249.844
131 6.525 1.02676 255.334
132 6.575 1.01052 260.82
133 6.625 1.0214 266.45
134 6.675 1.01085 272.106
135 6.725 1.01238 277.856
136 6.775 0.992503 283.578
137 6.825 0.980792 289.315
138 6.875 0.975212 295.104
139 6.925 0.970728 300.95
140 6.975 1.01149 307.13
141 7.025 1.00077 313.333
142 7.075 0.993037 319.575
143 7.125 0.990717 325.891
144 7.175 0.97425 332.19
145 7.225 0.980833 338.62
146 7.275 0.966645 345.045
147 7.325 0.988925 351.709
148 7.375 0.992946 358.491
149 7.425 0.982326 365.293
150 7.475 0.975286 372.136
151 7.525 0.992601 379.195
152 7.575 0.99654 386.376
153 7.625 0.958177 393.373
154 7.675 0.981724 400.635
155 7.725 0.968557 407.894
156 7.775 0.97244 415.276
157 7.825 0.980372 422.815
158 7.875 0.98979 430.524
159 7.925 0.970525 438.179
160 7.975 0.985625 446.051
161 8.025 0.988527 454.046
162 8.075 0.959532 461.904
163 8.125 0.957258 469.84
164 8.175 0.968818 477.971
165 8.225 0.968845 486.203
166 8.275 0.971708 494.559
167 8.325 0.945566 502.789
168 8.375 0.992774 511.534
169 8.425 0.969667 520.178
170 8.475 0.976552 528.986
171 8.525 0.958009 537.73
172 8.575 0.978815 546.769
173 8.625 0.946091 555.608
174 8.675 0.971721 564.791
175 8.725 0.967676 574.043
176 8.775 0.960946 583.335
177 8.825 0.976926 592.89
178 8.875 0.989707 602.68
179 8.925 0.979023 612.474
180 8.975 0.965921 622.245
181 9.025 0.963314 632.099
182 9.075 0.959375 642.021
183 9.125 0.963115 652.093
184 9.175 0.953001 662.168
185 9.225 0.981296 672.655
186 9.275 0.964959 683.08
187 9.325 0.971923 693.694
188 9.375 0.953203 704.215
189 9.425 0.969 715.025
190 9.475 0.968335 725.942
191 9.525 0.958414 736.862
192 9.575 0.967647 748.004
193 9.625 0.951603 759.075
194 9.675 0.96189 770.382
195 9.725 0.955076 781.726
196 9.775 0.958144 793.224
197 9.825 0.975431 805.049
198 9.875 0.955576 816.751
199 9.925 0.96992 828.75
200 9.975 0.970124 840.872
5900 200
1 0.025 0 0
2 0.075 0 0
3 0.125 0 0
4 0.175 0 0
5 0.225 0 0
6 0.275 0 0
7 0.325 0 0
8 0.375 0 0
9 0.425 0 0
10 0.475 0 0
11 0.525 0 0
12 0.575 0 0
13 0.625 0 0
14 0.675 0 0
15 0.725 0 0
16 0.775 0 0
17 0.825 0 0
18 0.875 0 0
19 0.925 0.0581504 0.00625
20 0.975 0.586213 0.07625
21 1.025 2.00805 0.34125
22 1.075 2.99679 0.77625
23 1.125 2.72064 1.20875
24 1.175 2.67426 1.6725
25 1.225 2.17527 2.0825
26 1.275 2.12435 2.51625
27 1.325 1.76865 2.90625
28 1.375 1.82662 3.34
29 1.425 1.53896 3.7325
30 1.475 1.473 4.135
31 1.525 1.18542 4.48125
32 1.575 1.27987 4.88
33 1.625 1.23248 5.28875
34 1.675 1.1529 5.695
35 1.725 1.2108 6.1475
36 1.775 1.2478 6.64125
37 1.825 1.26105 7.16875
38 1.875 1.15223 7.6775
39 1.925 1.31071 8.2875
40 1.975 1.34725 8.9475
41 2.025 1.27669 9.605
42 2.075 1.44244 10.385
43 2.125 1.36875 11.1612
44 2.175 1.37808 11.98
45 2.225 1.26055 12.7637
46 2.275 1.4096 13.68
47 2.325 1.3441 14.5925
48 2.375 1.34281 15.5437
49 2.425 1.31339 16.5137
50 2.475 1.29011 17.5062
51 2.525 1.23328 18.4937
52 2.575 1.2474 19.5325
53 2.625 1.25955 20.6225
54 2.675 1.18092 21.6837
55 2.725 1.26665 22.865
56 2.775 1.23435 24.0587
57 2.825 1.22097 25.2825
58 2.875 1.12228 26.4475
59 2.925 1.2727 27.815
60 2.975 1.19092 29.1387
61 3.025 1.22367 30.545
62 3.075 1.26104 32.0425
63 3.125 1.19553 33.5087
64 3.175 1.1562 34.9725
65 3.225 1.19048 36.5275
66 3.275 1.20824 38.155
67 3.325 1.16137 39.7675
68 3.375 1.14294 41.4025
69 3.425 1.1726 43.13
70 3.475 1.15641 44.8837
71 3.525 1.21115 46.7737
72 3.575 1.15648 48.63
73 3.625 1.12404 50.485
74 3.675 1.1084 52.365
75 3.725 1.17353 54.41
76 3.775 1.19434 56.5475
77 3.825 1.11978 58.605
78 3.875 1.16332 60.7987
79 3.925 1.16553 63.0537
80 3.975 1.20316 65.4412
81 4.025 1.11816 67.7163
82 4.075 1.15862 70.1325
83 4.125 1.09561 72.4738
84 4.175 1.12434 74.935
85 4.225 1.08507 77.3675
86 4.275 1.10721 79.9088
87 4.325 1.08762 82.4638
88 4.375 1.09358 85.0925
89 4.425 1.09645 87.7888
90 4.475 1.06811 90.475
91 4.525 1.04513 93.1625
92 4.575 1.07044 95.9763
93 4.625 1.10232 98.9375
94 4.675 1.08206 101.908
95 4.725 1.08692 104.955
96 4.775 1.09745 108.098
97 4.825 1.0868 111.275
98 4.875 1.09477 114.543
99 4.925 1.04927 117.739
100 4.975 1.0878 121.12
101 5.025 1.09149 124.581
102 5.075 1.10023 128.14
103 5.125 1.03112 131.541
104 5.175 1.04288 135.049
105 5.225 1.05364 138.661
106 5.275 1.04199 142.303
107 5.325 1.06674 146.101
108 5.375 1.05009 149.911
109 5.425 1.03353 153.731
110 5.475 1.03964 157.645
111 5.525 1.03428 161.61
112 5.575 1.03406 165.646
113 5.625 1.05068 169.821
114 5.675 1.03596 174.011
115 5.725 1.00792 178.16
116 5.775 1.02068 182.435
117 5.825 1.03668 186.853
118 5.875 1.00728 191.219
119 5.925 1.02183 195.724
120 5.975 1.01093 200.256
121 6.025 1.04083 205.001
122 6.075 1.03186 209.784
123 6.125 1.0379 214.674
124 6.175 1.00341 219.479
125 6.225 1.01998 224.443
126 6.275 1.01845 229.479
127 6.325 1.01435 234.575
128 6.375 0.958828 239.469
129 6.425 0.97796 244.539
130 6.475 1.0123 249.869
131 6.525 1.02419 255.345
132 6.575 1.01006 260.829
133 6.625 1.01936 266.448
134 6.675 1.01129 272.106
135 6.725 1.00578 277.819
136 6.775 1.00031 283.585
137 6.825 0.978228 289.308
138 6.875 0.983214 295.144
139 6.925 0.973841 301.009
140 6.975 1.00719 307.163
141 7.025 1.00137 313.369
142 7.075 0.980908 319.535
143 7.125 1.00385 325.935
144 7.175 0.97367 332.23
145 7.225 0.980071 338.655
146 7.275 0.969466 345.099
147 7.325 0.982618 351.72
148 7.375 0.982515 358.431
149 7.425 0.987201 365.266
150 7.475 0.979204 372.138
151 7.525 0.997699 379.233
152 7.575 0.989428 386.363
153 7.625 0.959718 393.37
154 7.675 0.983583 400.646
155 7.725 0.967055 407.894
156 7.775 0.978532 415.323
157 7.825 0.978746 422.849
158 7.875 0.979518 430.478
159 7.925 0.976548 438.18
160 7.975 0.987503 446.068
161 8.025 0.986673 454.048
162 8.075 0.956327 461.879
163 8.125 0.955298 469.799
164 8.175 0.977456 478.003
165 8.225 0.970316 486.246
166 8.275 0.971417 494.6
167 8.325 0.948725 502.858
168 8.375 0.989652 511.575
169 8.425 0.960272 520.135
170 8.475 0.980709 528.981
171 8.525 0.960611 537.749
172 8.575 0.973671 546.74
173 8.625 0.950507 555.62
174 8.675 0.968811 564.776
175 8.725 0.976698 574.114
176 8.775 0.954224 583.341
177 8.825 0.979738 592.924
178 8.875 0.982504 602.643
179 8.925 0.982022 612.466
180 8.975 0.968516 622.264
181 9.025 0.961603 632.1
182 9.075 0.964934 642.08
183 9.125 0.957377 652.091
184 9.175 0.954775 662.185
185 9.225 0.983869 672.7
186 9.275 0.964265 683.118
187 9.325 0.963338 693.638
188 9.375 0.960224 704.236
189 9.425 0.963957 714.99
190 9.475 0.971993 725.949
191 9.525 0.965984 736.955
192 9.575 0.957876 747.984
193 9.625 0.948487 759.019
194 9.675 0.965931 770.374
195 9.725 0.956445 781.734
196 9.775 0.95356 793.176
197 9.825 0.980071 805.058
198 9.875 0.95629 816.769
199 9.925 0.96992 828.768
200 9.975 0.974225 840.941
5901 200
1 0.025 0 0
2 0.075 0 0
3 0.125 0 0
4 0.175 0 0
5 0.225 0 0
6 0.275 0 0
7 0.325 0 0
8 0.375 0 0
9 0.425 0 0
10 0.475 0 0
11 0.525 0 0
12 0.575 0 0
13 0.625 0 0
14 0.675 0 0
15 0.725 0 0
16 0.775 0 0
17 0.825 0 0
18 0.875 0 0
19 0.925 0.0465203 0.005
20 0.975 0.607149 0.0775
21 1.025 1.93227 0.3325
22 1.075 2.97956 0.765
23 1.125 2.80714 1.21125
24 1.175 2.60939 1.66375
25 1.225 2.26148 2.09
26 1.275 2.06925 2.5125
27 1.325 1.797 2.90875
28 1.375 1.8003 3.33625
29 1.425 1.57817 3.73875
30 1.475 1.45012 4.135
31 1.525 1.21966 4.49125
32 1.575 1.26783 4.88625
33 1.625 1.24001 5.2975
34 1.675 1.10679 5.6875
35 1.725 1.22752 6.14625
36 1.775 1.232 6.63375
37 1.825 1.273 7.16625
38 1.875 1.16921 7.6825
39 1.925 1.29728 8.28625
40 1.975 1.32173 8.93375
41 2.025 1.33494 9.62125
42 2.075 1.3939 10.375
43 2.125 1.38198 11.1587
44 2.175 1.37808 11.9775
45 2.225 1.26859 12.7662
46 2.275 1.39037 13.67
47 2.325 1.37172 14.6013
48 2.375 1.34457 15.5538
49 2.425 1.30154 16.515
50 2.475 1.27874 17.4988
51 2.525 1.23484 18.4875
52 2.575 1.28042 19.5538
53 2.625 1.222 20.6113
54 2.675 1.21291 21.7013
55 2.725 1.25727 22.8738
56 2.775 1.19428 24.0288
57 2.825 1.23594 25.2675
58 2.875 1.12108 26.4313
59 2.925 1.26921 27.795
60 2.975 1.21904 29.15
61 3.025 1.21388 30.545
62 3.075 1.2463 32.025
63 3.125 1.20266 33.5
64 3.175 1.16706 34.9775
65 3.225 1.17039 36.5063
66 3.275 1.23144 38.165
67 3.325 1.15327 39.7662
68 3.375 1.11061 41.355
69 3.425 1.19806 43.12
70 3.475 1.1663 44.8887
71 3.525 1.18872 46.7437
72 3.575 1.16739 48.6175
73 3.625 1.12631 50.4762
74 3.675 1.13199 52.3962
75 3.725 1.16206 54.4212
76 3.775 1.18735 56.5462
77 3.825 1.12726 58.6175
78 3.875 1.16001 60.805
79 3.925 1.1539 63.0375
80 3.975 1.22269 65.4637
81 4.025 1.11939 67.7412
82 4.075 1.15323 70.1462
83 4.125 1.10321 72.5037
84 4.175 1.12948 74.9762
85 4.225 1.06109 77.355
86 4.275 1.10122 79.8825
87 4.325 1.09666 82.4587
88 4.375 1.10034 85.1037
89 4.425 1.09798 87.8037
90 4.475 1.05966 90.4688
91 4.525 1.06165 93.1988
92 4.575 1.06283 95.9925
93 4.625 1.0879 98.915
94 4.675 1.09299 101.915
95 4.725 1.09182 104.976
96 4.775 1.09833 108.121
97 4.825 1.07825 111.274
98 4.875 1.09561 114.544
99 4.925 1.05953 117.771
100 4.975 1.07815 121.123
101 5.025 1.10134 124.615
102 5.075 1.09211 128.148
103 5.125 1.04173 131.584
104 5.175 1.03991 135.081
105 5.225 1.04562 138.666
106 5.275 1.04736 142.326
107 5.325 1.05902 146.098
108 5.375 1.05388 149.921
109 5.425 1.03894 153.761
110 5.475 1.03698 157.665
111 5.525 1.02613 161.599
112 5.575 1.04559 165.68
113 5.625 1.0447 169.831
114 5.675 1.02699 173.985
115 5.725 1.01733 178.173
116 5.775 1.01382 182.419
117 5.825 1.03521 186.83
118 5.875 1.01767 191.241
119 5.925 1.01389 195.711
120 5.975 1.02236 200.295
121 6.025 1.03316 205.005
122 6.075 1.03078 209.783
123 6.125 1.04135 214.689
124 6.175 0.999756 219.476
125 6.225 1.02434 224.461
126 6.275 1.01466 229.479
127 6.325 1.00341 234.52
128 6.375 0.969115 239.466
129 6.425 0.986158 244.579
130 6.475 1.00327 249.861
131 6.525 1.03682 255.405
132 6.575 0.996012 260.813
133 6.625 1.02662 266.471
134 6.675 1.00236 272.08
135 6.725 1.01744 277.859
136 6.775 1.00508 283.653
137 6.825 0.967972 289.315
138 6.875 0.982793 295.149
139 6.925 0.975502 301.024
140 6.975 1.00535 307.166
141 7.025 0.997744 313.35
142 7.075 0.988464 319.564
143 7.125 1.00954 326
144 7.175 0.965163 332.24
145 7.225 0.978927 338.658
146 7.275 0.97003 345.105
147 7.325 0.985401 351.745
148 7.375 0.973365 358.394
149 7.425 0.994242 365.278
150 7.475 0.979739 372.153
151 7.525 0.992777 379.213
152 7.575 0.986826 386.324
153 7.625 0.969305 393.401
154 7.675 0.974289 400.609
155 7.725 0.973894 407.907
156 7.775 0.975898 415.316
157 7.825 0.985411 422.894
158 7.875 0.969888 430.447
159 7.925 0.980985 438.185
160 7.975 0.994545 446.129
161 8.025 0.980181 454.056
162 8.075 0.953579 461.865
163 8.125 0.958765 469.814
164 8.175 0.977307 478.016
165 8.225 0.96502 486.215
166 8.275 0.976795 494.615
167 8.325 0.940108 502.797
168 8.375 0.989511 511.514
169 8.425 0.969667 520.157
170 8.475 0.977522 528.975
171 8.525 0.963076 537.765
172 8.575 0.968663 546.71
173 8.625 0.953584 555.619
174 8.675 0.972647 564.811
175 8.725 0.978136 574.163
176 8.775 0.954612 583.394
177 8.825 0.982038 592.999
178 8.875 0.972773 602.621
179 8.925 0.984896 612.474
180 8.975 0.96864 622.273
181 9.025 0.962214 632.115
182 9.075 0.963605 642.081
183 9.125 0.949846 652.014
184 9.175 0.967072 662.237
185 9.225 0.979775 672.709
186 9.275 0.968777 683.175
187 9.325 0.964254 693.705
188 9.375 0.956374 704.261
189 9.425 0.967879 715.059
190 9.475 0.964898 725.937
191 9.525 0.972786 737.021
192 9.575 0.954076 748.006
193 9.625 0.939892 758.941
194 9.675 0.972842 770.377
195 9.725 0.954971 781.72
196 9.775 0.957935 793.215
197 9.825 0.975844 805.045
198 9.875 0.957107 816.766
199 9.925 0.97285 828.801
200 9.975 0.969624 840.917
5902 200
1 0.025 0 0
2 0.075 0 0
3 0.125 0 0
4 0.175 0 0
5 0.225 0 0
6 0.275 0 0
7 0.325 0 0
8 0.375 0 0
9 0.425 0 0
10 0.475 0 0
11 0.525 0 0
12 0.575 0 0
13 0.625 0 0
14 0.675 0 0
15 0.725 0 0
16 0.775 0 0
17 0.825 0 0
18 0.875 0 0
19 0.925 0.0232601 0.0025
20 0.975 0.617617 0.07625
21 1.025 1.97963 0.3375
22 1.075 3.0054 0.77375
23 1.125 2.7285 1.2075
24 1.175 2.56614 1.6525
25 1.225 2.39412 2.10375
26 1.275 1.95905 2.50375
27 1.325 1.93305 2.93
28 1.375 1.68975 3.33125
29 1.425 1.59287 3.7375
30 1.475 1.43183 4.12875
31 1.525 1.24961 4.49375
32 1.575 1.27987 4.8925
33 1.625 1.23624 5.3025
34 1.675 1.0855 5.685
35 1.725 1.25093 6.1525
36 1.775 1.24464 6.645
37 1.825 1.26404 7.17375
38 1.875 1.15223 7.6825
39 1.925 1.28922 8.2825
40 1.975 1.31918 8.92875
41 2.025 1.33494 9.61625
42 2.075 1.37078 10.3575
43 2.125 1.42826 11.1675
44 2.175 1.34863 11.9688
45 2.225 1.30478 12.78
46 2.275 1.35575 13.6613
47 2.325 1.40302 14.6138
48 2.375 1.33222 15.5575
49 2.425 1.30154 16.5188
50 2.475 1.29011 17.5113
51 2.525 1.24109 18.505
52 2.575 1.26391 19.5575
53 2.625 1.21478 20.6087
54 2.675 1.21847 21.7037
55 2.725 1.23717 22.8575
56 2.775 1.19428 24.0125
57 2.825 1.25589 25.2712
58 2.875 1.13432 26.4487
59 2.925 1.25292 27.795
60 2.975 1.22016 29.1512
61 3.025 1.20626 30.5375
62 3.075 1.25999 32.0337
63 3.125 1.19247 33.4962
64 3.175 1.17989 34.99
65 3.225 1.16178 36.5075
66 3.275 1.24443 38.1837
67 3.325 1.13796 39.7637
68 3.375 1.12459 41.3725
69 3.425 1.18788 43.1225
70 3.475 1.16465 44.8887
71 3.525 1.20154 46.7637
72 3.575 1.16894 48.64
73 3.625 1.10965 50.4712
74 3.675 1.1342 52.395
75 3.725 1.16206 54.42
76 3.775 1.18456 56.54
77 3.825 1.1293 58.615
78 3.875 1.16597 60.8137
79 3.925 1.14162 63.0225
80 3.975 1.22332 65.45
81 4.025 1.12922 67.7475
82 4.075 1.15862 70.1637
83 4.125 1.09093 72.495
84 4.175 1.13348 74.9762
85 4.225 1.0622 77.3575
86 4.275 1.12192 79.9325
87 4.325 1.07963 82.4687
88 4.375 1.11074 85.1387
89 4.425 1.09137 87.8225
90 4.475 1.04873 90.46
91 4.525 1.06214 93.1912
92 4.575 1.0614 95.9813
93 4.625 1.10325 98.945
94 4.675 1.08752 101.93
95 4.725 1.08023 104.959
96 4.775 1.09964 108.108
97 4.825 1.08979 111.294
98 4.875 1.08891 114.544
99 4.925 1.06814 117.798
100 4.975 1.08458 121.169
101 5.025 1.0907 124.628
102 5.075 1.07163 128.094
103 5.125 1.0531 131.567
104 5.175 1.04994 135.099
105 5.225 1.02739 138.621
106 5.275 1.06453 142.341
107 5.325 1.06604 146.137
108 5.375 1.02494 149.856
109 5.425 1.06228 153.782
110 5.475 1.03068 157.662
111 5.525 1.03428 161.627
112 5.575 1.03598 165.671
113 5.625 1.05445 169.861
114 5.675 1.01525 173.967
115 5.725 1.02219 178.175
116 5.775 1.01561 182.429
117 5.825 1.03198 186.826
118 5.875 1.01622 191.231
119 5.925 1.01871 195.722
120 5.975 1.02125 200.301
121 6.025 1.04056 205.045
122 6.075 1.02458 209.794
123 6.125 1.03021 214.648
124 6.175 1.01307 219.499
125 6.225 1.01073 224.417
126 6.275 1.02452 229.484
127 6.325 1.00564 234.536
128 6.375 0.967645 239.475
129 6.425 0.98881 244.601
130 6.475 0.993778 249.834
131 6.525 1.03869 255.387
132 6.575 1.00177 260.826
133 6.625 1.0214 266.456
134 6.675 1.00571 272.084
135 6.725 1.006 277.798
136 6.775 1.02221 283.69
137 6.825 0.962843 289.322
138 6.875 0.977739 295.126
139 6.925 0.976747 301.009
140 6.975 1.00821 307.169
141 7.025 0.99492 313.335
142 7.075 1.00218 319.635
143 7.125 1.00032 326.012
144 7.175 0.964776 332.25
145 7.225 0.969583 338.606
146 7.275 0.975672 345.091
147 7.325 0.98707 351.743
148 7.375 0.977391 358.419
149 7.425 0.987382 365.255
150 7.475 0.989002 372.195
151 7.525 0.990668 379.24
152 7.575 0.979888 386.301
153 7.625 0.979063 393.45
154 7.675 0.969389 400.621
155 7.725 0.969391 407.886
156 7.775 0.979026 415.319
157 7.825 0.992238 422.949
158 7.875 0.965715 430.47
159 7.925 0.98463 438.236
160 7.975 0.986251 446.114
161 8.025 0.979409 454.035
162 8.075 0.963654 461.926
163 8.125 0.949568 469.799
164 8.175 0.984158 478.059
165 8.225 0.95884 486.205
166 8.275 0.976941 494.606
167 8.325 0.945422 502.835
168 8.375 0.989794 511.554
169 8.425 0.966162 520.166
170 8.475 0.982511 529.029
171 8.525 0.955269 537.747
172 8.575 0.965685 546.665
173 8.625 0.955992 555.596
174 8.675 0.974498 564.806
175 8.725 0.974344 574.121
176 8.775 0.962497 583.429
177 8.825 0.981911 593.033
178 8.875 0.964686 602.575
179 8.925 0.994018 612.519
180 8.975 0.957272 622.203
181 9.025 0.968813 632.113
182 9.075 0.962034 642.063
183 9.125 0.95415 652.04
184 9.175 0.959977 662.189
185 9.225 0.981763 672.681
186 9.275 0.96762 683.135
187 9.325 0.9662 693.686
188 9.375 0.960338 704.286
189 9.425 0.964518 715.046
190 9.475 0.962126 725.894
191 9.525 0.979698 737.056
192 9.575 0.950711 748.002
193 9.625 0.942793 758.971
194 9.675 0.9671 770.34
195 9.725 0.959181 781.732
196 9.775 0.959602 793.247
197 9.825 0.973163 805.045
198 9.875 0.959863 816.8
199 9.925 0.973961 828.849
200 9.975 0.965222 840.91
5903 200
1 0.025 0 0
2 0.075 0 0
3 0.125 0 0
4 0.175 0 0
5 0.225 0 0
6 0.275 0 0
7 0.325 0 0
8 0.375 0 0
9 0.425 0 0
10 0.475 0 0
11 0.525 0 0
12 0.575 0 0
13 0.625 0 0
14 0.675 0 0
15 0.725 0 0
16 0.775 0 0
17 0.825 0 0
18 0.875 0 0
19 0.925 0.0232601 0.0025
20 0.975 0.638553 0.07875
21 1.025 1.97016 0.33875
22 1.075 2.97095 0.77
23 1.125 2.76782 1.21
24 1.175 2.53731 1.65
25 1.225 2.45381 2.1125
26 1.275 1.92232 2.505
27 1.325 1.93305 2.93125
28 1.375 1.64764 3.3225
29 1.425 1.66639 3.7475
30 1.475 1.39523 4.12875
31 1.525 1.25389 4.495
32 1.575 1.30394 4.90125
33 1.625 1.19479 5.2975
34 1.675 1.12098 5.6925
35 1.725 1.23087 6.1525
36 1.775 1.22252 6.63625
37 1.825 1.28794 7.175
38 1.875 1.15223 7.68375
39 1.925 1.26505 8.2725
40 1.975 1.30898 8.91375
41 2.025 1.35921 9.61375
42 2.075 1.35691 10.3475
43 2.125 1.45471 11.1725
44 2.175 1.32759 11.9612
45 2.225 1.34097 12.795
46 2.275 1.35191 13.6738
47 2.325 1.38829 14.6163
48 2.375 1.34281 15.5675
49 2.425 1.28462 16.5162
50 2.475 1.31123 17.525
51 2.525 1.25201 18.5275
52 2.575 1.2459 19.565
53 2.625 1.19889 20.6025
54 2.675 1.23516 21.7125
55 2.725 1.22242 22.8525
56 2.775 1.19169 24.005
57 2.825 1.25465 25.2625
58 2.875 1.14275 26.4488
59 2.925 1.24362 27.785
60 2.975 1.24153 29.165
61 3.025 1.2117 30.5575
62 3.075 1.22736 32.015
63 3.125 1.21999 33.5113
64 3.175 1.18483 35.0113
65 3.225 1.15412 36.5188
66 3.275 1.23886 38.1875
67 3.325 1.12986 39.7563
68 3.375 1.12983 41.3725
69 3.425 1.18957 43.125
70 3.475 1.17867 44.9125
71 3.525 1.20474 46.7925
72 3.575 1.13857 48.62
73 3.625 1.11571 50.4613
74 3.675 1.14452 52.4025
75 3.725 1.17067 54.4425
76 3.775 1.15802 56.515
77 3.825 1.12998 58.5913
78 3.875 1.18122 60.8188
79 3.925 1.13322 63.0113
80 3.975 1.22143 65.435
81 4.025 1.13537 67.745
82 4.075 1.15623 70.1563
83 4.125 1.11316 72.535
84 4.175 1.10607 74.9563
85 4.225 1.07893 77.375
86 4.275 1.10939 79.9213
87 4.325 1.09028 82.4825
88 4.375 1.1097 85.15
89 4.425 1.0812 87.8088
90 4.475 1.04923 90.4475
91 4.525 1.08256 93.2313
92 4.575 1.04523 95.9788
93 4.625 1.09116 98.91
94 4.675 1.10483 101.943
95 4.725 1.07711 104.963
96 4.775 1.09352 108.094
97 4.825 1.10133 111.314
98 4.875 1.09059 114.569
99 4.925 1.06691 117.819
100 4.975 1.07855 121.171
101 5.025 1.09346 124.639
102 5.075 1.07666 128.121
103 5.125 1.05727 131.609
104 5.175 1.03879 135.103
105 5.225 1.03797 138.661
106 5.275 1.06918 142.398
107 5.325 1.04919 146.134
108 5.375 1.02494 149.853
109 5.425 1.05822 153.764
110 5.475 1.03433 157.658
111 5.525 1.03265 161.616
112 5.575 1.0347 165.655
113 5.625 1.0532 169.84
114 5.675 1.02328 173.979
115 5.725 1.01642 178.163
116 5.775 1.02337 182.449
117 5.825 1.0226 186.806
118 5.875 1.01911 191.224
119 5.925 1.02296 195.734
120 5.975 1.01957 200.305
121 6.025 1.03562 205.026
122 6.075 1.02674 209.785
123 6.125 1.03445 214.659
124 6.175 1.01594 219.524
125 6.225 1.00765 224.428
126 6.275 1.01794 229.461
127 6.325 1.00987 234.535
128 6.375 0.974992 239.511
129 6.425 0.9823 244.604
130 6.475 1.00683 249.905
131 6.525 1.02536 255.387
132 6.575 1.002 260.827
133 6.625 1.02117 266.456
134 6.675 0.999901 272.051
135 6.725 1.01436 277.813
136 6.775 1.02069 283.696
137 6.825 0.967544 289.356
138 6.875 0.967842 295.101
139 6.925 0.986087 301.04
140 6.975 1.00596 307.186
141 7.025 0.990887 313.328
142 7.075 0.998406 319.604
143 7.125 1.00228 325.994
144 7.175 0.967483 332.249
145 7.225 0.973397 338.63
146 7.275 0.978681 345.135
147 7.325 0.977609 351.723
148 7.375 0.974097 358.376
149 7.425 0.989729 365.229
150 7.475 0.99488 372.21
151 7.525 0.99014 379.251
152 7.575 0.98301 386.335
153 7.625 0.975639 393.459
154 7.675 0.97412 400.665
155 7.725 0.968723 407.925
156 7.775 0.973428 415.315
157 7.825 0.991426 422.939
158 7.875 0.96716 430.471
159 7.925 0.985264 438.243
160 7.975 0.985468 446.114
161 8.025 0.980027 454.04
162 8.075 0.963043 461.926
163 8.125 0.955298 469.846
164 8.175 0.979392 478.066
165 8.225 0.960606 486.228
166 8.275 0.978685 494.644
167 8.325 0.942837 502.85
168 8.375 0.994193 511.608
169 8.425 0.969948 520.254
170 8.475 0.973919 529.039
171 8.525 0.948011 537.691
172 8.575 0.968121 546.631
173 8.625 0.969506 555.689
174 8.675 0.968282 564.84
175 8.725 0.971337 574.126
176 8.775 0.967409 583.481
177 8.825 0.974881 593.016
178 8.875 0.961274 602.525
179 8.925 0.999641 612.525
180 8.975 0.958754 622.224
181 9.025 0.966369 632.109
182 9.075 0.970011 642.141
183 9.125 0.946141 652.035
184 9.175 0.967781 662.266
185 9.225 0.978021 672.719
186 9.275 0.966232 683.158
187 9.325 0.963109 693.675
188 9.375 0.963169 704.306
189 9.425 0.966983 715.094
190 9.475 0.956693 725.88
191 9.525 0.983099 737.081
192 9.575 0.947345 747.989
193 9.625 0.944727 758.98
194 9.675 0.966356 770.34
195 9.725 0.961707 781.763
196 9.775 0.962623 793.314
197 9.825 0.962543 804.983
198 9.875 0.967416 816.83
199 9.925 0.965373 828.773
200 9.975 0.966823 840.854
5904 200
1 0.025 0 0
2 0.075 0 0
3 0.125 0 0
4 0.175 0 0
5 0.225 0 0
6 0.275 0 0
7 0.325 0 0
8 0.375 0 0
9 0.425 0 0
10 0.475 0 0
11 0.525 0 0
12 0.575 0 0
13 0.625 0 0
14 0.675 0 0
15 0.725 0 0
16 0.775 0 0
17 0.825 0 0
18 0.875 0 0
19 0.925 0.0232601 0.0025
20 0.975 0.659489 0.08125
21 1.025 1.96069 0.34
22 1.075 2.96234 0.77
23 1.125 2.71278 1.20125
24 1.175 2.6166 1.655
25 1.225 2.38749 2.105
26 1.275 1.96517 2.50625
27 1.325 1.96706 2.94
28 1.375 1.67923 3.33875
29 1.425 1.56346 3.7375
30 1.475 1.38608 4.11625
31 1.525 1.27529 4.48875
32 1.575 1.34406 4.9075
33 1.625 1.13825 5.285
34 1.675 1.16355 5.695
35 1.725 1.21749 6.15
36 1.775 1.24464 6.6425
37 1.825 1.24611 7.16375
38 1.875 1.23716 7.71
39 1.925 1.1979 8.2675
40 1.975 1.30387 8.90625
41 2.025 1.40048 9.6275
42 2.075 1.31068 10.3362
43 2.125 1.4988 11.1862
44 2.175 1.36336 11.9962
45 2.225 1.29674 12.8025
46 2.275 1.3596 13.6863
47 2.325 1.36435 14.6125
48 2.375 1.35339 15.5713
49 2.425 1.26769 16.5075
50 2.475 1.31123 17.5162
51 2.525 1.23328 18.5038
52 2.575 1.27292 19.5637
53 2.625 1.19744 20.6
54 2.675 1.25325 21.7262
55 2.725 1.19561 22.8412
56 2.775 1.21884 24.02
57 2.825 1.23469 25.2575
58 2.875 1.16683 26.4687
59 2.925 1.24013 27.8012
60 2.975 1.23253 29.1712
61 3.025 1.21605 30.5687
62 3.075 1.2242 32.0225
63 3.125 1.21388 33.5113
64 3.175 1.19174 35.02
65 3.225 1.14072 36.51
66 3.275 1.23608 38.175
67 3.325 1.12626 39.7388
68 3.375 1.14818 41.3813
69 3.425 1.18363 43.125
70 3.475 1.16136 44.8862
71 3.525 1.21115 46.7762
72 3.575 1.13935 48.605
73 3.625 1.12783 50.4662
74 3.675 1.12093 52.3675
75 3.725 1.20438 54.4662
76 3.775 1.13567 56.4987
77 3.825 1.14291 58.5987
78 3.875 1.17326 60.8112
79 3.925 1.14615 63.0287
80 3.975 1.18679 65.3837
81 4.025 1.16486 67.7537
82 4.075 1.14484 70.1412
83 4.125 1.12954 72.555
84 4.175 1.10036 74.9638
85 4.225 1.08005 77.385
86 4.275 1.10449 79.92
87 4.325 1.09187 82.485
88 4.375 1.11906 85.175
89 4.425 1.07663 87.8225
90 4.475 1.04078 90.44
91 4.525 1.07818 93.2125
92 4.575 1.04713 95.965
93 4.625 1.09023 98.8937
94 4.675 1.10847 101.936
95 4.725 1.08514 104.979
96 4.775 1.07737 108.064
97 4.825 1.11288 111.317
98 4.875 1.08723 114.562
99 4.925 1.0702 117.822
100 4.975 1.07815 121.174
101 5.025 1.09346 124.641
102 5.075 1.07472 128.117
103 5.125 1.06219 131.621
104 5.175 1.0295 135.084
105 5.225 1.04088 138.652
106 5.275 1.06882 142.387
107 5.325 1.05516 146.145
108 5.375 1.03183 149.889
109 5.425 1.043 153.744
110 5.475 1.03466 157.639
111 5.525 1.0333 161.6
112 5.575 1.03182 165.627
113 5.625 1.0576 169.83
114 5.675 1.01896 173.951
115 5.725 1.02189 178.157
116 5.775 1.02546 182.452
117 5.825 1.02113 186.804
118 5.875 1.02401 191.242
119 5.925 1.02211 195.749
120 5.975 1.02292 200.335
121 6.025 1.03179 205.039
122 6.075 1.01973 209.765
123 6.125 1.04241 214.676
124 6.175 1.01672 219.545
125 6.225 1.00431 224.432
126 6.275 1.01643 229.459
127 6.325 1.0054 234.51
128 6.375 0.979646 239.51
129 6.425 0.987364 244.629
130 6.475 1.00446 249.917
131 6.525 1.03191 255.435
132 6.575 0.993479 260.829
133 6.625 1.02163 266.46
134 6.675 0.993646 272.02
135 6.725 1.02646 277.85
136 6.775 1.01115 283.679
137 6.825 0.97951 289.409
138 6.875 0.95984 295.106
139 6.925 0.995012 301.099
140 6.975 0.998597 307.2
141 7.025 0.990282 313.338
142 7.075 0.997611 319.609
143 7.125 0.998363 325.974
144 7.175 0.97657 332.288
145 7.225 0.970727 338.651
146 7.275 0.97586 345.137
147 7.325 0.97594 351.714
148 7.375 0.975927 358.38
149 7.425 0.985576 365.204
150 7.475 1.00147 372.231
151 7.525 0.990844 379.277
152 7.575 0.977459 386.321
153 7.625 0.975981 393.447
154 7.675 0.97091 400.63
155 7.725 0.979898 407.974
156 7.775 0.975404 415.379
157 7.825 0.985248 422.955
158 7.875 0.964592 430.467
159 7.925 0.993663 438.305
160 7.975 0.979991 446.132
161 8.025 0.979099 454.051
162 8.075 0.963501 461.941
163 8.125 0.956655 469.872
164 8.175 0.978201 478.082
165 8.225 0.9609 486.246
166 8.275 0.971272 494.599
167 8.325 0.95806 502.937
168 8.375 0.982983 511.596
169 8.425 0.973313 520.272
170 8.475 0.969623 529.019
171 8.525 0.949243 537.683
172 8.575 0.968527 546.626
173 8.625 0.976464 555.749
174 8.675 0.963521 564.855
175 8.725 0.969507 574.124
176 8.775 0.969089 583.495
177 8.825 0.969897 592.981
178 8.875 0.963422 602.511
179 8.925 1.00314 612.546
180 8.975 0.953812 622.195
181 9.025 0.973578 632.154
182 9.075 0.960463 642.087
183 9.125 0.949368 652.015
184 9.175 0.973929 662.311
185 9.225 0.969716 672.675
186 9.275 0.975025 683.209
187 9.325 0.955783 693.646
188 9.375 0.968944 704.341
189 9.425 0.962053 715.074
190 9.475 0.96013 725.899
191 9.525 0.976845 737.029
192 9.575 0.956031 748.036
193 9.625 0.940214 758.975
194 9.675 0.973055 770.414
195 9.725 0.961812 781.838
196 9.775 0.95481 793.295
197 9.825 0.960996 804.945
198 9.875 0.97303 816.861
199 9.925 0.964463 828.793
200 9.975 0.969323 840.905
5905 200
1 0.025 0 0
2 0.075 0 0
3 0.125 0 0
4 0.175 0 0
5 0.225 0 0
6 0.275 0 0
7 0.325 0 0
8 0.375 0 0
9 0.425 0 0
10 0.475 0 0
11 0.525 0 0
12 0.575 0 0
13 0.625 0 0
14 0.675 0 0
15 0.725 0 0
16 0.775 0 0
17 0.825 0 0
18 0.875 0 0
19 0.925 0.0348902 0.00375
20 0.975 0.575745 0.0725
21 1.025 1.96069 0.33125
22 1.075 3.0054 0.7675
23 1.125 2.72064 1.2
24 1.175 2.68147 1.665
25 1.225 2.38749 2.115
26 1.275 1.94068 2.51125
27 1.325 1.95005 2.94125
28 1.375 1.67396 3.33875
29 1.425 1.52426 3.7275
30 1.475 1.44098 4.12125
31 1.525 1.29669 4.5
32 1.575 1.27987 4.89875
33 1.625 1.16086 5.28375
34 1.675 1.17419 5.6975
35 1.725 1.22418 6.155
36 1.775 1.22884 6.64125
37 1.825 1.24013 7.16
38 1.875 1.21168 7.695
39 1.925 1.23282 8.26875
40 1.975 1.29367 8.9025
41 2.025 1.39805 9.6225
42 2.075 1.32918 10.3413
43 2.125 1.49439 11.1888
44 2.175 1.36756 12.0013
45 2.225 1.29674 12.8075
46 2.275 1.34806 13.6838
47 2.325 1.37356 14.6163
48 2.375 1.31104 15.545
49 2.425 1.32693 16.525
50 2.475 1.29823 17.5238
51 2.525 1.23016 18.5088
52 2.575 1.2504 19.55
53 2.625 1.22344 20.6088
54 2.675 1.2908 21.7688
55 2.725 1.13262 22.825
56 2.775 1.22659 24.0113
57 2.825 1.21349 25.2275
58 2.875 1.19694 26.47
59 2.925 1.22617 27.7875
60 2.975 1.2404 29.1663
61 3.025 1.2204 30.5688
62 3.075 1.21578 32.0125
63 3.125 1.22611 33.5162
64 3.175 1.17989 35.01
65 3.225 1.18379 36.5562
66 3.275 1.21102 38.1875
67 3.325 1.12266 39.7463
68 3.375 1.15605 41.4
69 3.425 1.17939 43.1375
70 3.475 1.13251 44.855
71 3.525 1.24159 46.7925
72 3.575 1.13078 48.6075
73 3.625 1.10889 50.4375
74 3.675 1.14525 52.38
75 3.725 1.19577 54.4638
76 3.775 1.13497 56.495
77 3.825 1.16196 58.63
78 3.875 1.13946 60.7788
79 3.925 1.1707 63.0438
80 3.975 1.1723 65.37
81 4.025 1.17407 67.7588
82 4.075 1.14903 70.155
83 4.125 1.12076 72.55
84 4.175 1.09636 74.95
85 4.225 1.09287 77.4
86 4.275 1.10177 79.9288
87 4.325 1.09985 82.5125
88 4.375 1.10918 85.1788
89 4.425 1.06036 87.7863
90 4.475 1.05022 90.4275
91 4.525 1.08158 93.2088
92 4.575 1.05237 95.975
93 4.625 1.08092 98.8788
94 4.675 1.11348 101.935
95 4.725 1.08112 104.966
96 4.775 1.07781 108.053
97 4.825 1.12143 111.331
98 4.875 1.07718 114.546
99 4.925 1.08292 117.845
100 4.975 1.06407 121.153
101 5.025 1.10883 124.669
102 5.075 1.06429 128.111
103 5.125 1.06409 131.621
104 5.175 1.03731 135.11
105 5.225 1.03833 138.67
106 5.275 1.06703 142.399
107 5.325 1.052 146.145
108 5.375 1.03803 149.911
109 5.425 1.04469 153.773
110 5.475 1.03898 157.684
111 5.525 1.03591 161.655
112 5.575 1.02029 165.638
113 5.625 1.05414 169.826
114 5.675 1.0307 173.995
115 5.725 1.00944 178.15
116 5.775 1.01651 182.407
117 5.825 1.0311 186.801
118 5.875 1.01968 191.221
119 5.925 1.0292 195.759
120 5.975 1.02626 200.36
121 6.025 1.02164 205.017
122 6.075 1.02107 209.75
123 6.125 1.04347 214.666
124 6.175 1.02429 219.571
125 6.225 0.993778 224.407
126 6.275 1.02553 229.479
127 6.325 1.00216 234.514
128 6.375 0.983075 239.531
129 6.425 0.987364 244.65
130 6.475 1.00019 249.916
131 6.525 1.03004 255.424
132 6.575 0.990256 260.8
133 6.625 1.03229 266.49
134 6.675 1.0037 272.106
135 6.725 1.01568 277.875
136 6.775 0.995973 283.616
137 6.825 0.992972 289.425
138 6.875 0.95984 295.122
139 6.925 0.99771 301.131
140 6.975 0.993278 307.2
141 7.025 0.989878 313.335
142 7.075 0.997213 319.604
143 7.125 0.997187 325.961
144 7.175 0.985464 332.332
145 7.225 0.966723 338.67
146 7.275 0.976801 345.162
147 7.325 0.968891 351.691
148 7.375 0.980868 358.391
149 7.425 0.989548 365.242
150 7.475 0.997552 372.242
151 7.525 0.993304 379.306
152 7.575 0.970001 386.296
153 7.625 0.973071 393.401
154 7.675 0.97581 400.62
155 7.725 0.982901 407.986
156 7.775 0.975074 415.389
157 7.825 0.982648 422.945
158 7.875 0.973259 430.525
159 7.925 0.987958 438.317
160 7.975 0.978113 446.13
161 8.025 0.978945 454.047
162 8.075 0.962738 461.931
163 8.125 0.962233 469.909
164 8.175 0.971648 478.064
165 8.225 0.961783 486.235
166 8.275 0.972435 494.597
167 8.325 0.957629 502.932
168 8.375 0.985111 511.61
169 8.425 0.972472 520.279
170 8.475 0.965188 528.985
171 8.525 0.958009 537.729
172 8.575 0.964466 546.635
173 8.625 0.974189 555.736
174 8.675 0.96524 564.859
175 8.725 0.971206 574.144
176 8.775 0.967926 583.504
177 8.825 0.970919 593
178 8.875 0.963801 602.534
179 8.925 0.994393 612.481
180 8.975 0.958013 622.172
181 9.025 0.975167 632.147
182 9.075 0.964934 642.127
183 9.125 0.947336 652.034
184 9.175 0.974166 662.332
185 9.225 0.968079 672.679
186 9.275 0.970397 683.163
187 9.325 0.963338 693.683
188 9.375 0.962942 704.311
189 9.425 0.964742 715.074
190 9.475 0.963678 725.939
191 9.525 0.970263 736.994
192 9.575 0.961242 748.061
193 9.625 0.937313 758.966
194 9.675 0.97465 770.424
195 9.725 0.962022 781.85
196 9.775 0.950539 793.256
197 9.825 0.964605 804.95
198 9.875 0.970886 816.84
199 9.925 0.972951 828.876
200 9.975 0.967523 840.966
