# Time-averaged data for fix ave_rdf
# TimeStep Number-of-rows
# Row c_myRDF[1] c_myRDF[2] c_myRDF[3]
5761 200
1 0.025 0 0
2 0.075 0 0
3 0.125 0 0
4 0.175 0 0
5 0.225 0 0
6 0.275 0 0
7 0.325 0 0
8 0.375 0 0
9 0.425 0 0
10 0.475 0 0
11 0.525 0 0
12 0.575 0 0
13 0.625 0 0
14 0.675 0 0
15 0.725 0 0
16 0.775 0 0
17 0.825 0 0
18 0.875 0 0
19 0.925 0.0814105 0.00875
20 0.975 1.13055 0.14375
21 1.025 2.8321 0.5175
22 1.075 3.71154 1.05625
23 1.125 3.95515 1.685
24 1.175 3.5825 2.30625
25 1.225 2.89152 2.85125
26 1.275 2.7243 3.4075
27 1.325 2.31852 3.91875
28 1.375 1.94243 4.38
29 1.425 1.91635 4.86875
30 1.475 1.76577 5.35125
31 1.525 1.52778 5.7975
32 1.575 1.36412 6.2225
33 1.625 1.46616 6.70875
34 1.675 1.40122 7.2025
35 1.725 1.62889 7.81125
36 1.775 1.44997 8.385
37 1.825 1.56884 9.04125
38 1.875 1.50894 9.7075
39 1.925 1.72433 10.51
40 1.975 1.87033 11.4262
41 2.025 1.81067 12.3588
42 2.075 1.70134 13.2788
43 2.125 1.85807 14.3325
44 2.175 1.85357 15.4337
45 2.225 1.78327 16.5425
46 2.275 1.91728 17.7888
47 2.325 1.73997 18.97
48 2.375 1.73277 20.1975
49 2.425 1.69759 21.4512
50 2.475 1.57121 22.66
51 2.525 1.59078 23.9337
52 2.575 1.56112 25.2337
53 2.625 1.61489 26.6312
54 2.675 1.66358 28.1262
55 2.725 1.60041 29.6187
56 2.775 1.55101 31.1187
57 2.825 1.54648 32.6687
58 2.875 1.51363 34.24
59 2.925 1.61705 35.9775
60 2.975 1.55528 37.7062
61 3.025 1.52605 39.46
62 3.075 1.59472 41.3537
63 3.125 1.57875 43.29
64 3.175 1.5936 45.3075
65 3.225 1.57519 47.365
66 3.275 1.5386 49.4375
67 3.325 1.5638 51.6087
68 3.375 1.57198 53.8575
69 3.425 1.58496 56.1925
70 3.475 1.47539 58.43
71 3.525 1.48991 60.755
72 3.575 1.46799 63.1112
73 3.625 1.47701 65.5487
74 3.675 1.44225 67.995
75 3.725 1.43894 70.5025
76 3.775 1.43949 73.0787
77 3.825 1.47286 75.785
78 3.875 1.42449 78.4712
79 3.925 1.52217 81.4162
80 3.975 1.49419 84.3812
81 4.025 1.45853 87.3487
82 4.075 1.42595 90.3225
83 4.125 1.4612 93.445
84 4.175 1.45839 96.6375
85 4.225 1.39731 99.77
86 4.275 1.39586 102.974
87 4.325 1.37601 106.206
88 4.375 1.37542 109.512
89 4.425 1.40857 112.976
90 4.475 1.34496 116.359
91 4.525 1.37033 119.882
92 4.575 1.39238 123.542
93 4.625 1.33684 127.134
94 4.675 1.38172 130.926
95 4.725 1.31652 134.617
96 4.775 1.34977 138.482
97 4.825 1.39078 142.549
98 4.875 1.35904 146.605
99 4.925 1.3123 150.602
100 4.975 1.34155 154.772
101 5.025 1.28621 158.851
102 5.075 1.33365 163.165
103 5.125 1.28729 167.411
104 5.175 1.28669 171.739
105 5.225 1.32343 176.276
106 5.275 1.28702 180.774
107 5.325 1.24892 185.221
108 5.375 1.24922 189.754
109 5.425 1.26384 194.425
110 5.475 1.28071 199.246
111 5.525 1.27165 204.121
112 5.575 1.23165 208.929
113 5.625 1.23817 213.849
114 5.675 1.27269 218.996
115 5.725 1.21442 223.995
116 5.775 1.20691 229.05
117 5.825 1.24906 234.372
118 5.875 1.24087 239.751
119 5.925 1.22908 245.17
120 5.975 1.23258 250.696
121 6.025 1.20124 256.172
122 6.075 1.19853 261.727
123 6.125 1.15013 267.146
124 6.175 1.1582 272.692
125 6.225 1.18848 278.476
126 6.275 1.20247 284.422
127 6.325 1.16687 290.285
128 6.375 1.19492 296.384
129 6.425 1.16241 302.41
130 6.475 1.18821 308.666
131 6.525 1.16212 314.88
132 6.575 1.1604 321.18
133 6.625 1.14772 327.506
134 6.675 1.13751 333.871
135 6.725 1.1354 340.32
136 6.775 1.13128 346.841
137 6.825 1.13357 353.473
138 6.875 1.12578 360.155
139 6.925 1.13283 366.978
140 6.975 1.12319 373.84
141 7.025 1.1123 380.734
142 7.075 1.10041 387.651
143 7.125 1.10306 394.684
144 7.175 1.10224 401.81
145 7.225 1.11907 409.146
146 7.275 1.08889 416.384
147 7.325 1.12861 423.989
148 7.375 1.08152 431.376
149 7.425 1.10311 439.014
150 7.475 1.09214 446.678
151 7.525 1.06502 454.251
152 7.575 1.06419 461.92
153 7.625 1.06603 469.704
154 7.675 1.09899 477.834
155 7.725 1.05596 485.748
156 7.775 1.06053 493.799
157 7.825 1.06555 501.993
158 7.875 1.04725 510.149
159 7.925 1.04232 518.37
160 7.975 1.0598 526.835
161 8.025 1.04587 535.294
162 8.075 1.05112 543.901
163 8.125 1.06521 552.733
164 8.175 1.03122 561.388
165 8.225 1.03388 570.171
166 8.275 1.03072 579.035
167 8.325 1.04667 588.145
168 8.375 0.999586 596.95
169 8.425 1.01328 605.983
170 8.475 1.04598 615.418
171 8.525 1.03813 624.893
172 8.575 0.993028 634.063
173 8.625 0.991315 643.324
174 8.675 1.00373 652.81
175 8.725 1.02926 662.65
176 8.775 0.996881 672.29
177 8.825 0.997758 682.049
178 8.875 1.00272 691.968
179 8.925 0.990144 701.873
180 8.975 0.989646 711.884
181 9.025 0.999119 722.104
182 9.075 0.99805 732.426
183 9.125 0.996347 742.845
184 9.175 0.969082 753.09
185 9.225 0.989834 763.669
186 9.275 0.966347 774.109
187 9.325 0.974212 784.748
188 9.375 0.972682 795.484
189 9.425 0.970008 806.305
190 9.475 0.965452 817.19
191 9.525 0.955672 828.079
192 9.575 0.959505 839.126
193 9.625 0.970405 850.416
194 9.675 0.95232 861.611
195 9.725 0.965916 873.084
196 9.775 0.948664 884.468
197 9.825 0.956253 896.06
198 9.875 0.966599 907.898
199 9.925 0.975376 919.964
200 9.975 0.949317 931.826
5762 200
1 0.025 0 0
2 0.075 0 0
3 0.125 0 0
4 0.175 0 0
5 0.225 0 0
6 0.275 0 0
7 0.325 0 0
8 0.375 0 0
9 0.425 0 0
10 0.475 0 0
11 0.525 0 0
12 0.575 0 0
13 0.625 0 0
14 0.675 0 0
15 0.725 0 0
16 0.775 0 0
17 0.825 0 0
18 0.875 0 0
19 0.925 0.116301 0.0125
20 0.975 1.07821 0.14125
21 1.025 2.81316 0.5125
22 1.075 3.78904 1.0625
23 1.125 3.94729 1.69
24 1.175 3.59692 2.31375
25 1.225 2.89152 2.85875
26 1.275 2.60186 3.39
27 1.325 2.40356 3.92
28 1.375 1.94769 4.3825
29 1.425 1.92615 4.87375
30 1.475 1.69715 5.3375
31 1.525 1.62193 5.81125
32 1.575 1.31196 6.22
33 1.625 1.49631 6.71625
34 1.675 1.4367 7.2225
35 1.725 1.55531 7.80375
36 1.775 1.42154 8.36625
37 1.825 1.5778 9.02625
38 1.875 1.54008 9.70625
39 1.925 1.75388 10.5225
40 1.975 1.80654 11.4075
41 2.025 1.84465 12.3575
42 2.075 1.70366 13.2788
43 2.125 1.83382 14.3188
44 2.175 1.88303 15.4375
45 2.225 1.78528 16.5475
46 2.275 1.90575 17.7863
47 2.325 1.72155 18.955
48 2.375 1.76276 20.2038
49 2.425 1.70267 21.4613
50 2.475 1.55496 22.6575
51 2.525 1.61107 23.9475
52 2.575 1.55362 25.2413
53 2.625 1.625 26.6475
54 2.675 1.65106 28.1313
55 2.725 1.5736 29.5988
56 2.775 1.56006 31.1075
57 2.825 1.54648 32.6575
58 2.875 1.54735 34.2638
59 2.925 1.5903 35.9725
60 2.975 1.52267 37.665
61 3.025 1.59349 39.4963
62 3.075 1.56946 41.36
63 3.125 1.57467 43.2913
64 3.175 1.62124 45.3438
65 3.225 1.53596 47.35
66 3.275 1.54231 49.4275
67 3.325 1.5818 51.6238
68 3.375 1.56237 53.8588
69 3.425 1.57139 56.1738
70 3.475 1.4927 58.4375
71 3.525 1.48029 60.7475
72 3.575 1.47033 63.1075
73 3.625 1.48004 65.55
74 3.675 1.43488 67.9838
75 3.725 1.41599 70.4513
76 3.775 1.46464 73.0725
77 3.825 1.47422 75.7813
78 3.875 1.4331 78.4838
79 3.925 1.51183 81.4088
80 3.975 1.49671 84.3788
81 4.025 1.46774 87.365
82 4.075 1.39898 90.2825
83 4.125 1.47466 93.4338
84 4.175 1.46239 96.635
85 4.225 1.40122 99.7763
86 4.275 1.38824 102.963
87 4.325 1.39145 106.231
88 4.375 1.36242 109.506
89 4.425 1.40704 112.966
90 4.475 1.34645 116.353
91 4.525 1.39318 119.935
92 4.575 1.37383 123.546
93 4.625 1.33172 127.124
94 4.675 1.38035 130.913
95 4.725 1.33792 134.664
96 4.775 1.34235 138.508
97 4.825 1.38052 142.544
98 4.875 1.34815 146.568
99 4.925 1.32749 150.611
100 4.975 1.33472 154.76
101 5.025 1.29764 158.875
102 5.075 1.32321 163.155
103 5.125 1.29714 167.434
104 5.175 1.28223 171.746
105 5.225 1.31359 176.25
106 5.275 1.29775 180.785
107 5.325 1.24787 185.229
108 5.375 1.25852 189.795
109 5.425 1.26485 194.47
110 5.475 1.26875 199.246
111 5.525 1.26481 204.095
112 5.575 1.25983 209.013
113 5.625 1.21866 213.855
114 5.675 1.27146 218.998
115 5.725 1.22566 224.043
116 5.775 1.209 229.106
117 5.825 1.23908 234.386
118 5.875 1.23596 239.744
119 5.925 1.23164 245.174
120 5.975 1.2231 250.658
121 6.025 1.20782 256.164
122 6.075 1.19907 261.721
123 6.125 1.15835 267.179
124 6.175 1.15377 272.704
125 6.225 1.19258 278.507
126 6.275 1.18301 284.358
127 6.325 1.17458 290.259
128 6.375 1.19615 296.364
129 6.425 1.18122 302.488
130 6.475 1.16613 308.627
131 6.525 1.16703 314.868
132 6.575 1.16846 321.211
133 6.625 1.14363 327.515
134 6.675 1.13639 333.874
135 6.725 1.13606 340.326
136 6.775 1.13497 346.869
137 6.825 1.12738 353.464
138 6.875 1.12325 360.131
139 6.925 1.13013 366.938
140 6.975 1.13628 373.88
141 7.025 1.10746 380.744
142 7.075 1.103 387.677
143 7.125 1.09385 394.651
144 7.175 1.11674 401.871
145 7.225 1.11106 409.155
146 7.275 1.08964 416.397
147 7.325 1.12304 423.965
148 7.375 1.09305 431.431
149 7.425 1.09011 438.979
150 7.475 1.0982 446.685
151 7.525 1.05465 454.185
152 7.575 1.07841 461.956
153 7.625 1.06295 469.718
154 7.675 1.09426 477.812
155 7.725 1.05829 485.744
156 7.775 1.06004 493.791
157 7.825 1.06653 501.993
158 7.875 1.05351 510.197
159 7.925 1.03883 518.391
160 7.975 1.05605 526.826
161 8.025 1.04834 535.305
162 8.075 1.04852 543.891
163 8.125 1.0625 552.7
164 8.175 1.03882 561.419
165 8.225 1.02917 570.162
166 8.275 1.03697 579.08
167 8.325 1.04006 588.132
168 8.375 1.01264 597.052
169 8.425 0.99589 605.93
170 8.475 1.0493 615.395
171 8.525 1.04552 624.938
172 8.575 0.992351 634.101
173 8.625 0.993456 643.383
174 8.675 0.995263 652.789
175 8.725 1.0354 662.688
176 8.775 0.993908 672.299
177 8.825 0.997886 682.059
178 8.875 1.00879 692.038
179 8.925 0.98727 701.914
180 8.975 0.985568 711.884
181 9.025 0.997652 722.089
182 9.075 1.00433 732.476
183 9.125 0.998737 742.92
184 9.175 0.963643 753.108
185 9.225 0.986442 763.65
186 9.275 0.968893 774.118
187 9.325 0.974098 784.755
188 9.375 0.977664 795.546
189 9.425 0.96575 806.32
190 9.475 0.968335 817.238
191 9.525 0.953916 828.106
192 9.575 0.960373 839.164
193 9.625 0.972232 850.475
194 9.675 0.950725 861.651
195 9.725 0.958234 873.033
196 9.775 0.951268 884.448
197 9.825 0.960893 896.096
198 9.875 0.965375 907.919
199 9.925 0.974871 919.979
200 9.975 0.948617 931.832
5763 200
1 0.025 0 0
2 0.075 0 0
3 0.125 0 0
4 0.175 0 0
5 0.225 0 0
6 0.275 0 0
7 0.325 0 0
8 0.375 0 0
9 0.425 0 0
10 0.475 0 0
11 0.525 0 0
12 0.575 0 0
13 0.625 0 0
14 0.675 0 0
15 0.725 0 0
16 0.775 0 0
17 0.825 0 0
18 0.875 0 0
19 0.925 0.127931 0.01375
20 0.975 1.05728 0.14
21 1.025 2.68055 0.49375
22 1.075 3.89238 1.05875
23 1.125 3.91584 1.68125
24 1.175 3.73388 2.32875
25 1.225 2.83846 2.86375
26 1.275 2.55289 3.385
27 1.325 2.42623 3.92
28 1.375 1.88452 4.3675
29 1.425 1.97026 4.87
30 1.475 1.68343 5.33
31 1.525 1.63049 5.80625
32 1.575 1.33604 6.2225
33 1.625 1.50762 6.7225
34 1.675 1.42605 7.225
35 1.725 1.54527 7.8025
36 1.775 1.48472 8.39
37 1.825 1.5031 9.01875
38 1.875 1.5882 9.72
39 1.925 1.73508 10.5275
40 1.975 1.80144 11.41
41 2.025 1.83979 12.3575
42 2.075 1.75451 13.3062
43 2.125 1.80737 14.3312
44 2.175 1.83043 15.4187
45 2.225 1.81343 16.5463
46 2.275 1.87882 17.7675
47 2.325 1.75285 18.9575
48 2.375 1.71336 20.1713
49 2.425 1.73314 21.4513
50 2.475 1.58095 22.6675
51 2.525 1.60795 23.955
52 2.575 1.54311 25.24
53 2.625 1.651 26.6688
54 2.675 1.60377 28.11
55 2.725 1.59639 29.5988
56 2.775 1.58074 31.1275
57 2.825 1.52778 32.6588
58 2.875 1.54374 34.2613
59 2.925 1.57168 35.95
60 2.975 1.53842 37.66
61 3.025 1.59893 39.4975
62 3.075 1.55472 41.3438
63 3.125 1.60831 43.3162
64 3.175 1.58471 45.3225
65 3.225 1.53691 47.33
66 3.275 1.54417 49.41
67 3.325 1.60071 51.6325
68 3.375 1.55713 53.86
69 3.425 1.57139 56.175
70 3.475 1.49023 58.435
71 3.525 1.48911 60.7587
72 3.575 1.46721 63.1137
73 3.625 1.48004 65.5562
74 3.675 1.44594 68.0087
75 3.725 1.41599 70.4762
76 3.775 1.44857 73.0687
77 3.825 1.4783 75.785
78 3.875 1.43112 78.4837
79 3.925 1.51441 81.4137
80 3.975 1.47466 84.34
81 4.025 1.4831 87.3575
82 4.075 1.41037 90.2987
83 4.125 1.477 93.455
84 4.175 1.45154 96.6325
85 4.225 1.3923 99.7537
86 4.275 1.39151 102.947
87 4.325 1.40368 106.245
88 4.375 1.35046 109.491
89 4.425 1.39789 112.929
90 4.475 1.36732 116.367
91 4.525 1.39269 119.949
92 4.575 1.36099 123.526
93 4.625 1.34801 127.147
94 4.675 1.36077 130.882
95 4.725 1.33079 134.614
96 4.775 1.37247 138.544
97 4.825 1.36555 142.536
98 4.875 1.3448 146.55
99 4.925 1.33323 150.611
100 4.975 1.33391 154.757
101 5.025 1.31026 158.912
102 5.075 1.30776 163.142
103 5.125 1.29184 167.404
104 5.175 1.2774 171.7
105 5.225 1.33146 176.265
106 5.275 1.29775 180.8
107 5.325 1.24857 185.246
108 5.375 1.24715 189.771
109 5.425 1.26925 194.462
110 5.475 1.27506 199.262
111 5.525 1.25926 204.09
112 5.575 1.27392 209.062
113 5.625 1.22086 213.914
114 5.675 1.26249 219.02
115 5.725 1.22778 224.074
116 5.775 1.20542 229.122
117 5.825 1.22852 234.357
118 5.875 1.23856 239.726
119 5.925 1.24921 245.234
120 5.975 1.21027 250.66
121 6.025 1.20316 256.145
122 6.075 1.18262 261.626
123 6.125 1.18037 267.187
124 6.175 1.15716 272.729
125 6.225 1.19541 278.546
126 6.275 1.1729 284.346
127 6.325 1.17508 290.25
128 6.375 1.20105 296.38
129 6.425 1.17977 302.496
130 6.475 1.17302 308.672
131 6.525 1.15955 314.872
132 6.575 1.17629 321.259
133 6.625 1.14681 327.58
134 6.675 1.13751 333.945
135 6.725 1.12814 340.352
136 6.775 1.13432 346.891
137 6.825 1.13614 353.537
138 6.875 1.1142 360.151
139 6.925 1.13241 366.971
140 6.975 1.12626 373.852
141 7.025 1.11613 380.77
142 7.075 1.10519 387.717
143 7.125 1.08365 394.626
144 7.175 1.13124 401.94
145 7.225 1.10363 409.175
146 7.275 1.0887 416.411
147 7.325 1.12267 423.976
148 7.375 1.08591 431.394
149 7.425 1.0939 438.968
150 7.475 1.09784 446.671
151 7.525 1.05166 454.15
152 7.575 1.09385 462.033
153 7.625 1.05422 469.73
154 7.675 1.09139 477.804
155 7.725 1.06063 485.753
156 7.775 1.06069 493.805
157 7.825 1.06978 502.031
158 7.875 1.0519 510.224
159 7.925 1.03043 518.351
160 7.975 1.06497 526.858
161 8.025 1.05143 535.361
162 8.075 1.05127 543.97
163 8.125 1.05843 552.745
164 8.175 1.03956 561.47
165 8.225 1.02299 570.161
166 8.275 1.03915 579.097
167 8.325 1.03734 588.126
168 8.375 1.01406 597.059
169 8.425 0.999395 605.967
170 8.475 1.05014 615.44
171 8.525 1.04128 624.944
172 8.575 0.996141 634.142
173 8.625 0.992653 643.416
174 8.675 0.993808 652.809
175 8.725 1.03357 662.69
176 8.775 0.994942 672.311
177 8.825 0.993668 682.03
178 8.875 1.0098 692.019
179 8.925 0.98727 701.895
180 8.975 0.9936 711.946
181 9.025 0.999119 722.166
182 9.075 0.992974 732.436
183 9.125 1.0071 742.967
184 9.175 0.96447 753.164
185 9.225 0.985272 763.694
186 9.275 0.972248 774.197
187 9.325 0.974098 784.835
188 9.375 0.970983 795.552
189 9.425 0.965638 806.325
190 9.475 0.965452 817.21
191 9.525 0.961596 828.166
192 9.575 0.959613 839.215
193 9.625 0.973091 850.536
194 9.675 0.946046 861.657
195 9.725 0.963496 873.101
196 9.775 0.942518 884.411
197 9.825 0.963264 896.089
198 9.875 0.970988 907.98
199 9.925 0.973759 920.026
200 9.975 0.945315 931.839
5764 200
1 0.025 0 0
2 0.075 0 0
3 0.125 0 0
4 0.175 0 0
5 0.225 0 0
6 0.275 0 0
7 0.325 0 0
8 0.375 0 0
9 0.425 0 0
10 0.475 0 0
11 0.525 0 0
12 0.575 0 0
13 0.625 0 0
14 0.675 0 0
15 0.725 0 0
16 0.775 0 0
17 0.825 0 0
18 0.875 0 0
19 0.925 0.116301 0.0125
20 0.975 1.02587 0.135
21 1.025 2.66161 0.48625
22 1.075 3.84071 1.04375
23 1.125 4.08096 1.6925
24 1.175 3.6618 2.3275
25 1.225 2.87825 2.87
26 1.275 2.49779 3.38
27 1.325 2.46591 3.92375
28 1.375 1.90032 4.375
29 1.425 1.93595 4.86875
30 1.475 1.7246 5.34
31 1.525 1.62193 5.81375
32 1.575 1.31196 6.2225
33 1.625 1.49631 6.71875
34 1.675 1.44379 7.2275
35 1.725 1.54862 7.80625
36 1.775 1.44681 8.37875
37 1.825 1.47919 8.9975
38 1.875 1.67597 9.7375
39 1.925 1.68942 10.5238
40 1.975 1.80144 11.4063
41 2.025 1.83008 12.3488
42 2.075 1.7915 13.3175
43 2.125 1.81398 14.3463
44 2.175 1.80518 15.4188
45 2.225 1.82549 16.5538
46 2.275 1.87113 17.77
47 2.325 1.73813 18.95
48 2.375 1.76629 20.2012
49 2.425 1.63497 21.4087
50 2.475 1.61833 22.6537
51 2.525 1.622 23.9525
52 2.575 1.55362 25.2462
53 2.625 1.60911 26.6387
54 2.675 1.60933 28.085
55 2.725 1.60979 29.5862
56 2.775 1.61305 31.1462
57 2.825 1.50158 32.6512
58 2.875 1.54494 34.255
59 2.925 1.58099 35.9537
60 2.975 1.53954 37.665
61 3.025 1.58587 39.4875
62 3.075 1.55577 41.335
63 3.125 1.58181 43.275
64 3.175 1.5936 45.2925
65 3.225 1.54361 47.3087
66 3.275 1.5618 49.4125
67 3.325 1.59351 51.625
68 3.375 1.56062 53.8575
69 3.425 1.58157 56.1875
70 3.475 1.46962 58.4162
71 3.525 1.49631 60.7512
72 3.575 1.47734 63.1225
73 3.625 1.46262 65.5362
74 3.675 1.43783 67.975
75 3.725 1.45185 70.505
76 3.775 1.42413 73.0537
77 3.825 1.48646 75.785
78 3.875 1.44901 78.5175
79 3.925 1.49891 81.4175
80 3.975 1.48348 84.3612
81 4.025 1.46344 87.3387
82 4.075 1.44633 90.355
83 4.125 1.45711 93.4687
84 4.175 1.42128 96.58
85 4.225 1.41572 99.7537
86 4.275 1.39913 102.965
87 4.325 1.40156 106.257
88 4.375 1.33382 109.464
89 4.425 1.40094 112.909
90 4.475 1.3708 116.356
91 4.525 1.4063 119.972
92 4.575 1.36479 123.56
93 4.625 1.33824 127.155
94 4.675 1.36532 130.902
95 4.725 1.33391 134.642
96 4.775 1.36243 138.544
97 4.825 1.36726 142.541
98 4.875 1.33685 146.531
99 4.925 1.33856 150.609
100 4.975 1.32828 154.737
101 5.025 1.32484 158.939
102 5.075 1.30041 163.145
103 5.125 1.29411 167.414
104 5.175 1.27777 171.711
105 5.225 1.33765 176.298
106 5.275 1.29131 180.81
107 5.325 1.25419 185.276
108 5.375 1.23647 189.763
109 5.425 1.27568 194.478
110 5.475 1.27971 199.295
111 5.525 1.25405 204.103
112 5.575 1.26528 209.041
113 5.625 1.22244 213.899
114 5.675 1.26064 218.998
115 5.725 1.23143 224.066
116 5.775 1.22422 229.194
117 5.825 1.21415 234.368
118 5.875 1.23856 239.736
119 5.925 1.24326 245.218
120 5.975 1.21641 250.671
121 6.025 1.20014 256.143
122 6.075 1.19179 261.666
123 6.125 1.1695 267.176
124 6.175 1.15846 272.724
125 6.225 1.20389 278.583
126 6.275 1.1547 284.293
127 6.325 1.18528 290.248
128 6.375 1.20105 296.377
129 6.425 1.18508 302.521
130 6.475 1.17967 308.733
131 6.525 1.14365 314.848
132 6.575 1.18158 321.263
133 6.625 1.1527 327.616
134 6.675 1.12768 333.926
135 6.725 1.1343 340.369
136 6.775 1.12955 346.88
137 6.825 1.14276 353.565
138 6.875 1.11272 360.17
139 6.925 1.12224 366.929
140 6.975 1.13567 373.868
141 7.025 1.10948 380.744
142 7.075 1.10817 387.71
143 7.125 1.09228 394.674
144 7.175 1.12274 401.933
145 7.225 1.10763 409.194
146 7.275 1.09472 416.47
147 7.325 1.11303 423.97
148 7.375 1.08957 431.413
149 7.425 1.09516 438.995
150 7.475 1.09945 446.71
151 7.525 1.04498 454.141
152 7.575 1.09732 462.049
153 7.625 1.05199 469.73
154 7.675 1.09139 477.804
155 7.725 1.06379 485.776
156 7.775 1.05394 493.778
157 7.825 1.08116 502.091
158 7.875 1.04869 510.259
159 7.925 1.03439 518.418
160 7.975 1.05261 526.825
161 8.025 1.04989 535.316
162 8.075 1.05921 543.99
163 8.125 1.05194 552.711
164 8.175 1.05148 561.536
165 8.225 1.01446 570.155
166 8.275 1.03712 579.074
167 8.325 1.0405 588.13
168 8.375 1.01463 597.068
169 8.425 1.0008 605.989
170 8.475 1.05 615.46
171 8.525 1.03772 624.931
172 8.575 0.991133 634.084
173 8.625 1.00603 643.483
174 8.675 0.989047 652.83
175 8.725 1.03083 662.685
176 8.775 0.999337 672.349
177 8.825 0.999036 682.12
178 8.875 1.00171 692.029
179 8.925 0.982772 701.86
180 8.975 1.00126 711.989
181 9.025 1.00156 722.234
182 9.075 0.987535 732.448
183 9.125 1.00436 742.95
184 9.175 0.969791 753.203
185 9.225 0.984103 763.72
186 9.275 0.968777 774.186
187 9.325 0.975013 784.834
188 9.375 0.972795 795.571
189 9.425 0.967543 806.365
190 9.475 0.961461 817.205
191 9.525 0.965107 828.201
192 9.575 0.958528 839.238
193 9.625 0.968901 850.51
194 9.675 0.954659 861.733
195 9.725 0.962443 873.164
196 9.775 0.943456 884.485
197 9.825 0.954294 896.054
198 9.875 0.982624 908.088
199 9.925 0.969717 920.084
200 9.975 0.936513 931.786
5765 200
1 0.025 0 0
2 0.075 0 0
3 0.125 0 0
4 0.175 0 0
5 0.225 0 0
6 0.275 0 0
7 0.325 0 0
8 0.375 0 0
9 0.425 0 0
10 0.475 0 0
11 0.525 0 0
12 0.575 0 0
13 0.625 0 0
14 0.675 0 0
15 0.725 0 0
16 0.775 0 0
17 0.825 0 0
18 0.875 0.0129968 0.00125
19 0.925 0.0930406 0.01125
20 0.975 1.06774 0.13875
21 1.025 2.64266 0.4875
22 1.075 3.84932 1.04625
23 1.125 3.94729 1.67375
24 1.175 3.81317 2.335
25 1.225 2.90478 2.8825
26 1.275 2.46106 3.385
27 1.325 2.44891 3.925
28 1.375 1.87926 4.37125
29 1.425 1.94085 4.86625
30 1.475 1.75204 5.345
31 1.525 1.57486 5.805
32 1.575 1.36412 6.23
33 1.625 1.534 6.73875
34 1.675 1.41186 7.23625
35 1.725 1.53189 7.80875
36 1.775 1.41206 8.3675
37 1.825 1.52999 9.0075
38 1.875 1.65615 9.73875
39 1.925 1.61958 10.4925
40 1.975 1.84481 11.3963
41 2.025 1.8228 12.335
42 2.075 1.83079 13.325
43 2.125 1.79194 14.3413
44 2.175 1.83674 15.4325
45 2.225 1.76115 16.5275
46 2.275 1.85959 17.7362
47 2.325 1.76574 18.935
48 2.375 1.80688 20.215
49 2.425 1.61128 21.405
50 2.475 1.65407 22.6775
51 2.525 1.5939 23.9538
52 2.575 1.55212 25.2463
53 2.625 1.625 26.6525
54 2.675 1.58986 28.0813
55 2.725 1.63794 29.6088
56 2.775 1.58074 31.1375
57 2.825 1.50533 32.6463
58 2.875 1.563 34.2688
59 2.925 1.5647 35.95
60 2.975 1.55416 37.6775
61 3.025 1.56194 39.4725
62 3.075 1.59788 41.37
63 3.125 1.57162 43.2975
64 3.175 1.57681 45.2938
65 3.225 1.52351 47.2838
66 3.275 1.59057 49.4263
67 3.325 1.571 51.6075
68 3.375 1.59645 53.8913
69 3.425 1.57224 56.2075
70 3.475 1.45891 58.42
71 3.525 1.47549 60.7225
72 3.575 1.47812 63.095
73 3.625 1.4558 65.4975
74 3.675 1.4732 67.9963
75 3.725 1.43966 70.505
76 3.775 1.42971 73.0638
77 3.825 1.4851 75.7925
78 3.875 1.44835 78.5238
79 3.925 1.49503 81.4163
80 3.975 1.47466 84.3425
81 4.025 1.45853 87.31
82 4.075 1.45772 90.35
83 4.125 1.4419 93.4313
84 4.175 1.4544 96.615
85 4.225 1.38059 99.71
86 4.275 1.40948 102.945
87 4.325 1.40901 106.255
88 4.375 1.33226 109.458
89 4.425 1.40806 112.92
90 4.475 1.37677 116.383
91 4.525 1.40241 119.989
92 4.575 1.34672 123.529
93 4.625 1.36057 127.184
94 4.675 1.35622 130.906
95 4.725 1.34728 134.684
96 4.775 1.35763 138.571
97 4.825 1.35486 142.533
98 4.875 1.33475 146.516
99 4.925 1.33569 150.585
100 4.975 1.3319 154.725
101 5.025 1.34219 158.981
102 5.075 1.29887 163.183
103 5.125 1.28539 167.423
104 5.175 1.27666 171.716
105 5.225 1.32744 176.268
106 5.275 1.29668 180.799
107 5.325 1.26823 185.315
108 5.375 1.23751 189.805
109 5.425 1.25843 194.456
110 5.475 1.27274 199.248
111 5.525 1.26546 204.099
112 5.575 1.25119 208.983
113 5.625 1.23628 213.895
114 5.675 1.27146 219.038
115 5.725 1.22414 224.076
116 5.775 1.23288 229.24
117 5.825 1.19127 234.316
118 5.875 1.25182 239.743
119 5.925 1.23249 245.176
120 5.975 1.22338 250.661
121 6.025 1.20288 256.145
122 6.075 1.19907 261.703
123 6.125 1.15437 267.141
124 6.175 1.17152 272.751
125 6.225 1.19258 278.555
126 6.275 1.16127 284.298
127 6.325 1.19249 290.289
128 6.375 1.19002 296.363
129 6.425 1.1899 302.531
130 6.475 1.17587 308.723
131 6.525 1.14599 314.85
132 6.575 1.1832 321.274
133 6.625 1.15656 327.649
134 6.675 1.11249 333.874
135 6.725 1.15411 340.429
136 6.775 1.1148 346.855
137 6.825 1.1402 353.525
138 6.875 1.11672 360.154
139 6.925 1.12577 366.934
140 6.975 1.13117 373.845
141 7.025 1.11392 380.749
142 7.075 1.11672 387.769
143 7.125 1.09208 394.731
144 7.175 1.10379 401.868
145 7.225 1.11659 409.188
146 7.275 1.09942 416.495
147 7.325 1.11099 423.981
148 7.375 1.08536 431.395
149 7.425 1.10564 439.05
150 7.475 1.08519 446.665
151 7.525 1.05693 454.181
152 7.575 1.08743 462.018
153 7.625 1.06141 469.768
154 7.675 1.08192 477.771
155 7.725 1.06229 485.733
156 7.775 1.06481 493.816
157 7.825 1.07205 502.06
158 7.875 1.05624 510.286
159 7.925 1.03994 518.489
160 7.975 1.04791 526.859
161 8.025 1.04989 535.35
162 8.075 1.0528 543.971
163 8.125 1.05194 552.693
164 8.175 1.05177 561.52
165 8.225 1.02137 570.198
166 8.275 1.03537 579.101
167 8.325 1.03892 588.144
168 8.375 1.01335 597.07
169 8.425 1.01103 606.083
170 8.475 1.04141 615.476
171 8.525 1.03977 624.966
172 8.575 0.991268 634.12
173 8.625 1.00563 643.515
174 8.675 0.993676 652.906
175 8.725 1.02743 662.729
176 8.775 0.99171 672.319
177 8.825 0.997886 682.079
178 8.875 1.01346 692.104
179 8.925 0.977774 701.885
180 8.975 1.00608 712.063
181 9.025 0.997774 722.269
182 9.075 0.987052 732.478
183 9.125 1.00161 742.951
184 9.175 0.973457 753.243
185 9.225 0.980828 763.725
186 9.275 0.971438 774.22
187 9.325 0.975357 784.871
188 9.375 0.972682 795.608
189 9.425 0.969448 806.423
190 9.475 0.955806 817.199
191 9.525 0.969385 828.244
192 9.575 0.956682 839.259
193 9.625 0.968901 850.531
194 9.675 0.956999 861.781
195 9.725 0.964443 873.236
196 9.775 0.942102 884.541
197 9.825 0.961511 896.198
198 9.875 0.970172 908.079
199 9.925 0.978306 920.181
200 9.975 0.931911 931.826
5766 200
1 0.025 0 0
2 0.075 0 0
3 0.125 0 0
4 0.175 0 0
5 0.225 0 0
6 0.275 0 0
7 0.325 0 0
8 0.375 0 0
9 0.425 0 0
10 0.475 0 0
11 0.525 0 0
12 0.575 0 0
13 0.625 0 0
14 0.675 0 0
15 0.725 0 0
16 0.775 0 0
17 0.825 0 0
18 0.875 0.0129968 0.00125
19 0.925 0.0814105 0.01
20 0.975 1.10962 0.1425
21 1.025 2.62372 0.48875
22 1.075 3.78904 1.03875
23 1.125 4.03378 1.68
24 1.175 3.81317 2.34125
25 1.225 2.89815 2.8875
26 1.275 2.37535 3.3725
27 1.325 2.48859 3.92125
28 1.375 1.90558 4.37375
29 1.425 1.89184 4.85625
30 1.475 1.79321 5.34625
31 1.525 1.57914 5.8075
32 1.575 1.35208 6.22875
33 1.625 1.52269 6.73375
34 1.675 1.44379 7.2425
35 1.725 1.4951 7.80125
36 1.775 1.44997 8.375
37 1.825 1.52401 9.0125
38 1.875 1.62501 9.73
39 1.925 1.63301 10.49
40 1.975 1.83206 11.3875
41 2.025 1.81552 12.3225
42 2.075 1.83079 13.3125
43 2.125 1.82721 14.3487
44 2.175 1.79887 15.4175
45 2.225 1.77925 16.5237
46 2.275 1.86152 17.7337
47 2.325 1.78784 18.9475
48 2.375 1.77688 20.2062
49 2.425 1.61974 21.4025
50 2.475 1.67519 22.6912
51 2.525 1.57985 23.9562
52 2.575 1.5311 25.2312
53 2.625 1.63366 26.645
54 2.675 1.60098 28.0837
55 2.725 1.62856 29.6025
56 2.775 1.58979 31.14
57 2.825 1.52279 32.6662
58 2.875 1.55337 34.2787
59 2.925 1.57168 35.9675
60 2.975 1.55978 37.7012
61 3.025 1.53149 39.4612
62 3.075 1.59893 41.36
63 3.125 1.58385 43.3025
64 3.175 1.57484 45.2962
65 3.225 1.52064 47.2825
66 3.275 1.57572 49.405
67 3.325 1.5629 51.575
68 3.375 1.62528 53.9
69 3.425 1.56206 56.2013
70 3.475 1.4622 58.4188
71 3.525 1.47228 60.7163
72 3.575 1.49836 63.1213
73 3.625 1.4255 65.4738
74 3.675 1.48352 67.99
75 3.725 1.44181 70.5025
76 3.775 1.42273 73.0488
77 3.825 1.49122 75.7888
78 3.875 1.45962 78.5413
79 3.925 1.47436 81.3938
80 3.975 1.47025 84.3113
81 4.025 1.47757 87.3175
82 4.075 1.44813 90.3375
83 4.125 1.43722 93.4088
84 4.175 1.46011 96.605
85 4.225 1.38059 99.7
86 4.275 1.41111 102.939
87 4.325 1.40581 106.241
88 4.375 1.3411 109.465
89 4.425 1.41263 112.939
90 4.475 1.37031 116.385
91 4.525 1.41068 120.013
92 4.575 1.32342 123.491
93 4.625 1.3736 127.181
94 4.675 1.3462 130.876
95 4.725 1.35486 134.675
96 4.775 1.37378 138.609
97 4.825 1.35273 142.564
98 4.875 1.32009 146.504
99 4.925 1.34472 150.6
100 4.975 1.32265 154.711
101 5.025 1.3343 158.943
102 5.075 1.31239 163.188
103 5.125 1.30207 167.483
104 5.175 1.26737 171.745
105 5.225 1.33073 176.308
106 5.275 1.27986 180.78
107 5.325 1.27033 185.304
108 5.375 1.23957 189.801
109 5.425 1.26316 194.47
110 5.475 1.27905 199.285
111 5.525 1.2697 204.153
112 5.575 1.24286 209.004
113 5.625 1.22936 213.889
114 5.675 1.26929 219.022
115 5.725 1.23325 224.099
116 5.775 1.23258 229.261
117 5.825 1.19596 234.357
118 5.875 1.23942 239.73
119 5.925 1.23787 245.187
120 5.975 1.2125 250.624
121 6.025 1.21001 256.14
122 6.075 1.20986 261.748
123 6.125 1.15252 267.178
124 6.175 1.1663 272.762
125 6.225 1.19515 278.579
126 6.275 1.15824 284.306
127 6.325 1.19672 290.319
128 6.375 1.18096 296.346
129 6.425 1.18966 302.514
130 6.475 1.18109 308.733
131 6.525 1.1495 314.879
132 6.575 1.1832 321.303
133 6.625 1.14749 327.627
134 6.675 1.11897 333.889
135 6.725 1.16424 340.501
136 6.775 1.10418 346.866
137 6.825 1.14939 353.59
138 6.875 1.10304 360.138
139 6.925 1.12805 366.931
140 6.975 1.13281 373.853
141 7.025 1.11714 380.776
142 7.075 1.10857 387.745
143 7.125 1.10247 394.774
144 7.175 1.09644 401.863
145 7.225 1.11717 409.186
146 7.275 1.10562 416.535
147 7.325 1.10969 424.013
148 7.375 1.07786 431.375
149 7.425 1.11232 439.076
150 7.475 1.07914 446.649
151 7.525 1.07856 454.319
152 7.575 1.07044 462.033
153 7.625 1.05918 469.766
154 7.675 1.08666 477.805
155 7.725 1.06496 485.786
156 7.775 1.05954 493.83
157 7.825 1.06961 502.055
158 7.875 1.05238 510.251
159 7.925 1.04517 518.495
160 7.975 1.04353 526.83
161 8.025 1.05205 535.339
162 8.075 1.05814 544.004
163 8.125 1.05164 552.723
164 8.175 1.05028 561.538
165 8.225 1.0171 570.179
166 8.275 1.0425 579.144
167 8.325 1.03016 588.11
168 8.375 1.02314 597.123
169 8.425 1.00627 606.093
170 8.475 1.04127 615.485
171 8.525 1.03785 624.958
172 8.575 0.992893 634.126
173 8.625 1.0071 643.535
174 8.675 0.993412 652.924
175 8.725 1.02141 662.689
176 8.775 0.998303 672.343
177 8.825 0.997502 682.099
178 8.875 1.01068 692.096
179 8.925 0.983147 701.931
180 8.975 1.0025 712.073
181 9.025 1.0034 722.336
182 9.075 0.983668 732.51
183 9.125 1.00017 742.969
184 9.175 0.968963 753.213
185 9.225 0.984336 763.733
186 9.275 0.978612 774.305
187 9.325 0.973754 784.939
188 9.375 0.973927 795.689
189 9.425 0.964742 806.451
190 9.475 0.959243 817.266
191 9.525 0.966533 828.279
192 9.575 0.957116 839.299
193 9.625 0.972124 850.609
194 9.675 0.957211 861.861
195 9.725 0.957918 873.239
196 9.775 0.94481 884.576
197 9.825 0.961202 896.229
198 9.875 0.972213 908.135
199 9.925 0.968303 920.114
200 9.975 0.943615 931.905
5767 200
1 0.025 0 0
2 0.075 0 0
3 0.125 0 0
4 0.175 0 0
5 0.225 0 0
6 0.275 0 0
7 0.325 0 0
8 0.375 0 0
9 0.425 0 0
10 0.475 0 0
11 0.525 0 0
12 0.575 0 0
13 0.625 0 0
14 0.675 0 0
15 0.725 0 0
16 0.775 0 0
17 0.825 0 0
18 0.875 0.0129968 0.00125
19 0.925 0.0581504 0.0075
20 0.975 1.15149 0.145
21 1.025 2.529 0.47875
22 1.075 3.92682 1.04875
23 1.125 3.96301 1.67875
24 1.175 3.82759 2.3425
25 1.225 2.81857 2.87375
26 1.275 2.44269 3.3725
27 1.325 2.44324 3.91125
28 1.375 1.94243 4.3725
29 1.425 1.89674 4.85625
30 1.475 1.80694 5.35
31 1.525 1.58342 5.8125
32 1.575 1.38017 6.2425
33 1.625 1.51515 6.745
34 1.675 1.38348 7.2325
35 1.725 1.50848 7.79625
36 1.775 1.51315 8.395
37 1.825 1.49114 9.01875
38 1.875 1.60802 9.72875
39 1.925 1.6357 10.49
40 1.975 1.83461 11.3887
41 2.025 1.80338 12.3175
42 2.075 1.83542 13.31
43 2.125 1.8206 14.3425
44 2.175 1.82622 15.4275
45 2.225 1.7692 16.5275
46 2.275 1.83075 17.7175
47 2.325 1.81177 18.9475
48 2.375 1.73277 20.175
49 2.425 1.64343 21.3888
50 2.475 1.68007 22.6813
51 2.525 1.58297 23.9488
52 2.575 1.54611 25.2363
53 2.625 1.61055 26.63
54 2.675 1.60377 28.0713
55 2.725 1.6433 29.6038
56 2.775 1.56264 31.115
57 2.825 1.53276 32.6513
58 2.875 1.56902 34.28
59 2.925 1.53911 35.9338
60 2.975 1.59464 37.7063
61 3.025 1.52279 39.4563
62 3.075 1.61577 41.375
63 3.125 1.55225 43.2788
64 3.175 1.58866 45.29
65 3.225 1.53117 47.29
66 3.275 1.56644 49.4
67 3.325 1.5665 51.575
68 3.375 1.61917 53.8912
69 3.425 1.56206 56.1925
70 3.475 1.47292 58.4263
71 3.525 1.45306 60.6938
72 3.575 1.5046 63.1088
73 3.625 1.42929 65.4675
74 3.675 1.50047 68.0125
75 3.725 1.42603 70.4975
76 3.775 1.42063 73.04
77 3.825 1.49122 75.78
78 3.875 1.46691 78.5463
79 3.925 1.47629 81.4025
80 3.975 1.47718 84.3338
81 4.025 1.49048 87.3663
82 4.075 1.43494 90.3588
83 4.125 1.43313 93.4213
84 4.175 1.44469 96.5838
85 4.225 1.38784 99.695
86 4.275 1.4073 102.925
87 4.325 1.39943 106.213
88 4.375 1.36086 109.484
89 4.425 1.39637 112.918
90 4.475 1.38472 116.4
91 4.525 1.42332 120.06
92 4.575 1.32057 123.531
93 4.625 1.35824 127.18
94 4.675 1.33618 130.847
95 4.725 1.36021 134.661
96 4.775 1.38819 138.636
97 4.825 1.33862 142.55
98 4.875 1.33559 146.536
99 4.925 1.32913 150.585
100 4.975 1.33552 154.736
101 5.025 1.32918 158.951
102 5.075 1.30814 163.183
103 5.125 1.29222 167.445
104 5.175 1.27852 171.745
105 5.225 1.32562 176.29
106 5.275 1.29203 180.805
107 5.325 1.26191 185.299
108 5.375 1.25198 189.841
109 5.425 1.25741 194.489
110 5.475 1.28004 199.307
111 5.525 1.26318 204.15
112 5.575 1.23966 208.989
113 5.625 1.241 213.92
114 5.675 1.26342 219.03
115 5.725 1.23264 224.104
116 5.775 1.23974 229.296
117 5.825 1.19332 234.381
118 5.875 1.23914 239.752
119 5.925 1.23617 245.202
120 5.975 1.20665 250.612
121 6.025 1.20014 256.084
122 6.075 1.22011 261.739
123 6.125 1.16286 267.217
124 6.175 1.15585 272.752
125 6.225 1.19926 278.589
126 6.275 1.16582 284.354
127 6.325 1.19125 290.339
128 6.375 1.17949 296.359
129 6.425 1.19641 302.561
130 6.475 1.16447 308.692
131 6.525 1.16353 314.914
132 6.575 1.17928 321.316
133 6.625 1.14341 327.619
134 6.675 1.12143 333.894
135 6.725 1.1638 340.504
136 6.775 1.10787 346.89
137 6.825 1.15131 353.625
138 6.875 1.09503 360.125
139 6.925 1.12868 366.923
140 6.975 1.12421 373.791
141 7.025 1.13086 380.8
142 7.075 1.10519 387.748
143 7.125 1.11228 394.839
144 7.175 1.09644 401.928
145 7.225 1.11259 409.221
146 7.275 1.10638 416.575
147 7.325 1.10264 424.005
148 7.375 1.08774 431.435
149 7.425 1.10094 439.058
150 7.475 1.08413 446.665
151 7.525 1.07908 454.339
152 7.575 1.06714 462.029
153 7.625 1.06706 469.82
154 7.675 1.0853 477.849
155 7.725 1.06129 485.803
156 7.775 1.06333 493.875
157 7.825 1.05596 501.995
158 7.875 1.05736 510.23
159 7.925 1.05896 518.582
160 7.975 1.03617 526.859
161 8.025 1.05359 535.38
162 8.075 1.05631 544.03
163 8.125 1.05255 552.756
164 8.175 1.05177 561.584
165 8.225 1.01416 570.2
166 8.275 1.04729 579.206
167 8.325 1.02412 588.12
168 8.375 1.02087 597.113
169 8.425 1.01973 606.203
170 8.475 1.02866 615.481
171 8.525 1.03854 624.96
172 8.575 0.999255 634.188
173 8.625 1.00162 643.545
174 8.675 0.995528 652.954
175 8.725 1.02154 662.72
176 8.775 1.00231 672.413
177 8.825 0.990218 682.097
178 8.875 1.00778 692.066
179 8.925 0.991769 701.987
180 8.975 0.997925 712.082
181 9.025 1.00266 722.339
182 9.075 0.990677 732.585
183 9.125 0.985827 742.894
184 9.175 0.974166 753.193
185 9.225 0.994512 763.821
186 9.275 0.972017 774.323
187 9.325 0.971465 784.931
188 9.375 0.976419 795.709
189 9.425 0.962725 806.449
190 9.475 0.970219 817.388
191 9.525 0.959182 828.316
192 9.575 0.954619 839.308
193 9.625 0.97062 850.6
194 9.675 0.961571 861.904
195 9.725 0.949709 873.184
196 9.775 0.950748 884.593
197 9.825 0.965739 896.3
198 9.875 0.96711 908.144
199 9.925 0.965373 920.086
200 9.975 0.947616 931.928
5768 200
1 0.025 0 0
2 0.075 0 0
3 0.125 0 0
4 0.175 0 0
5 0.225 0 0
6 0.275 0 0
7 0.325 0 0
8 0.375 0 0
9 0.425 0 0
10 0.475 0 0
11 0.525 0 0
12 0.575 0 0
13 0.625 0 0
14 0.675 0 0
15 0.725 0 0
16 0.775 0 0
17 0.825 0 0
18 0.875 0 0
19 0.925 0.0581504 0.00625
20 0.975 1.12009 0.14
21 1.025 2.53847 0.475
22 1.075 3.97849 1.0525
23 1.125 3.86866 1.6675
24 1.175 3.86363 2.3375
25 1.225 2.91141 2.88625
26 1.275 2.44881 3.38625
27 1.325 2.36387 3.9075
28 1.375 1.91611 4.3625
29 1.425 1.89674 4.84625
30 1.475 1.79321 5.33625
31 1.525 1.62621 5.81125
32 1.575 1.39622 6.24625
33 1.625 1.49254 6.74125
34 1.675 1.39413 7.2325
35 1.725 1.51851 7.8
36 1.775 1.46261 8.37875
37 1.825 1.52401 9.01625
38 1.875 1.63067 9.73625
39 1.925 1.63033 10.495
40 1.975 1.80654 11.38
41 2.025 1.81067 12.3125
42 2.075 1.84929 13.3125
43 2.125 1.84264 14.3575
44 2.175 1.8115 15.4337
45 2.225 1.75512 16.525
46 2.275 1.8269 17.7125
47 2.325 1.81914 18.9475
48 2.375 1.75394 20.19
49 2.425 1.62312 21.3887
50 2.475 1.66869 22.6725
51 2.525 1.59702 23.9512
52 2.575 1.54611 25.2387
53 2.625 1.59755 26.6212
54 2.675 1.60516 28.0637
55 2.725 1.62856 29.5825
56 2.775 1.57945 31.11
57 2.825 1.53401 32.6475
58 2.875 1.57625 34.2837
59 2.925 1.53678 35.935
60 2.975 1.60589 37.72
61 3.025 1.51844 39.465
62 3.075 1.59893 41.3637
63 3.125 1.57671 43.2975
64 3.175 1.55608 45.2675
65 3.225 1.56084 47.3062
66 3.275 1.52097 49.355
67 3.325 1.5809 51.55
68 3.375 1.648 53.9075
69 3.425 1.55866 56.2037
70 3.475 1.46715 58.4287
71 3.525 1.46267 60.7112
72 3.575 1.4859 63.0962
73 3.625 1.43914 65.4712
74 3.675 1.4931 68.0037
75 3.725 1.44253 70.5175
76 3.775 1.41714 73.0537
77 3.825 1.47354 75.7612
78 3.875 1.47619 78.545
79 3.925 1.49374 81.435
80 3.975 1.45892 84.33
81 4.025 1.48433 87.35
82 4.075 1.43854 90.35
83 4.125 1.43371 93.4137
84 4.175 1.44069 96.5675
85 4.225 1.40233 99.7112
86 4.275 1.38661 102.894
87 4.325 1.41858 106.226
88 4.375 1.36034 109.496
89 4.425 1.38671 112.906
90 4.475 1.38273 116.384
91 4.525 1.42672 120.052
92 4.575 1.34292 123.582
93 4.625 1.33963 127.181
94 4.675 1.35895 130.911
95 4.725 1.35085 134.699
96 4.775 1.38382 138.661
97 4.825 1.3352 142.565
98 4.875 1.33182 146.54
99 4.925 1.33077 150.594
100 4.975 1.32145 154.701
101 5.025 1.33549 158.936
102 5.075 1.31394 163.186
103 5.125 1.2979 167.467
104 5.175 1.26885 171.735
105 5.225 1.32052 176.262
106 5.275 1.29811 180.799
107 5.325 1.26156 185.291
108 5.375 1.25542 189.846
109 5.425 1.25403 194.481
110 5.475 1.28004 199.3
111 5.525 1.25763 204.121
112 5.575 1.25759 209.03
113 5.625 1.23942 213.955
114 5.675 1.25786 219.042
115 5.725 1.23507 224.126
116 5.775 1.23348 229.292
117 5.825 1.20652 234.434
118 5.875 1.21895 239.717
119 5.925 1.24439 245.204
120 5.975 1.2047 250.605
121 6.025 1.19274 256.042
122 6.075 1.22281 261.71
123 6.125 1.16445 267.196
124 6.175 1.15873 272.745
125 6.225 1.21159 278.641
126 6.275 1.15419 284.349
127 6.325 1.19473 290.351
128 6.375 1.1817 296.382
129 6.425 1.19255 302.565
130 6.475 1.16803 308.715
131 6.525 1.15745 314.904
132 6.575 1.18181 321.32
133 6.625 1.14522 327.632
134 6.675 1.13751 333.997
135 6.725 1.14619 340.507
136 6.775 1.11329 346.925
137 6.825 1.14682 353.634
138 6.875 1.08619 360.081
139 6.925 1.13553 366.92
140 6.975 1.12565 373.797
141 7.025 1.13449 380.829
142 7.075 1.10002 387.744
143 7.125 1.11522 394.854
144 7.175 1.09238 401.916
145 7.225 1.11812 409.246
146 7.275 1.1013 416.566
147 7.325 1.10394 424.005
148 7.375 1.09762 431.502
149 7.425 1.09047 439.053
150 7.475 1.07807 446.618
151 7.525 1.08049 454.301
152 7.575 1.06749 461.994
153 7.625 1.07818 469.866
154 7.675 1.07821 477.842
155 7.725 1.05829 485.774
156 7.775 1.06415 493.852
157 7.825 1.06425 502.036
158 7.875 1.05543 510.256
159 7.925 1.05896 518.609
160 7.975 1.0321 526.852
161 8.025 1.06874 535.496
162 8.075 1.0499 544.094
163 8.125 1.04456 552.754
164 8.175 1.05058 561.571
165 8.225 1.02446 570.275
166 8.275 1.05253 579.326
167 8.325 1.00301 588.056
168 8.375 1.03237 597.15
169 8.425 1.02646 606.3
170 8.475 1.02145 615.514
171 8.525 1.03087 624.922
172 8.575 1.01414 634.287
173 8.625 0.998541 643.616
174 8.675 0.995925 653.029
175 8.725 1.01736 662.755
176 8.775 1.00141 672.439
177 8.825 0.983828 682.061
178 8.875 1.01384 692.09
179 8.925 0.994518 702.039
180 8.975 0.987916 712.032
181 9.025 1.01256 722.39
182 9.075 0.984151 732.569
183 9.125 0.989892 742.92
184 9.175 0.968963 753.164
185 9.225 0.996617 763.815
186 9.275 0.974099 774.339
187 9.325 0.970893 784.941
188 9.375 0.981515 795.775
189 9.425 0.958355 806.466
190 9.475 0.966006 817.357
191 9.525 0.972896 828.442
192 9.575 0.951037 839.392
193 9.625 0.964603 850.615
194 9.675 0.959125 861.89
195 9.725 0.953287 873.212
196 9.775 0.953456 884.654
197 9.825 0.964708 896.349
198 9.875 0.963639 908.15
199 9.925 0.962948 920.062
200 9.975 0.952518 931.965
5769 200
1 0.025 0 0
2 0.075 0 0
3 0.125 0 0
4 0.175 0 0
5 0.225 0 0
6 0.275 0 0
7 0.325 0 0
8 0.375 0 0
9 0.425 0 0
10 0.475 0 0
11 0.525 0 0
12 0.575 0 0
13 0.625 0 0
14 0.675 0 0
15 0.725 0 0
16 0.775 0 0
17 0.825 0 0
18 0.875 0 0
19 0.925 0.0697804 0.0075
20 0.975 1.05728 0.13375
21 1.025 2.58583 0.475
22 1.075 4.04738 1.0625
23 1.125 3.84507 1.67375
24 1.175 3.74829 2.32375
25 1.225 3.03079 2.895
26 1.275 2.40596 3.38625
27 1.325 2.31286 3.89625
28 1.375 2.01086 4.37375
29 1.425 1.85263 4.84625
30 1.475 1.81151 5.34125
31 1.525 1.61765 5.81375
32 1.575 1.40825 6.2525
33 1.625 1.485 6.745
34 1.675 1.40122 7.23875
35 1.725 1.4951 7.7975
36 1.775 1.49735 8.39
37 1.825 1.50608 9.02
38 1.875 1.59103 9.7225
39 1.925 1.6733 10.5013
40 1.975 1.78868 11.3775
41 2.025 1.83979 12.325
42 2.075 1.78687 13.2913
43 2.125 1.83382 14.3313
44 2.175 1.87461 15.445
45 2.225 1.77523 16.5488
46 2.275 1.78459 17.7088
47 2.325 1.83387 18.9538
48 2.375 1.70806 20.1638
49 2.425 1.69252 21.4138
50 2.475 1.60533 22.6488
51 2.525 1.60483 23.9338
52 2.575 1.58514 25.2538
53 2.625 1.59033 26.63
54 2.675 1.57316 28.0438
55 2.725 1.6366 29.57
56 2.775 1.58591 31.1038
57 2.825 1.54399 32.6513
58 2.875 1.57625 34.2875
59 2.925 1.5298 35.9313
60 2.975 1.61151 37.7225
61 3.025 1.53801 39.49
62 3.075 1.57156 41.3563
63 3.125 1.58079 43.295
64 3.175 1.56694 45.2788
65 3.225 1.53978 47.29
66 3.275 1.53953 49.3637
67 3.325 1.55929 51.5287
68 3.375 1.6681 53.915
69 3.425 1.54678 56.1937
70 3.475 1.47539 58.4312
71 3.525 1.45947 60.7087
72 3.575 1.49603 63.11
73 3.625 1.44368 65.4925
74 3.675 1.47542 67.995
75 3.725 1.45831 70.5362
76 3.775 1.42622 73.0887
77 3.825 1.44905 75.7512
78 3.875 1.50138 78.5825
79 3.925 1.48663 81.4587
80 3.975 1.45577 84.3475
81 4.025 1.46467 87.3275
82 4.075 1.44753 90.3462
83 4.125 1.43722 93.4175
84 4.175 1.4424 96.575
85 4.225 1.40066 99.715
86 4.275 1.36918 102.857
87 4.325 1.42869 106.214
88 4.375 1.37542 109.52
89 4.425 1.374 112.899
90 4.475 1.39814 116.415
91 4.525 1.40339 120.024
92 4.575 1.35005 123.572
93 4.625 1.33498 127.159
94 4.675 1.37216 130.925
95 4.725 1.34594 134.699
96 4.775 1.38993 138.679
97 4.825 1.33691 142.588
98 4.875 1.32596 146.545
99 4.925 1.31559 150.553
100 4.975 1.34598 154.736
101 5.025 1.32524 158.939
102 5.075 1.31007 163.176
103 5.125 1.3032 167.475
104 5.175 1.27257 171.755
105 5.225 1.30739 176.238
106 5.275 1.30598 180.801
107 5.325 1.26788 185.316
108 5.375 1.23751 189.806
109 5.425 1.27365 194.514
110 5.475 1.26278 199.268
111 5.525 1.27165 204.143
112 5.575 1.24927 209.019
113 5.625 1.241 213.95
114 5.675 1.26404 219.063
115 5.725 1.24084 224.17
116 5.775 1.22601 229.305
117 5.825 1.20975 234.46
118 5.875 1.21462 239.725
119 5.925 1.24241 245.203
120 5.975 1.20553 250.608
121 6.025 1.20069 256.081
122 6.075 1.21876 261.73
123 6.125 1.16074 267.199
124 6.175 1.15794 272.744
125 6.225 1.20491 278.608
126 6.275 1.16835 284.385
127 6.325 1.18951 290.361
128 6.375 1.18709 296.42
129 6.425 1.18556 302.566
130 6.475 1.17658 308.761
131 6.525 1.15371 314.93
132 6.575 1.17721 321.321
133 6.625 1.14794 327.649
134 6.675 1.14622 334.062
135 6.725 1.13364 340.501
136 6.775 1.11589 346.934
137 6.825 1.15409 353.685
138 6.875 1.08324 360.115
139 6.925 1.14051 366.984
140 6.975 1.11398 373.79
141 7.025 1.12803 380.781
142 7.075 1.10877 387.751
143 7.125 1.11639 394.869
144 7.175 1.10244 401.996
145 7.225 1.09962 409.205
146 7.275 1.10694 416.562
147 7.325 1.10097 423.981
148 7.375 1.1075 431.546
149 7.425 1.08505 439.059
150 7.475 1.07611 446.61
151 7.525 1.0891 454.355
152 7.575 1.05708 461.972
153 7.625 1.09205 469.946
154 7.675 1.06655 477.836
155 7.725 1.06179 485.794
156 7.775 1.05789 493.825
157 7.825 1.05564 501.942
158 7.875 1.06956 510.272
159 7.925 1.05912 518.626
160 7.975 1.03148 526.865
161 8.025 1.07245 535.539
162 8.075 1.03753 544.035
163 8.125 1.06295 552.847
164 8.175 1.03718 561.553
165 8.225 1.02932 570.298
166 8.275 1.04744 579.305
167 8.325 1.01005 588.096
168 8.375 1.02768 597.149
169 8.425 1.03165 606.345
170 8.475 1.02103 615.555
171 8.525 1.02005 624.865
172 8.575 1.01942 634.279
173 8.625 0.998674 643.609
174 8.675 0.999496 653.055
175 8.725 1.02233 662.829
176 8.775 0.9952 672.452
177 8.825 0.983189 682.069
178 8.875 1.00967 692.056
179 8.925 1.00476 702.107
180 8.975 0.98112 712.032
181 9.025 1.0139 722.404
182 9.075 0.983426 732.575
183 9.125 0.996944 743
184 9.175 0.962106 753.171
185 9.225 0.998138 763.839
186 9.275 0.970397 774.322
187 9.325 0.981881 785.045
188 9.375 0.9754 795.811
189 9.425 0.954769 806.462
190 9.475 0.968224 817.379
191 9.525 0.975529 828.494
192 9.575 0.954836 839.487
193 9.625 0.964711 850.711
194 9.675 0.950087 861.88
195 9.725 0.951603 873.182
196 9.775 0.957414 884.671
197 9.825 0.968111 896.407
198 9.875 0.963333 908.205
199 9.925 0.961331 920.097
200 9.975 0.953918 932.017
5770 200
1 0.025 0 0
2 0.075 0 0
3 0.125 0 0
4 0.175 0 0
5 0.225 0 0
6 0.275 0 0
7 0.325 0 0
8 0.375 0 0
9 0.425 0 0
10 0.475 0 0
11 0.525 0 0
12 0.575 0 0
13 0.625 0 0
14 0.675 0 0
15 0.725 0 0
16 0.775 0 0
17 0.825 0 0
18 0.875 0 0
19 0.925 0.0697804 0.0075
20 0.975 0.952596 0.12125
21 1.025 2.72791 0.48125
22 1.075 3.93543 1.0525
23 1.125 3.9866 1.68625
24 1.175 3.69063 2.32625
25 1.225 2.95784 2.88375
26 1.275 2.49167 3.3925
27 1.325 2.32986 3.90625
28 1.375 2.00033 4.38125
29 1.425 1.79382 4.83875
30 1.475 1.82066 5.33625
31 1.525 1.62193 5.81
32 1.575 1.42029 6.2525
33 1.625 1.51515 6.755
34 1.675 1.40122 7.24875
35 1.725 1.51517 7.815
36 1.775 1.41206 8.37375
37 1.825 1.527 9.0125
38 1.875 1.56272 9.7025
39 1.925 1.76462 10.5237
40 1.975 1.72744 11.37
41 2.025 1.85921 12.3275
42 2.075 1.78225 13.2912
43 2.125 1.83382 14.3312
44 2.175 1.83464 15.4212
45 2.225 1.8858 16.5937
46 2.275 1.71536 17.7087
47 2.325 1.81914 18.9437
48 2.375 1.75394 20.1862
49 2.425 1.69759 21.44
50 2.475 1.58258 22.6575
51 2.525 1.61888 23.9537
52 2.575 1.55061 25.245
53 2.625 1.62211 26.6487
54 2.675 1.56343 28.0537
55 2.725 1.61247 29.5575
56 2.775 1.59625 31.1012
57 2.825 1.53401 32.6387
58 2.875 1.58949 34.2887
59 2.925 1.54144 35.945
60 2.975 1.58227 37.7037
61 3.025 1.56194 39.4987
62 3.075 1.58209 41.3775
63 3.125 1.56346 43.295
64 3.175 1.54818 45.255
65 3.225 1.54361 47.2712
66 3.275 1.54973 49.3587
67 3.325 1.54849 51.5087
68 3.375 1.6681 53.895
69 3.425 1.55951 56.1925
70 3.475 1.47622 58.4312
71 3.525 1.45466 60.7012
72 3.575 1.51472 63.1325
73 3.625 1.41793 65.4725
74 3.675 1.48352 67.9887
75 3.725 1.45329 70.5212
76 3.775 1.45486 73.125
77 3.825 1.4436 75.7775
78 3.875 1.48613 78.58
79 3.925 1.49826 81.4788
80 3.975 1.44191 84.34
81 4.025 1.47143 87.3338
82 4.075 1.45832 90.375
83 4.125 1.42084 93.4113
84 4.175 1.43327 96.5488
85 4.225 1.40178 99.6913
86 4.275 1.3817 102.863
87 4.325 1.42816 106.218
88 4.375 1.37594 109.525
89 4.425 1.37552 112.908
90 4.475 1.38671 116.395
91 4.525 1.40825 120.016
92 4.575 1.36099 123.594
93 4.625 1.33312 127.175
94 4.675 1.36942 130.934
95 4.725 1.34951 134.718
96 4.775 1.37989 138.669
97 4.825 1.34375 142.597
98 4.875 1.30879 146.504
99 4.925 1.32954 150.554
100 4.975 1.34759 154.743
101 5.025 1.32997 158.96
102 5.075 1.30428 163.179
103 5.125 1.31609 167.52
104 5.175 1.26142 171.763
105 5.225 1.30703 176.244
106 5.275 1.30133 180.791
107 5.325 1.26402 185.292
108 5.375 1.25508 189.846
109 5.425 1.26621 194.526
110 5.475 1.26477 199.287
111 5.525 1.27883 204.19
112 5.575 1.24606 209.054
113 5.625 1.23156 213.948
114 5.675 1.2696 219.083
115 5.725 1.23902 224.183
116 5.775 1.21796 229.284
117 5.825 1.21884 234.477
118 5.875 1.21722 239.754
119 5.925 1.23022 245.178
120 5.975 1.21055 250.605
121 6.025 1.21412 256.14
122 6.075 1.19692 261.688
123 6.125 1.17215 267.21
124 6.175 1.15664 272.749
125 6.225 1.20568 278.616
126 6.275 1.16911 284.398
127 6.325 1.19349 290.394
128 6.375 1.18194 296.426
129 6.425 1.1858 302.574
130 6.475 1.17492 308.76
131 6.525 1.15581 314.94
132 6.575 1.17744 321.332
133 6.625 1.15134 327.679
134 6.675 1.15047 334.116
135 6.725 1.12616 340.512
136 6.775 1.11676 346.95
137 6.825 1.14319 353.637
138 6.875 1.09124 360.115
139 6.925 1.13096 366.926
140 6.975 1.12892 373.824
141 7.025 1.13066 380.831
142 7.075 1.09942 387.742
143 7.125 1.11463 394.849
144 7.175 1.10882 402.017
145 7.225 1.09409 409.19
146 7.275 1.11841 416.624
147 7.325 1.09132 423.977
148 7.375 1.11116 431.567
149 7.425 1.08505 439.08
150 7.475 1.07825 446.646
151 7.525 1.08119 454.335
152 7.575 1.0628 461.994
153 7.625 1.09051 469.956
154 7.675 1.06976 477.87
155 7.725 1.07063 485.894
156 7.775 1.04028 493.791
157 7.825 1.06799 502.004
158 7.875 1.06956 510.334
159 7.925 1.05373 518.645
160 7.975 1.02991 526.871
161 8.025 1.0689 535.516
162 8.075 1.05143 544.126
163 8.125 1.05285 552.855
164 8.175 1.0348 561.54
165 8.225 1.03329 570.319
166 8.275 1.04366 579.294
167 8.325 1.01508 588.129
168 8.375 1.02328 597.142
169 8.425 1.03782 606.394
170 8.475 1.01826 615.579
171 8.525 1.02073 624.895
172 8.575 1.01198 634.24
173 8.625 1.00978 643.674
174 8.675 1.00135 653.137
175 8.725 1.0103 662.796
176 8.775 1.00334 672.499
177 8.825 0.983828 682.121
178 8.875 1.00057 692.019
179 8.925 1.01439 702.166
180 8.975 0.983591 712.116
181 9.025 1.00547 722.401
182 9.075 0.992249 732.664
183 9.125 0.98774 742.992
184 9.175 0.967899 753.225
185 9.225 0.993342 763.841
186 9.275 0.973984 774.364
187 9.325 0.980279 785.069
188 9.375 0.9754 795.835
189 9.425 0.962053 806.567
190 9.475 0.964676 817.444
191 9.525 0.977943 828.586
192 9.575 0.948431 839.506
193 9.625 0.966 850.745
194 9.675 0.950938 861.924
195 9.725 0.952761 873.24
196 9.775 0.956789 884.721
197 9.825 0.969451 896.474
198 9.875 0.959659 908.226
199 9.925 0.963049 920.14
200 9.975 0.95892 932.123
5771 200
1 0.025 0 0
2 0.075 0 0
3 0.125 0 0
4 0.175 0 0
5 0.225 0 0
6 0.275 0 0
7 0.325 0 0
8 0.375 0 0
9 0.425 0 0
10 0.475 0 0
11 0.525 0 0
12 0.575 0 0
13 0.625 0 0
14 0.675 0 0
15 0.725 0 0
16 0.775 0 0
17 0.825 0 0
18 0.875 0 0
19 0.925 0.0465203 0.005
20 0.975 0.93166 0.11625
21 1.025 2.79422 0.485
22 1.075 3.96127 1.06
23 1.125 3.88438 1.6775
24 1.175 3.69784 2.31875
25 1.225 2.98436 2.88125
26 1.275 2.55289 3.4025
27 1.325 2.21649 3.89125
28 1.375 2.07403 4.38375
29 1.425 1.80852 4.845
30 1.475 1.79321 5.335
31 1.525 1.64761 5.81625
32 1.575 1.44035 6.265
33 1.625 1.45485 6.7475
34 1.675 1.47217 7.26625
35 1.725 1.46834 7.815
36 1.775 1.41838 8.37625
37 1.825 1.52999 9.01625
38 1.875 1.54574 9.69875
39 1.925 1.76462 10.52
40 1.975 1.71723 11.3613
41 2.025 1.8762 12.3275
42 2.075 1.78456 13.2925
43 2.125 1.86688 14.3513
44 2.175 1.79256 15.4162
45 2.225 1.86771 16.5775
46 2.275 1.73459 17.705
47 2.325 1.81546 18.9375
48 2.375 1.76453 20.1875
49 2.425 1.71283 21.4525
50 2.475 1.56958 22.66
51 2.525 1.61263 23.9513
52 2.575 1.54461 25.2375
53 2.625 1.599 26.6212
54 2.675 1.61628 28.0738
55 2.725 1.57896 29.5463
56 2.775 1.58203 31.0763
57 2.825 1.5814 32.6613
58 2.875 1.58709 34.3088
59 2.925 1.50537 35.9263
60 2.975 1.5879 37.6913
61 3.025 1.59131 39.52
62 3.075 1.54314 41.3525
63 3.125 1.58792 43.3
64 3.175 1.54522 45.2563
65 3.225 1.54553 47.275
66 3.275 1.53396 49.3412
67 3.325 1.5764 51.53
68 3.375 1.65587 53.8987
69 3.425 1.57224 56.215
70 3.475 1.45479 58.4212
71 3.525 1.46988 60.715
72 3.575 1.49136 63.1087
73 3.625 1.43005 65.4687
74 3.675 1.49089 67.9975
75 3.725 1.45544 70.5337
76 3.775 1.45556 73.1387
77 3.825 1.43816 75.7812
78 3.875 1.48149 78.575
79 3.925 1.49568 81.4687
80 3.975 1.44884 84.3437
81 4.025 1.46713 87.3287
82 4.075 1.45592 90.365
83 4.125 1.44541 93.4537
84 4.175 1.41385 96.5487
85 4.225 1.40122 99.69
86 4.275 1.37626 102.849
87 4.325 1.43348 106.216
88 4.375 1.38166 109.537
89 4.425 1.36078 112.884
90 4.475 1.39963 116.404
91 4.525 1.39172 119.982
92 4.575 1.37002 123.584
93 4.625 1.33172 127.161
94 4.675 1.36669 130.912
95 4.725 1.35709 134.718
96 4.775 1.37422 138.653
97 4.825 1.35957 142.627
98 4.875 1.31423 146.55
99 4.925 1.31025 150.541
100 4.975 1.35362 154.749
101 5.025 1.33076 158.969
102 5.075 1.28843 163.136
103 5.125 1.32594 167.51
104 5.175 1.27331 171.793
105 5.225 1.28698 176.205
106 5.275 1.31885 180.814
107 5.325 1.26366 185.314
108 5.375 1.25163 189.855
109 5.425 1.2635 194.525
110 5.475 1.27407 199.321
111 5.525 1.27198 204.197
112 5.575 1.2419 209.045
113 5.625 1.25106 214.016
114 5.675 1.2526 219.082
115 5.725 1.24054 224.189
116 5.775 1.22482 229.319
117 5.825 1.20858 234.469
118 5.875 1.22327 239.771
119 5.925 1.22285 245.162
120 5.975 1.2125 250.599
121 6.025 1.20891 256.11
122 6.075 1.2069 261.704
123 6.125 1.16499 267.192
124 6.175 1.16003 272.747
125 6.225 1.21365 278.654
126 6.275 1.1643 284.411
127 6.325 1.18279 290.354
128 6.375 1.20105 296.484
129 6.425 1.17712 302.586
130 6.475 1.16875 308.74
131 6.525 1.15932 314.939
132 6.575 1.17928 321.341
133 6.625 1.14613 327.659
134 6.675 1.15806 334.139
135 6.725 1.12066 340.504
136 6.775 1.1302 347.019
137 6.825 1.12674 353.61
138 6.875 1.10725 360.182
139 6.925 1.12141 366.936
140 6.975 1.12053 373.782
141 7.025 1.14255 380.864
142 7.075 1.09584 387.752
143 7.125 1.12443 394.921
144 7.175 1.09934 402.029
145 7.225 1.09753 409.224
146 7.275 1.1139 416.627
147 7.325 1.09448 424.002
148 7.375 1.11226 431.6
149 7.425 1.0865 439.123
150 7.475 1.07629 446.675
151 7.525 1.07662 454.331
152 7.575 1.05725 461.95
153 7.625 1.09839 469.97
154 7.675 1.07702 477.937
155 7.725 1.05946 485.877
156 7.775 1.04143 493.784
157 7.825 1.061 501.942
158 7.875 1.07983 510.352
159 7.925 1.0523 518.652
160 7.975 1.0368 526.934
161 8.025 1.05931 535.501
162 8.075 1.05326 544.126
163 8.125 1.04591 552.797
164 8.175 1.0418 561.541
165 8.225 1.03858 570.365
166 8.275 1.04061 579.314
167 8.325 1.01307 588.131
168 8.375 1.02655 597.174
169 8.425 1.04076 606.451
170 8.475 1.01438 615.601
171 8.525 1.01156 624.834
172 8.575 1.02308 634.281
173 8.625 1.01205 643.736
174 8.675 0.994867 653.139
175 8.725 1.01213 662.815
176 8.775 0.996235 672.449
177 8.825 0.990729 682.139
178 8.875 0.999437 692.025
179 8.925 1.01064 702.135
180 8.975 0.993106 712.181
181 9.025 1.00352 722.446
182 9.075 0.988864 732.674
183 9.125 0.989055 743.016
184 9.175 0.968372 753.254
185 9.225 0.986208 763.794
186 9.275 0.981504 774.397
187 9.325 0.978218 785.08
188 9.375 0.980156 795.899
189 9.425 0.956786 806.572
190 9.475 0.972437 817.536
191 9.525 0.96752 828.56
192 9.575 0.952339 839.525
193 9.625 0.964281 850.744
194 9.675 0.957637 862.001
195 9.725 0.942447 873.195
196 9.775 0.962414 884.744
197 9.825 0.968935 896.49
198 9.875 0.960271 908.25
199 9.925 0.965878 920.199
200 9.975 0.953618 932.115
