# Time-averaged data for fix ave_rdf
# TimeStep Number-of-rows
# Row c_myRDF[1] c_myRDF[2] c_myRDF[3]
5042 200
1 0.025 0 0
2 0.075 0 0
3 0.125 0 0
4 0.175 0 0
5 0.225 0 0
6 0.275 0 0
7 0.325 0 0
8 0.375 0 0
9 0.425 0 0
10 0.475 0 0
11 0.525 0 0
12 0.575 0 0
13 0.625 0 0
14 0.675 0 0
15 0.725 0 0
16 0.775 0 0
17 0.825 0 0
18 0.875 0 0
19 0.925 0.0465203 0.005
20 0.975 0.282638 0.03875
21 1.025 1.05138 0.1775
22 1.075 1.5759 0.40625
23 1.125 1.5569 0.65375
24 1.175 1.40561 0.8975
25 1.225 1.22027 1.1275
26 1.275 1.24889 1.3825
27 1.325 1.19044 1.645
28 1.375 1.08439 1.9025
29 1.425 0.896909 2.13125
30 1.475 1.02012 2.41
31 1.525 0.902975 2.67375
32 1.575 0.938836 2.96625
33 1.625 1.01387 3.3025
34 1.675 0.865565 3.6075
35 1.725 1.03353 3.99375
36 1.775 0.998236 4.38875
37 1.825 1.02497 4.8175
38 1.875 1.10127 5.30375
39 1.925 1.00452 5.77125
40 1.975 0.938992 6.23125
41 2.025 0.944168 6.7175
42 2.075 0.96163 7.2375
43 2.125 1.01389 7.8125
44 2.175 0.932047 8.36625
45 2.225 0.975068 8.9725
46 2.275 0.992296 9.6175
47 2.325 1.06239 10.3387
48 2.375 1.04107 11.0762
49 2.425 1.04259 11.8462
50 2.475 1.01389 12.6262
51 2.525 1.00692 13.4325
52 2.575 1.01923 14.2812
53 2.625 1.05589 15.195
54 2.675 1.01818 16.11
55 2.725 0.96507 17.01
56 2.775 0.992648 17.97
57 2.825 1.03016 19.0025
58 2.875 0.999455 20.04
59 2.925 0.957435 21.0687
60 2.975 0.994122 22.1737
61 3.025 0.975671 23.295
62 3.075 1.0042 24.4875
63 3.125 1.00698 25.7225
64 3.175 1.01994 27.0137
65 3.225 0.96368 28.2725
66 3.275 1.00222 29.6225
67 3.325 0.992114 31
68 3.375 1.00837 32.4425
69 3.425 1.00291 33.92
70 3.475 1.00557 35.445
71 3.525 1.0141 37.0275
72 3.575 0.961009 38.57
73 3.625 0.971039 40.1725
74 3.675 1.0266 41.9138
75 3.725 1.03222 43.7125
76 3.775 0.987599 45.48
77 3.825 0.979637 47.28
78 3.875 0.967777 49.105
79 3.925 0.980104 51.0012
80 3.975 1.02867 53.0425
81 4.025 0.987917 55.0525
82 4.075 1.01417 57.1675
83 4.125 0.972771 59.2462
84 4.175 0.979875 61.3912
85 4.225 1.05496 63.7563
86 4.275 0.980318 66.0062
87 4.325 0.959911 68.2612
88 4.375 1.02598 70.7275
89 4.425 0.998856 73.1837
90 4.475 1.01742 75.7425
91 4.525 0.999918 78.3137
92 4.575 1.00814 80.9638
93 4.625 1.03997 83.7575
94 4.675 0.97367 86.43
95 4.725 0.983043 89.1863
96 4.775 1.00142 92.0538
97 4.825 1.01625 95.025
98 4.875 1.02818 98.0938
99 4.925 1.04722 101.284
100 4.975 0.985253 104.346
101 5.025 1.02408 107.594
102 5.075 0.988932 110.793
103 5.125 1.00156 114.096
104 5.175 1.01241 117.501
105 5.225 0.980362 120.862
106 5.275 1.0216 124.432
107 5.325 1.00426 128.009
108 5.375 0.98911 131.597
109 5.425 1.0014 135.299
110 5.475 0.99249 139.035
111 5.525 0.975912 142.776
112 5.575 0.99019 146.641
113 5.625 0.989023 150.571
114 5.675 1.00289 154.628
115 5.725 1.00063 158.746
116 5.775 0.991436 162.899
117 5.825 1.00265 167.171
118 5.875 1.0292 171.633
119 5.925 0.979865 175.953
120 5.975 1.02236 180.536
121 6.025 1.01095 185.145
122 6.075 0.986013 189.715
123 6.125 0.975818 194.313
124 6.175 1.00811 199.14
125 6.225 1.0115 204.063
126 6.275 1.03892 209.2
127 6.325 1.00938 214.271
128 6.375 1.02471 219.501
129 6.425 1.00786 224.726
130 6.475 0.995439 229.968
131 6.525 1.00011 235.315
132 6.575 1.0096 240.796
133 6.625 0.984436 246.223
134 6.675 1.00995 251.874
135 6.725 1.00137 257.561
136 6.775 0.982312 263.224
137 6.825 1.01092 269.138
138 6.875 0.993954 275.038
139 6.925 0.985049 280.97
140 6.975 0.991027 287.025
141 7.025 0.983626 293.121
142 7.075 1.03261 299.613
143 7.125 1.00366 306.011
144 7.175 0.996678 312.455
145 7.225 1.01134 319.085
146 7.275 0.996923 325.711
147 7.325 0.996902 332.429
148 7.375 0.988554 339.181
149 7.425 0.995145 346.071
150 7.475 1.01822 353.216
151 7.525 1.01018 360.4
152 7.575 0.995326 367.572
153 7.625 0.979063 374.721
154 7.675 0.991525 382.056
155 7.725 0.994743 389.511
156 7.775 1.00125 397.112
157 7.825 1.01109 404.887
158 7.875 1.02959 412.906
159 7.925 0.990811 420.721
160 7.975 0.991728 428.642
161 8.025 0.992855 436.672
162 8.075 0.996167 444.83
163 8.125 1.00445 453.157
164 8.175 0.989818 461.465
165 8.225 1.00004 469.961
166 8.275 1.00369 478.592
167 8.325 1.01163 487.397
168 8.375 0.997741 496.186
169 8.425 1.00262 505.124
170 8.475 0.997338 514.12
171 8.525 1.00046 523.251
172 8.575 0.980168 532.302
173 8.625 1.00336 541.676
174 8.675 1.0032 551.157
175 8.725 0.985981 560.584
176 8.775 1.00787 570.33
177 8.825 0.994435 580.056
178 8.875 0.983388 589.784
179 8.925 1.01126 599.9
180 8.975 1.00138 610.03
181 9.025 1.02466 620.511
182 9.075 0.997687 630.83
183 9.125 0.969331 640.966
184 9.175 0.986817 651.399
185 9.225 0.998372 662.069
186 9.275 1.02269 673.118
187 9.325 1.00249 684.065
188 9.375 0.997822 695.079
189 9.425 1.00116 706.248
190 9.475 0.996828 717.486
191 9.525 1.01744 729.079
192 9.575 0.995874 740.545
193 9.625 1.00167 752.199
194 9.675 0.993152 763.874
195 9.725 1.00128 775.766
196 9.775 1.01762 787.977
197 9.825 0.990073 799.98
198 9.875 0.990382 812.109
199 9.925 0.995787 824.427
200 9.975 0.995032 836.861
5043 200
1 0.025 0 0
2 0.075 0 0
3 0.125 0 0
4 0.175 0 0
5 0.225 0 0
6 0.275 0 0
7 0.325 0 0
8 0.375 0 0
9 0.425 0 0
10 0.475 0 0
11 0.525 0 0
12 0.575 0 0
13 0.625 0 0
14 0.675 0 0
15 0.725 0 0
16 0.775 0 0
17 0.825 0 0
18 0.875 0 0
19 0.925 0.0348902 0.00375
20 0.975 0.314043 0.04125
21 1.025 1.06085 0.18125
22 1.075 1.5759 0.41
23 1.125 1.54904 0.65625
24 1.175 1.41282 0.90125
25 1.225 1.2468 1.13625
26 1.275 1.21216 1.38375
27 1.325 1.12242 1.63125
28 1.375 1.13703 1.90125
29 1.425 0.872403 2.12375
30 1.475 1.02927 2.405
31 1.525 0.94149 2.68
32 1.575 0.942849 2.97375
33 1.625 0.968643 3.295
34 1.675 0.901039 3.6125
35 1.725 1.03353 3.99875
36 1.775 0.995077 4.3925
37 1.825 1.01003 4.815
38 1.875 1.08711 5.295
39 1.925 0.985716 5.75375
40 1.975 0.98237 6.235
41 2.025 0.951449 6.725
42 2.075 0.938513 7.2325
43 2.125 1.01169 7.80625
44 2.175 0.938359 8.36375
45 2.225 0.979089 8.9725
46 2.275 0.984603 9.6125
47 2.325 1.03846 10.3175
48 2.375 1.05695 11.0663
49 2.425 1.06629 11.8537
50 2.475 0.999267 12.6225
51 2.525 1.0038 13.4262
52 2.575 1.01923 14.275
53 2.625 1.06744 15.1988
54 2.675 1.00566 16.1025
55 2.725 0.989197 17.025
56 2.775 0.979723 17.9725
57 2.825 1.04886 19.0237
58 2.875 0.985005 20.0463
59 2.925 0.950455 21.0675
60 2.975 1.00199 22.1812
61 3.025 0.969145 23.295
62 3.075 0.990516 24.4712
63 3.125 1.01411 25.715
64 3.175 1.01303 26.9975
65 3.225 0.980906 28.2787
66 3.275 0.985519 29.6062
67 3.325 1.00202 30.9975
68 3.375 1.011 32.4437
69 3.425 1.0046 33.9237
70 3.475 1.0031 35.445
71 3.525 1.0173 37.0325
72 3.575 0.964903 38.5812
73 3.625 0.967252 40.1775
74 3.675 1.02218 41.9112
75 3.725 1.0229 43.6937
76 3.775 0.986203 45.4587
77 3.825 0.991882 47.2812
78 3.875 0.979708 49.1287
79 3.925 0.965244 50.9962
80 3.975 1.0293 53.0387
81 4.025 0.980544 55.0337
82 4.075 1.01477 57.15
83 4.125 0.972186 59.2275
84 4.175 0.978162 61.3687
85 4.225 1.06109 63.7475
86 4.275 0.968336 65.97
87 4.325 0.986516 68.2875
88 4.375 1.00726 70.7087
89 4.425 1.00699 73.185
90 4.475 1.01543 75.7387
91 4.525 1.01353 78.345
92 4.575 0.981035 80.9237
93 4.625 1.06045 83.7725
94 4.675 0.980046 86.4625
95 4.725 0.972789 89.19
96 4.775 0.994431 92.0375
97 4.825 1.02395 95.0312
98 4.875 1.03446 98.1187
99 4.925 1.03039 101.257
100 4.975 0.997318 104.357
101 5.025 1.02132 107.596
102 5.075 0.983135 110.776
103 5.125 1.00497 114.091
104 5.175 1.00572 117.474
105 5.225 0.999685 120.901
106 5.275 1.01087 124.434
107 5.325 1.00707 128.02
108 5.375 0.988077 131.605
109 5.425 1.00208 135.309
110 5.475 0.978876 138.994
111 5.525 0.990259 142.79
112 5.575 0.98987 146.654
113 5.625 0.99846 150.621
114 5.675 0.99516 154.646
115 5.725 0.993949 158.737
116 5.775 0.993823 162.9
117 5.825 1.01145 167.21
118 5.875 1.02372 171.647
119 5.925 0.969941 175.924
120 5.975 1.03156 180.549
121 6.025 1.00683 185.139
122 6.075 0.987632 189.716
123 6.125 0.973695 194.304
124 6.175 1.00863 199.134
125 6.225 1.02537 204.124
126 6.275 1.01718 209.154
127 6.325 1.01709 214.264
128 6.375 1.02936 219.517
129 6.425 0.997973 224.691
130 6.475 1.00351 229.975
131 6.525 1.00385 235.343
132 6.575 0.995091 240.745
133 6.625 0.995095 246.23
134 6.675 1.00281 251.841
135 6.725 1.00622 257.556
136 6.775 0.986649 263.244
137 6.825 0.996391 269.073
138 6.875 1.00764 275.054
139 6.925 0.980898 280.961
140 6.975 0.984889 286.979
141 7.025 0.994719 293.144
142 7.075 1.02982 299.618
143 7.125 0.998167 305.981
144 7.175 0.999965 312.446
145 7.225 1.00982 319.066
146 7.275 0.996171 325.688
147 7.325 0.996531 332.402
148 7.375 0.993312 339.188
149 7.425 1.00237 346.127
150 7.475 1.01038 353.217
151 7.525 1.01369 360.426
152 7.575 0.985612 367.529
153 7.625 0.986595 374.733
154 7.675 0.988483 382.045
155 7.725 0.999413 389.535
156 7.775 0.997303 397.106
157 7.825 1.01581 404.918
158 7.875 1.01691 412.838
159 7.925 0.996357 420.696
160 7.975 0.996423 428.655
161 8.025 0.988218 436.648
162 8.075 1.00044 444.84
163 8.125 1.00716 453.19
164 8.175 0.9922 461.518
165 8.225 0.996505 469.984
166 8.275 0.996273 478.551
167 8.325 1.01249 487.364
168 8.375 1.00072 496.179
169 8.425 1.00402 505.129
170 8.475 0.99623 514.115
171 8.525 0.998958 523.232
172 8.575 0.983146 532.311
173 8.625 0.999477 541.649
174 8.675 0.998173 551.082
175 8.725 0.995526 560.6
176 8.775 1.00477 570.316
177 8.825 0.997758 580.075
178 8.875 0.98124 589.781
179 8.925 1.01139 599.899
180 8.975 1.00003 610.015
181 9.025 1.01757 620.424
182 9.075 1.0047 630.815
183 9.125 0.972559 640.985
184 9.175 0.99202 651.472
185 9.225 0.998255 662.141
186 9.275 1.01043 673.057
187 9.325 1.00683 684.052
188 9.375 0.998842 695.077
189 9.425 1.00093 706.244
190 9.475 0.994278 717.454
191 9.525 1.01821 729.055
192 9.575 0.993052 740.489
193 9.625 1.00113 752.136
194 9.675 0.995916 763.844
195 9.725 1.00896 775.827
196 9.775 1.00762 787.919
197 9.825 0.999559 800.036
198 9.875 0.982522 812.069
199 9.925 0.997707 824.411
200 9.975 0.994432 836.837
5044 200
1 0.025 0 0
2 0.075 0 0
3 0.125 0 0
4 0.175 0 0
5 0.225 0 0
6 0.275 0 0
7 0.325 0 0
8 0.375 0 0
9 0.425 0 0
10 0.475 0 0
11 0.525 0 0
12 0.575 0 0
13 0.625 0 0
14 0.675 0 0
15 0.725 0 0
16 0.775 0 0
17 0.825 0 0
18 0.875 0 0
19 0.925 0.0465203 0.005
20 0.975 0.293106 0.04
21 1.025 1.05138 0.17875
22 1.075 1.60173 0.41125
23 1.125 1.60408 0.66625
24 1.175 1.35515 0.90125
25 1.225 1.22027 1.13125
26 1.275 1.24889 1.38625
27 1.325 1.06006 1.62
28 1.375 1.17914 1.9
29 1.425 0.877305 2.12375
30 1.475 1.0064 2.39875
31 1.525 0.94149 2.67375
32 1.575 0.954885 2.97125
33 1.625 0.946029 3.285
34 1.675 0.925871 3.61125
35 1.725 1.05025 4.00375
36 1.775 0.972964 4.38875
37 1.825 1.02796 4.81875
38 1.875 1.10976 5.30875
39 1.925 0.956171 5.75375
40 1.975 0.987473 6.2375
41 2.025 0.968439 6.73625
42 2.075 0.926955 7.2375
43 2.125 1.00287 7.80625
44 2.175 0.904696 8.34375
45 2.225 1.00321 8.9675
46 2.275 1.00383 9.62
47 2.325 1.03293 10.3212
48 2.375 1.04284 11.06
49 2.425 1.08321 11.86
50 2.475 0.996017 12.6262
51 2.525 0.997552 13.425
52 2.575 1.00122 14.2587
53 2.625 1.08911 15.2012
54 2.675 0.997311 16.0975
55 2.725 0.987857 17.0188
56 2.775 0.96292 17.95
57 2.825 1.06134 19.0137
58 2.875 0.983801 20.035
59 2.925 0.957435 21.0637
60 2.975 1.00199 22.1775
61 3.025 0.977847 23.3012
62 3.075 0.974727 24.4587
63 3.125 1.01513 25.7037
64 3.175 1.00711 26.9787
65 3.225 0.991433 28.2737
66 3.275 0.992943 29.6112
67 3.325 1.00022 31
68 3.375 1.00051 32.4312
69 3.425 1.01054 33.92
70 3.475 1.01711 35.4625
71 3.525 1.00769 37.035
72 3.575 0.955558 38.5687
73 3.625 0.968767 40.1675
74 3.675 1.03102 41.9162
75 3.725 1.0272 43.7062
76 3.775 0.976424 45.4537
77 3.825 0.985079 47.2637
78 3.875 0.994291 49.1387
79 3.925 0.978812 51.0325
80 3.975 0.997808 53.0125
81 4.025 1.00635 55.06
82 4.075 1.01177 57.17
83 4.125 0.966922 59.2362
84 4.175 0.984443 61.3912
85 4.225 1.04882 63.7425
86 4.275 0.981952 65.9962
87 4.325 0.967361 68.2687
88 4.375 1.01506 70.7087
89 4.425 0.994281 73.1537
90 4.475 1.02487 75.7312
91 4.525 1.02082 78.3562
92 4.575 0.973426 80.915
93 4.625 1.05207 83.7412
94 4.675 0.986422 86.4487
95 4.725 0.990176 89.225
96 4.775 0.97566 92.0187
97 4.825 1.03378 95.0412
98 4.875 1.02358 98.0962
99 4.925 1.03942 101.262
100 4.975 0.997318 104.362
101 5.025 1.01817 107.591
102 5.075 0.982749 110.77
103 5.125 1.00118 114.072
104 5.175 1.01166 117.475
105 5.225 0.997498 120.895
106 5.275 1.01159 124.43
107 5.325 1.00496 128.009
108 5.375 1.00014 131.637
109 5.425 0.997003 135.322
110 5.475 0.968915 138.97
111 5.525 0.99352 142.779
112 5.575 0.992432 146.653
113 5.625 0.995314 150.608
114 5.675 0.990833 154.615
115 5.725 1.00458 158.75
116 5.775 0.987854 162.887
117 5.825 1.01614 167.218
118 5.875 1.01824 171.631
119 5.925 0.982133 175.961
120 5.975 1.02348 180.55
121 6.025 1.00546 185.134
122 6.075 0.992216 189.733
123 6.125 0.978736 194.344
124 6.175 1.00106 199.138
125 6.225 1.02845 204.143
126 6.275 1.0144 209.159
127 6.325 1.01535 214.26
128 6.375 1.02348 219.484
129 6.425 1.00135 224.675
130 6.475 1.00897 229.988
131 6.525 1.00011 235.335
132 6.575 0.991637 240.719
133 6.625 0.996909 246.214
134 6.675 1.00884 251.859
135 6.725 1.00446 257.564
136 6.775 0.985131 263.243
137 6.825 0.997246 269.076
138 6.875 1.01017 275.072
139 6.925 0.984219 281
140 6.975 0.984071 287.012
141 7.025 0.993912 293.173
142 7.075 1.02107 299.591
143 7.125 0.999343 305.962
144 7.175 0.998224 312.416
145 7.225 1.00696 319.017
146 7.275 1.00727 325.712
147 7.325 0.99616 332.425
148 7.375 0.991116 339.195
149 7.425 1.00507 346.154
150 7.475 1.00236 353.187
151 7.525 1.02213 360.456
152 7.575 0.979541 367.515
153 7.625 0.984541 374.704
154 7.675 0.995918 382.071
155 7.725 1.00208 389.581
156 7.775 0.978697 397.011
157 7.825 1.0241 404.886
158 7.875 1.01707 412.807
159 7.925 0.992871 420.639
160 7.975 1.008 428.69
161 8.025 0.9859 436.664
162 8.075 0.99861 444.841
163 8.125 1.01335 453.242
164 8.175 0.992945 461.576
165 8.225 0.993268 470.015
166 8.275 0.996564 478.585
167 8.325 1.01378 487.409
168 8.375 0.99916 496.21
169 8.425 0.998414 505.11
170 8.475 0.995675 514.091
171 8.525 1.00526 523.266
172 8.575 0.979627 532.312
173 8.625 1.00483 541.7
174 8.675 0.997247 551.125
175 8.725 0.992911 560.617
176 8.775 1.00541 570.34
177 8.825 0.995969 580.081
178 8.875 0.98541 589.829
179 8.925 1.00801 599.912
180 8.975 1.00101 610.039
181 9.025 1.01757 620.447
182 9.075 1.003 630.821
183 9.125 0.978057 641.049
184 9.175 0.981024 651.42
185 9.225 1.0048 662.159
186 9.275 1.01055 673.076
187 9.325 1.00214 684.02
188 9.375 1.00281 695.089
189 9.425 1.00261 706.274
190 9.475 0.991728 717.455
191 9.525 1.01634 729.035
192 9.575 0.99164 740.452
193 9.625 1.00199 752.11
194 9.675 0.996767 763.827
195 9.725 1.00938 775.816
196 9.775 1.01137 787.952
197 9.825 0.992857 799.989
198 9.875 0.986503 812.07
199 9.925 0.993362 824.359
200 9.975 1.00303 836.892
5045 200
1 0.025 0 0
2 0.075 0 0
3 0.125 0 0
4 0.175 0 0
5 0.225 0 0
6 0.275 0 0
7 0.325 0 0
8 0.375 0 0
9 0.425 0 0
10 0.475 0 0
11 0.525 0 0
12 0.575 0 0
13 0.625 0 0
14 0.675 0 0
15 0.725 0 0
16 0.775 0 0
17 0.825 0 0
18 0.875 0 0
19 0.925 0.0348902 0.00375
20 0.975 0.293106 0.03875
21 1.025 1.12716 0.1875
22 1.075 1.53284 0.41
23 1.125 1.60408 0.665
24 1.175 1.36957 0.9025
25 1.225 1.24017 1.13625
26 1.275 1.25502 1.3925
27 1.325 1.04872 1.62375
28 1.375 1.15282 1.8975
29 1.425 0.877305 2.12125
30 1.475 1.01097 2.3975
31 1.525 0.950049 2.675
32 1.575 0.962909 2.975
33 1.625 0.897031 3.2725
34 1.675 0.964892 3.6125
35 1.725 1.03353 3.99875
36 1.775 0.966646 4.38125
37 1.825 1.06382 4.82625
38 1.875 1.07296 5.3
39 1.925 0.942742 5.73875
40 1.975 1.03851 6.2475
41 2.025 0.951449 6.7375
42 2.075 0.968564 7.26125
43 2.125 0.960993 7.80625
44 2.175 0.894176 8.3375
45 2.225 1.00925 8.965
46 2.275 1.02114 9.62875
47 2.325 0.997949 10.3063
48 2.375 1.05695 11.055
49 2.425 1.09844 11.8662
50 2.475 0.981394 12.6212
51 2.525 1.01472 13.4337
52 2.575 0.977202 14.2475
53 2.625 1.11366 15.2112
54 2.675 0.988965 16.1
55 2.725 0.974453 17.0088
56 2.775 0.97843 17.955
57 2.825 1.04886 19.0063
58 2.875 0.972963 20.0163
59 2.925 0.973722 21.0625
60 2.975 1.00762 22.1825
61 3.025 1.00178 23.3338
62 3.075 0.949464 24.4613
63 3.125 1.01921 25.7113
64 3.175 0.988347 26.9625
65 3.225 1.01631 28.29
66 3.275 0.982735 29.6138
67 3.325 0.995716 30.9963
68 3.375 1.01449 32.4475
69 3.425 1.01394 33.9413
70 3.475 1.01217 35.4763
71 3.525 1.00128 37.0388
72 3.575 0.963346 38.585
73 3.625 0.962707 40.1737
74 3.675 1.04281 41.9425
75 3.725 1.00712 43.6975
76 3.775 0.954074 45.405
77 3.825 1.01433 47.2688
78 3.875 1.00689 49.1675
79 3.925 0.965244 51.035
80 3.975 1.00222 53.0238
81 4.025 0.995904 55.05
82 4.075 1.01117 57.1588
83 4.125 0.971016 59.2338
84 4.175 1.001 61.425
85 4.225 1.03154 63.7375
86 4.275 0.987943 66.005
87 4.325 0.966829 68.2763
88 4.375 1.00778 70.6988
89 4.425 0.995806 73.1475
90 4.475 1.02885 75.735
91 4.525 1.01742 78.3513
92 4.575 0.966769 80.8925
93 4.625 1.05347 83.7225
94 4.675 0.994619 86.4525
95 4.725 0.999984 89.2563
96 4.775 0.972168 92.04
97 4.825 1.03036 95.0525
98 4.875 1.0064 98.0563
99 4.925 1.04188 101.23
100 4.975 1.01421 104.383
101 5.025 1.00634 107.574
102 5.075 0.996274 110.796
103 5.125 0.995877 114.081
104 5.175 1.00386 117.457
105 5.225 1.01172 120.926
106 5.275 1.01409 124.47
107 5.325 0.990572 127.998
108 5.375 1.00048 131.627
109 5.425 0.998018 135.316
110 5.475 0.981201 139.01
111 5.525 0.986673 142.792
112 5.575 0.984746 146.636
113 5.625 1.00129 150.615
114 5.675 0.991452 154.625
115 5.725 1.00124 158.746
116 5.775 0.989048 162.889
117 5.825 1.00705 167.18
118 5.875 1.02747 171.634
119 5.925 0.981282 175.96
120 5.975 1.02097 180.537
121 6.025 0.999156 185.092
122 6.075 0.99842 189.72
123 6.125 0.971838 194.299
124 6.175 1.01229 199.146
125 6.225 1.02178 204.119
126 6.275 1.02325 209.179
127 6.325 1.01983 214.302
128 6.375 1.01393 219.477
129 6.425 1.00906 224.709
130 6.475 1.01206 230.037
131 6.525 0.998243 235.375
132 6.575 0.978284 240.686
133 6.625 1.00439 246.222
134 6.675 1.00526 251.847
135 6.725 1.00247 257.541
136 6.775 0.989251 263.244
137 6.825 0.995109 269.065
138 6.875 1.01901 275.114
139 6.925 0.984012 281.04
140 6.975 0.981411 287.036
141 7.025 0.986853 293.152
142 7.075 1.01889 299.557
143 7.125 1.0066 305.975
144 7.175 0.997064 312.421
145 7.225 1.00638 319.019
146 7.275 0.998052 325.652
147 7.325 1.00859 332.449
148 7.375 0.983796 339.169
149 7.425 1.00724 346.142
150 7.475 1.00147 353.17
151 7.525 1.01633 360.397
152 7.575 0.992377 367.549
153 7.625 0.981459 374.715
154 7.675 0.992538 382.057
155 7.725 1.00542 389.592
156 7.775 0.978861 397.024
157 7.825 1.01857 404.856
158 7.875 1.02494 412.839
159 7.925 0.993822 420.677
160 7.975 0.999083 428.657
161 8.025 0.993318 436.691
162 8.075 0.997236 444.857
163 8.125 1.01606 453.281
164 8.175 0.989073 461.582
165 8.225 0.992386 470.014
166 8.275 0.996709 478.585
167 8.325 1.01249 487.397
168 8.375 1.00469 496.247
169 8.425 1.00164 505.176
170 8.475 0.985144 514.062
171 8.525 1.00759 523.259
172 8.575 0.981522 532.322
173 8.625 1.00082 541.672
174 8.675 1.00055 551.129
175 8.725 0.993172 560.624
176 8.775 1.00024 570.296
177 8.825 1.003 580.106
178 8.875 0.983388 589.834
179 8.925 1.00526 599.89
180 8.975 0.999284 609.999
181 9.025 1.01207 620.351
182 9.075 1.01412 630.84
183 9.125 0.980089 641.089
184 9.175 0.982206 651.472
185 9.225 0.991003 662.064
186 9.275 1.02165 673.101
187 9.325 1.00123 684.035
188 9.375 1.0045 695.122
189 9.425 1.0071 706.357
190 9.475 0.981971 717.429
191 9.525 1.0215 729.067
192 9.575 0.990446 740.471
193 9.625 0.995976 752.059
194 9.675 0.998681 763.799
195 9.725 1.00854 775.777
196 9.775 1.01169 787.917
197 9.825 0.992445 799.949
198 9.875 0.990892 812.084
199 9.925 0.989118 824.32
200 9.975 1.00223 836.844
5046 200
1 0.025 0 0
2 0.075 0 0
3 0.125 0 0
4 0.175 0 0
5 0.225 0 0
6 0.275 0 0
7 0.325 0 0
8 0.375 0 0
9 0.425 0 0
10 0.475 0 0
11 0.525 0 0
12 0.575 0 0
13 0.625 0 0
14 0.675 0 0
15 0.725 0 0
16 0.775 0 0
17 0.825 0 0
18 0.875 0 0
19 0.925 0.0465203 0.005
20 0.975 0.251234 0.035
21 1.025 1.13663 0.185
22 1.075 1.49839 0.4025
23 1.125 1.61194 0.65875
24 1.175 1.3984 0.90125
25 1.225 1.28659 1.14375
26 1.275 1.21216 1.39125
27 1.325 1.06006 1.625
28 1.375 1.14229 1.89625
29 1.425 0.975327 2.145
30 1.475 0.91948 2.39625
31 1.525 0.975726 2.68125
32 1.575 0.946861 2.97625
33 1.625 0.904569 3.27625
34 1.675 0.950702 3.61125
35 1.725 1.05694 4.00625
36 1.775 0.963487 4.3875
37 1.825 1.0429 4.82375
38 1.875 1.07013 5.29625
39 1.925 0.948114 5.7375
40 1.975 1.03595 6.245
41 2.025 0.941741 6.73
42 2.075 0.99168 7.26625
43 2.125 0.952177 7.80625
44 2.175 0.929943 8.35875
45 2.225 0.9811 8.96875
46 2.275 1.02691 9.63625
47 2.325 0.98506 10.305
48 2.375 1.07636 11.0675
49 2.425 1.07306 11.86
50 2.475 0.992768 12.6237
51 2.525 1.02565 13.445
52 2.575 0.951684 14.2375
53 2.625 1.13966 15.2237
54 2.675 0.963928 16.09
55 2.725 0.989197 17.0125
56 2.775 1.0004 17.98
57 2.825 1.03016 19.0125
58 2.875 0.982596 20.0325
59 2.925 0.953945 21.0575
60 2.975 1.02224 22.1937
61 3.025 0.988724 23.33
62 3.075 0.969464 24.4812
63 3.125 1.01309 25.7237
64 3.175 1.00019 26.99
65 3.225 0.996218 28.2912
66 3.275 0.983663 29.6162
67 3.325 0.998416 31.0025
68 3.375 1.011 32.4487
69 3.425 1.02836 33.9637
70 3.475 0.996508 35.475
71 3.525 1.01169 37.0537
72 3.575 0.945434 38.5712
73 3.625 0.993005 40.21
74 3.675 1.02218 41.9437
75 3.725 1.00568 43.6962
76 3.775 0.96944 45.4312
77 3.825 0.995284 47.26
78 3.875 1.00887 49.1625
79 3.925 0.973643 51.0462
80 3.975 0.97828 52.9875
81 4.025 1.01802 55.0587
82 4.075 1.00578 57.1562
83 4.125 0.968092 59.225
84 4.175 1.00843 61.4325
85 4.225 1.02819 63.7375
86 4.275 0.981952 65.9912
87 4.325 0.961508 68.25
88 4.375 1.0109 70.68
89 4.425 1.01156 73.1675
90 4.475 1.01841 75.7288
91 4.525 1.02228 78.3575
92 4.575 0.972475 80.9138
93 4.625 1.04183 83.7125
94 4.675 1.01147 86.4888
95 4.725 0.993297 89.2738
96 4.775 0.969112 92.0488
97 4.825 1.02951 95.0588
98 4.875 1.01478 98.0875
99 4.925 1.02875 101.221
100 4.975 1.01421 104.374
101 5.025 0.999249 107.543
102 5.075 1.01753 110.834
103 5.125 0.975035 114.05
104 5.175 1.00906 117.444
105 5.225 1.01864 120.936
106 5.275 1.00765 124.458
107 5.325 0.988466 127.978
108 5.375 1.00255 131.615
109 5.425 0.990239 135.275
110 5.475 0.990498 139.004
111 5.525 0.989607 142.798
112 5.575 0.985707 146.645
113 5.625 0.999718 150.618
114 5.675 1.0032 154.675
115 5.725 0.991215 158.755
116 5.775 0.998599 162.938
117 5.825 1.00089 167.203
118 5.875 1.01997 171.624
119 5.925 0.98837 175.981
120 5.975 1.02431 180.574
121 6.025 0.983253 185.056
122 6.075 0.999498 189.689
123 6.125 0.992002 194.362
124 6.175 0.999495 199.149
125 6.225 1.02023 204.114
126 6.275 1.02199 209.167
127 6.325 1.01734 214.279
128 6.375 1.01908 219.48
129 6.425 1.00617 224.696
130 6.475 1.00565 229.991
131 6.525 1.00783 235.38
132 6.575 0.98427 240.724
133 6.625 1.00575 246.267
134 6.675 0.998784 251.856
135 6.725 1.00049 257.539
136 6.775 0.987516 263.231
137 6.825 0.996818 269.062
138 6.875 1.01922 275.112
139 6.925 0.978615 281.006
140 6.975 0.989186 287.05
141 7.025 0.985441 293.157
142 7.075 1.02127 299.577
143 7.125 1.00013 305.954
144 7.175 1.00344 312.441
145 7.225 1.00124 319.005
146 7.275 0.996923 325.631
147 7.325 1.01619 332.479
148 7.375 0.985443 339.21
149 7.425 0.999478 346.13
150 7.475 1.00753 353.2
151 7.525 1.01651 360.429
152 7.575 0.988214 367.55
153 7.625 0.984199 374.736
154 7.675 0.996256 382.106
155 7.725 0.999079 389.594
156 7.775 0.985448 397.075
157 7.825 1.00833 404.829
158 7.875 1.02478 412.81
159 7.925 0.994931 420.658
160 7.975 1.00253 428.665
161 8.025 0.988527 436.66
162 8.075 0.995709 444.814
163 8.125 1.02631 453.323
164 8.175 0.982669 461.57
165 8.225 0.991503 469.994
166 8.275 1.0002 478.595
167 8.325 1.00574 487.349
168 8.375 1.00569 496.208
169 8.425 1.00669 505.181
170 8.475 0.983481 514.053
171 8.525 1.0069 523.243
172 8.575 0.985583 532.344
173 8.625 0.993991 541.63
174 8.675 1.0036 551.115
175 8.725 0.996702 560.644
176 8.775 0.997269 570.288
177 8.825 1.00709 580.138
178 8.875 0.981114 589.843
179 8.925 1.00364 599.883
180 8.975 0.999779 609.996
181 9.025 1.01183 620.346
182 9.075 1.01122 630.805
183 9.125 0.98762 641.133
184 9.175 0.983862 651.534
185 9.225 0.9896 662.11
186 9.275 1.01772 673.105
187 9.325 0.99825 684.006
188 9.375 1.00632 695.114
189 9.425 1.00553 706.331
190 9.475 0.990841 717.503
191 9.525 1.01294 729.044
192 9.575 0.98936 740.435
193 9.625 0.993075 751.989
194 9.675 1.00315 763.781
195 9.725 1.00707 775.743
196 9.775 1.0171 787.948
197 9.825 0.988217 799.928
198 9.875 0.997526 812.144
199 9.925 0.986491 824.348
200 9.975 1.00534 836.91
5047 200
1 0.025 0 0
2 0.075 0 0
3 0.125 0 0
4 0.175 0 0
5 0.225 0 0
6 0.275 0 0
7 0.325 0 0
8 0.375 0 0
9 0.425 0 0
10 0.475 0 0
11 0.525 0 0
12 0.575 0 0
13 0.625 0 0
14 0.675 0 0
15 0.725 0 0
16 0.775 0 0
17 0.825 0 0
18 0.875 0 0
19 0.925 0.0348902 0.00375
20 0.975 0.314043 0.04125
21 1.025 1.08927 0.185
22 1.075 1.47256 0.39875
23 1.125 1.60408 0.65375
24 1.175 1.42003 0.9
25 1.225 1.27996 1.14125
26 1.275 1.23053 1.3925
27 1.325 1.04305 1.6225
28 1.375 1.10018 1.88375
29 1.425 1.01454 2.1425
30 1.475 0.928629 2.39625
31 1.525 0.975726 2.68125
32 1.575 0.938836 2.97375
33 1.625 0.919646 3.27875
34 1.675 0.936513 3.60875
35 1.725 1.0837 4.01375
36 1.775 0.950852 4.39
37 1.825 1.0429 4.82625
38 1.875 1.05314 5.29125
39 1.925 0.942742 5.73
40 1.975 1.03085 6.235
41 2.025 0.944168 6.72125
42 2.075 1.0148 7.27
43 2.125 0.972014 7.82125
44 2.175 0.9068 8.36
45 2.225 0.975068 8.96625
46 2.275 1.03268 9.6375
47 2.325 0.983219 10.305
48 2.375 1.07813 11.0687
49 2.425 1.05782 11.85
50 2.475 0.999267 12.6188
51 2.525 1.04907 13.4588
52 2.575 0.947181 14.2475
53 2.625 1.11655 15.2138
54 2.675 0.976447 16.0913
55 2.725 0.99858 17.0225
56 2.775 0.9836 17.9738
57 2.825 1.03016 19.0063
58 2.875 0.993434 20.0375
59 2.925 0.938821 21.0463
60 2.975 1.01324 22.1725
61 3.025 0.999601 23.3212
62 3.075 0.985253 24.4913
63 3.125 0.999842 25.7175
64 3.175 1.01501 27.0025
65 3.225 0.974207 28.275
66 3.275 0.991087 29.61
67 3.325 1.01642 31.0213
68 3.375 1.00837 32.4638
69 3.425 1.03854 33.9938
70 3.475 0.972605 35.4688
71 3.525 1.03252 37.08
72 3.575 0.94154 38.5913
73 3.625 0.993005 40.23
74 3.675 1.02513 41.9688
75 3.725 0.991335 43.6963
76 3.775 0.949883 45.3963
77 3.825 1.00957 47.2513
78 3.875 1.01285 49.1613
79 3.925 0.972997 51.0438
80 3.975 0.994028 53.0163
81 4.025 1.00082 55.0525
82 4.075 1.01058 57.16
83 4.125 0.966922 59.2263
84 4.175 1.00843 61.4338
85 4.225 1.02262 63.7263
86 4.275 0.983041 65.9825
87 4.325 0.959379 68.2362
88 4.375 1.01246 70.67
89 4.425 1.00902 73.1513
90 4.475 1.02139 75.72
91 4.525 1.02617 78.3588
92 4.575 0.966769 80.9
93 4.625 1.04369 83.7037
94 4.675 1.01557 86.4912
95 4.725 1.00712 89.315
96 4.775 0.96431 92.0763
97 4.825 1.01497 95.0438
98 4.875 1.01604 98.0763
99 4.925 1.03614 101.233
100 4.975 1.02064 104.405
101 5.025 0.98703 107.535
102 5.075 1.01521 110.819
103 5.125 0.979583 114.05
104 5.175 1.01241 117.455
105 5.225 1.01901 120.949
106 5.275 0.998709 124.439
107 5.325 0.998997 127.996
108 5.375 0.99669 131.613
109 5.425 0.984152 135.25
110 5.475 0.997139 139.004
111 5.525 0.999063 142.834
112 5.575 0.987628 146.689
113 5.625 0.991539 150.629
114 5.675 0.993615 154.648
115 5.725 0.997896 158.755
116 5.775 1.00427 162.961
117 5.825 0.996196 167.206
118 5.875 1.01824 171.62
119 5.925 0.996876 176.015
120 5.975 1.01706 180.575
121 6.025 0.980785 185.046
122 6.075 0.988441 189.628
123 6.125 1.01323 194.401
124 6.175 0.988793 199.136
125 6.225 1.02229 204.111
126 6.275 1.02502 209.18
127 6.325 1.02306 214.32
128 6.375 1.01026 219.476
129 6.425 1.00255 224.674
130 6.475 1.00992 229.991
131 6.525 1.00128 235.345
132 6.575 0.991407 240.727
133 6.625 1.01188 246.305
134 6.675 0.988285 251.835
135 6.725 1.00336 257.534
136 6.775 0.986432 263.22
137 6.825 1.00408 269.094
138 6.875 1.0207 275.152
139 6.925 0.9672 280.977
140 6.975 0.993687 287.049
141 7.025 0.99371 293.207
142 7.075 1.00914 299.551
143 7.125 1.0064 305.967
144 7.175 0.999385 312.429
145 7.225 1.00867 319.041
146 7.275 0.997299 325.67
147 7.325 1.01768 332.527
148 7.375 0.978855 339.214
149 7.425 0.994964 346.103
150 7.475 1.0159 353.231
151 7.525 1.01123 360.423
152 7.575 0.985092 367.521
153 7.625 0.981288 374.686
154 7.675 1.00758 382.14
155 7.725 1.00058 389.639
156 7.775 0.985942 397.124
157 7.825 1.00167 404.826
158 7.875 1.02109 412.779
159 7.925 0.992237 420.605
160 7.975 1.00487 428.631
161 8.025 0.990846 436.645
162 8.075 1.00197 444.85
163 8.125 1.0233 453.334
164 8.175 0.989818 461.641
165 8.225 0.983117 469.994
166 8.275 1.00412 478.629
167 8.325 1.00086 487.34
168 8.375 1.00498 496.193
169 8.425 1.00795 505.178
170 8.475 0.982372 514.039
171 8.525 1.01005 523.258
172 8.575 0.984094 532.345
173 8.625 0.995731 541.648
174 8.675 1.00293 551.126
175 8.725 0.993041 560.62
176 8.775 1.00425 570.331
177 8.825 1.00172 580.129
178 8.875 0.982377 589.846
179 8.925 0.998641 599.836
180 8.975 1.00274 609.98
181 9.025 1.02576 620.472
182 9.075 0.999742 630.812
183 9.125 0.981165 641.072
184 9.175 0.990956 651.549
185 9.225 0.984336 662.069
186 9.275 1.02605 673.154
187 9.325 0.997563 684.048
188 9.375 1.00348 695.124
189 9.425 1.01124 706.405
190 9.475 0.989621 717.562
191 9.525 1.00197 728.979
192 9.575 0.998697 740.477
193 9.625 0.987059 751.961
194 9.675 1.00347 763.757
195 9.725 1.0138 775.799
196 9.775 1.01002 787.919
197 9.825 0.991104 799.934
198 9.875 0.998241 812.159
199 9.925 0.987804 824.379
200 9.975 1.00424 836.928
5048 200
1 0.025 0 0
2 0.075 0 0
3 0.125 0 0
4 0.175 0 0
5 0.225 0 0
6 0.275 0 0
7 0.325 0 0
8 0.375 0 0
9 0.425 0 0
10 0.475 0 0
11 0.525 0 0
12 0.575 0 0
13 0.625 0 0
14 0.675 0 0
15 0.725 0 0
16 0.775 0 0
17 0.825 0 0
18 0.875 0 0
19 0.925 0.0581504 0.00625
20 0.975 0.303574 0.0425
21 1.025 1.05138 0.18125
22 1.075 1.46395 0.39375
23 1.125 1.62767 0.6525
24 1.175 1.44165 0.9025
25 1.225 1.38607 1.16375
26 1.275 1.1387 1.39625
27 1.325 0.941015 1.60375
28 1.375 1.16335 1.88
29 1.425 1.03414 2.14375
30 1.475 0.946927 2.4025
31 1.525 0.94149 2.6775
32 1.575 0.966921 2.97875
33 1.625 0.915877 3.2825
34 1.675 0.943608 3.615
35 1.725 1.05025 4.0075
36 1.775 0.944534 4.38125
37 1.825 1.06681 4.8275
38 1.875 1.07013 5.3
39 1.925 0.934684 5.735
40 1.975 1.03851 6.24375
41 2.025 0.939313 6.7275
42 2.075 1.01942 7.27875
43 2.125 0.954381 7.82
44 2.175 0.900488 8.355
45 2.225 0.985121 8.9675
46 2.275 1.05191 9.65125
47 2.325 0.964807 10.3063
48 2.375 1.08695 11.0762
49 2.425 1.0409 11.845
50 2.475 1.02201 12.6313
51 2.525 1.04282 13.4663
52 2.575 0.941177 14.25
53 2.625 1.10066 15.2025
54 2.675 0.994529 16.0963
55 2.725 0.99858 17.0275
56 2.775 0.986185 17.9812
57 2.825 1.00646 18.99
58 2.875 1.0115 20.04
59 2.925 0.935331 21.045
60 2.975 1.01099 22.1687
61 3.025 0.994162 23.3113
62 3.075 1.0042 24.5038
63 3.125 0.977419 25.7025
64 3.175 1.02389 26.9988
65 3.225 0.975164 28.2725
66 3.275 0.997583 29.6163
67 3.325 1.01192 31.0213
68 3.375 1.02148 32.4825
69 3.425 1.0343 34.0063
70 3.475 0.965187 35.47
71 3.525 1.0181 37.0587
72 3.575 0.955558 38.5925
73 3.625 0.987703 40.2225
74 3.675 1.02513 41.9612
75 3.725 0.964077 43.6412
76 3.775 0.963852 45.3663
77 3.825 1.02726 47.2538
78 3.875 1.02478 49.1863
79 3.925 0.947154 51.0188
80 3.975 1.02237 53.0475
81 4.025 0.987917 55.0575
82 4.075 1.01058 57.165
83 4.125 0.964582 59.2263
84 4.175 1.00728 61.4313
85 4.225 1.02262 63.7238
86 4.275 0.972149 65.955
87 4.325 0.965764 68.2237
88 4.375 1.01714 70.6687
89 4.425 1.01258 73.1587
90 4.475 1.01642 75.715
91 4.525 1.02131 78.3412
92 4.575 0.984839 80.93
93 4.625 1.0195 83.6687
94 4.675 1.03788 86.5175
95 4.725 0.995526 89.3087
96 4.775 0.981771 92.12
97 4.825 0.993167 95.0237
98 4.875 1.02064 98.07
99 4.925 1.03367 101.219
100 4.975 1.02667 104.41
101 5.025 0.981117 107.521
102 5.075 1.01405 110.801
103 5.125 0.976551 114.022
104 5.175 1.02095 117.456
105 5.225 1.02521 120.971
106 5.275 0.997993 124.459
107 5.325 1.00391 128.034
108 5.375 0.981187 131.594
109 5.425 0.99193 135.26
110 5.475 1.01341 139.075
111 5.525 0.989933 142.87
112 5.575 0.972577 146.666
113 5.625 0.994371 150.617
114 5.675 0.986198 154.606
115 5.725 1.00427 158.74
116 5.775 1.00815 162.962
117 5.825 0.99913 167.22
118 5.875 1.01594 171.624
119 5.925 0.992907 176.001
120 5.975 1.01511 180.552
121 6.025 0.980785 185.024
122 6.075 0.991138 189.617
123 6.125 1.01641 194.406
124 6.175 0.981745 199.107
125 6.225 1.02589 204.1
126 6.275 1.03741 209.23
127 6.325 1.00714 214.29
128 6.375 1.01785 219.485
129 6.425 1.00448 224.692
130 6.475 0.997101 229.942
131 6.525 1.00806 235.332
132 6.575 0.999235 240.757
133 6.625 1.00371 246.29
134 6.675 0.999231 251.881
135 6.725 0.994552 257.53
136 6.775 0.989468 263.234
137 6.825 1.00537 269.115
138 6.875 1.01185 275.121
139 6.925 0.97737 281.007
140 6.975 0.991027 287.062
141 7.025 0.998349 293.25
142 7.075 0.995026 299.505
143 7.125 1.01072 305.949
144 7.175 0.996291 312.39
145 7.225 1.01668 319.055
146 7.275 0.98658 325.613
147 7.325 1.02566 332.524
148 7.375 0.978306 339.206
149 7.425 0.995506 346.099
150 7.475 1.01697 353.235
151 7.525 1.01176 360.43
152 7.575 0.985092 367.529
153 7.625 0.981973 374.699
154 7.675 1.00454 382.13
155 7.725 0.997912 389.609
156 7.775 0.994833 397.161
157 7.825 0.994352 404.808
158 7.875 1.02719 412.808
159 7.925 0.983045 420.561
160 7.975 1.01364 428.658
161 8.025 0.983891 436.615
162 8.075 1.00716 444.863
163 8.125 1.02284 453.343
164 8.175 0.988477 461.639
165 8.225 0.988119 470.034
166 8.275 1.00034 478.636
167 8.325 0.997411 487.318
168 8.375 1.0081 496.198
169 8.425 1.00655 505.17
170 8.475 0.988747 514.089
171 8.525 1.00649 523.275
172 8.575 0.985583 532.376
173 8.625 0.994527 541.668
174 8.675 1.00571 551.173
175 8.725 0.995264 560.688
176 8.775 0.993003 570.29
177 8.825 1.00121 580.083
178 8.875 0.985916 589.835
179 8.925 1.00514 599.89
180 8.975 0.9915 609.92
181 9.025 1.0293 620.449
182 9.075 0.998171 630.773
183 9.125 0.990728 641.133
184 9.175 0.981142 651.505
185 9.225 0.9896 662.081
186 9.275 1.0264 673.17
187 9.325 1.0002 684.093
188 9.375 1.00247 695.158
189 9.425 1.01203 706.448
190 9.475 0.991285 717.624
191 9.525 0.99758 728.99
192 9.575 0.997937 740.48
193 9.625 0.978678 751.866
194 9.675 1.0125 763.769
195 9.725 1.01285 775.799
196 9.775 1.01721 788.005
197 9.825 0.982237 799.913
198 9.875 0.995893 812.109
199 9.925 0.989724 824.353
200 9.975 1.00694 836.935
5049 200
1 0.025 0 0
2 0.075 0 0
3 0.125 0 0
4 0.175 0 0
5 0.225 0 0
6 0.275 0 0
7 0.325 0 0
8 0.375 0 0
9 0.425 0 0
10 0.475 0 0
11 0.525 0 0
12 0.575 0 0
13 0.625 0 0
14 0.675 0 0
15 0.725 0 0
16 0.775 0 0
17 0.825 0 0
18 0.875 0 0
19 0.925 0.0581504 0.00625
20 0.975 0.324511 0.045
21 1.025 1.03244 0.18125
22 1.075 1.43811 0.39
23 1.125 1.65126 0.6525
24 1.175 1.50653 0.91375
25 1.225 1.29322 1.1575
26 1.275 1.15706 1.39375
27 1.325 0.958021 1.605
28 1.375 1.12124 1.87125
29 1.425 1.06355 2.1425
30 1.475 0.983523 2.41125
31 1.525 0.932931 2.68375
32 1.575 0.918776 2.97
33 1.625 0.946029 3.28375
34 1.675 0.915228 3.60625
35 1.725 1.06028 4.0025
36 1.775 0.947693 4.3775
37 1.825 1.08773 4.8325
38 1.875 1.0588 5.3
39 1.925 0.93737 5.73625
40 1.975 1.04106 6.24625
41 2.025 0.922323 6.72125
42 2.075 1.02404 7.275
43 2.125 0.949972 7.81375
44 2.175 0.9068 8.3525
45 2.225 0.946922 8.94125
46 2.275 1.09614 9.65375
47 2.325 0.98506 10.3225
48 2.375 1.04813 11.065
49 2.425 1.06121 11.8487
50 2.475 1.01714 12.6312
51 2.525 1.0116 13.4412
52 2.575 0.999719 14.2737
53 2.625 1.06022 15.1912
54 2.675 0.987574 16.0787
55 2.725 1.00394 17.015
56 2.775 0.996525 17.9788
57 2.825 1.00521 18.9863
58 2.875 1.00548 20.03
59 2.925 0.950455 21.0512
60 2.975 1.01774 22.1825
61 3.025 0.972408 23.3
62 3.075 1.01788 24.5087
63 3.125 0.984554 25.7162
64 3.175 1.01895 27.0062
65 3.225 0.968465 28.2712
66 3.275 0.999439 29.6175
67 3.325 1.00562 31.0137
68 3.375 1.01973 32.4725
69 3.425 1.04533 34.0125
70 3.475 0.96189 35.4712
71 3.525 1.02291 37.0675
72 3.575 0.961009 38.61
73 3.625 0.987703 40.24
74 3.675 1.0266 41.9812
75 3.725 0.943992 43.6262
76 3.775 0.975726 45.3725
77 3.825 1.01841 47.2438
78 3.875 1.03141 49.1888
79 3.925 0.943923 51.015
80 3.975 1.02049 53.04
81 4.025 0.995289 55.065
82 4.075 1.01297 57.1775
83 4.125 0.978621 59.2688
84 4.175 0.989012 61.4338
85 4.225 1.02429 63.73
86 4.275 0.968881 65.9537
87 4.325 0.967893 68.2275
88 4.375 0.999977 70.6313
89 4.425 1.03749 73.1825
90 4.475 0.995548 75.6863
91 4.525 1.03978 78.36
92 4.575 0.993399 80.9712
93 4.625 0.99949 83.6562
94 4.675 1.04244 86.5175
95 4.725 0.990176 89.2938
96 4.775 0.991812 92.1338
97 4.825 0.992312 95.035
98 4.875 1.01436 98.0625
99 4.925 1.02547 101.186
100 4.975 1.04276 104.428
101 5.025 0.980723 107.538
102 5.075 1.00091 110.775
103 5.125 0.979204 114.005
104 5.175 1.02653 117.458
105 5.225 1.02192 120.961
106 5.275 0.997636 124.448
107 5.325 1.00847 128.039
108 5.375 0.983943 131.609
109 5.425 0.987196 135.257
110 5.475 1.01109 139.064
111 5.525 0.992542 142.869
112 5.575 0.985707 146.716
113 5.625 0.979586 150.609
114 5.675 0.992688 154.624
115 5.725 0.994556 158.718
116 5.775 1.01173 162.955
117 5.825 0.995316 167.196
118 5.875 1.02689 171.648
119 5.925 0.990639 176.015
120 5.975 1.00703 180.53
121 6.025 0.986269 185.026
122 6.075 0.991407 189.621
123 6.125 1.02649 194.458
124 6.175 0.979657 199.149
125 6.225 1.01921 204.109
126 6.275 1.03311 209.218
127 6.325 1.00092 214.246
128 6.375 1.02324 219.469
129 6.425 1.01389 224.725
130 6.475 0.99449 229.961
131 6.525 0.998711 235.301
132 6.575 1.0066 240.766
133 6.625 1.00757 246.32
134 6.675 0.991189 251.866
135 6.725 0.997193 257.53
136 6.775 0.991636 263.246
137 6.825 1.00472 269.124
138 6.875 1.00954 275.116
139 6.925 0.982766 281.035
140 6.975 0.987344 287.068
141 7.025 1.00097 293.271
142 7.075 0.99085 299.5
143 7.125 1.01287 305.958
144 7.175 0.993004 312.378
145 7.225 1.01782 319.05
146 7.275 0.984699 325.595
147 7.325 1.02361 332.493
148 7.375 0.985992 339.228
149 7.425 1.00056 346.155
150 7.475 1.00521 353.209
151 7.525 1.00684 360.369
152 7.575 0.995673 367.544
153 7.625 0.978892 374.691
154 7.675 1.00318 382.113
155 7.725 1.00458 389.641
156 7.775 0.996809 397.209
157 7.825 0.9885 404.81
158 7.875 1.02398 412.785
159 7.925 0.986056 420.563
160 7.975 1.01254 428.65
161 8.025 0.981263 436.586
162 8.075 1.01525 444.9
163 8.125 1.01802 453.34
164 8.175 0.990264 461.651
165 8.225 0.996505 470.118
166 8.275 0.992203 478.65
167 8.325 0.994682 487.308
168 8.375 1.00398 496.151
169 8.425 1.00697 505.128
170 8.475 0.991934 514.075
171 8.525 1.00293 523.229
172 8.575 0.992622 532.395
173 8.625 0.990111 541.645
174 8.675 1.0069 551.161
175 8.725 0.99801 560.702
176 8.775 0.986152 570.239
177 8.825 1.00862 580.104
178 8.875 0.983136 589.829
179 8.925 0.998391 599.816
180 8.975 1.00163 609.949
181 9.025 1.02344 620.418
182 9.075 0.995149 630.71
183 9.125 0.997542 641.141
184 9.175 0.982561 651.529
185 9.225 0.985506 662.061
186 9.275 1.03704 673.265
187 9.325 0.987147 684.045
188 9.375 1.01073 695.201
189 9.425 1.00306 706.391
190 9.475 0.99583 717.619
191 9.525 0.999336 729.005
192 9.575 0.99772 740.493
193 9.625 0.98072 751.903
194 9.675 1.00942 763.769
195 9.725 1.00738 775.734
196 9.775 1.01523 787.916
197 9.825 0.989661 799.914
198 9.875 0.994771 812.096
199 9.925 0.997403 824.435
200 9.975 0.995432 836.874
5050 200
1 0.025 0 0
2 0.075 0 0
3 0.125 0 0
4 0.175 0 0
5 0.225 0 0
6 0.275 0 0
7 0.325 0 0
8 0.375 0 0
9 0.425 0 0
10 0.475 0 0
11 0.525 0 0
12 0.575 0 0
13 0.625 0 0
14 0.675 0 0
15 0.725 0 0
16 0.775 0 0
17 0.825 0 0
18 0.875 0 0
19 0.925 0.0348902 0.00375
20 0.975 0.387319 0.05
21 1.025 0.994551 0.18125
22 1.075 1.44672 0.39125
23 1.125 1.66698 0.65625
24 1.175 1.54257 0.92375
25 1.225 1.20038 1.15
26 1.275 1.17543 1.39
27 1.325 1.00904 1.6125
28 1.375 1.07913 1.86875
29 1.425 1.08315 2.145
30 1.475 0.988097 2.415
31 1.525 0.911534 2.68125
32 1.575 0.922788 2.96875
33 1.625 0.934722 3.27875
34 1.675 0.950702 3.61375
35 1.725 1.04356 4.00375
36 1.775 0.969805 4.3875
37 1.825 1.08175 4.84
38 1.875 1.022 5.29125
39 1.925 0.956171 5.73625
40 1.975 1.03595 6.24375
41 2.025 0.919896 6.7175
42 2.075 1.04254 7.28125
43 2.125 0.925727 7.80625
44 2.175 0.913111 8.34875
45 2.225 0.944912 8.93625
46 2.275 1.06345 9.6275
47 2.325 1.04766 10.3388
48 2.375 1.05872 11.0888
49 2.425 1.02059 11.8425
50 2.475 1.00902 12.6188
51 2.525 1.00224 13.4213
52 2.575 1.02073 14.2713
53 2.625 1.06889 15.1963
54 2.675 0.991747 16.0875
55 2.725 1.0026 17.0225
56 2.775 0.991355 17.9812
57 2.825 0.998978 18.9825
58 2.875 1.03076 20.0525
59 2.925 0.928351 21.05
60 2.975 1.03123 22.1962
61 3.025 0.960443 23.3
62 3.075 1.02209 24.5137
63 3.125 1.00086 25.7412
64 3.175 1.00711 27.0162
65 3.225 0.977078 28.2925
66 3.275 0.969744 29.5987
67 3.325 1.00472 30.9937
68 3.375 1.03459 32.4737
69 3.425 1.05382 34.0262
70 3.475 0.957769 35.4787
71 3.525 1.0125 37.0587
72 3.575 0.970355 38.6162
73 3.625 1.00058 40.2675
74 3.675 1.01555 41.99
75 3.725 0.946862 43.64
76 3.775 0.965948 45.3687
77 3.825 1.02114 47.245
78 3.875 1.03207 49.1912
79 3.925 0.949738 51.0287
80 3.975 1.0123 53.0375
81 4.025 0.997132 55.0662
82 4.075 1.01837 57.19
83 4.125 0.972771 59.2687
84 4.175 0.998148 61.4537
85 4.225 1.02317 63.7475
86 4.275 0.964524 65.9612
87 4.325 0.9647 68.2275
88 4.375 1.0135 70.6637
89 4.425 1.00496 73.135
90 4.475 1.01443 75.6862
91 4.525 1.03249 78.3412
92 4.575 0.996727 80.9612
93 4.625 1.01624 83.6912
94 4.675 1.01329 86.4725
95 4.725 1.00311 89.285
96 4.775 0.994431 92.1325
97 4.825 0.994877 95.0412
98 4.875 1.01813 98.08
99 4.925 1.02259 101.195
100 4.975 1.03029 104.397
101 5.025 0.994913 107.552
102 5.075 0.983521 110.734
103 5.125 0.985267 113.984
104 5.175 1.03322 117.459
105 5.225 1.02192 120.962
106 5.275 1.00121 124.461
107 5.325 1.01339 128.07
108 5.375 0.976363 131.612
109 5.425 0.99193 135.279
110 5.475 1.01806 139.111
111 5.525 0.989607 142.905
112 5.575 0.984426 146.747
113 5.625 0.974552 150.62
114 5.675 0.986816 154.611
115 5.725 1.0064 158.754
116 5.775 0.999792 162.941
117 5.825 1.00646 167.23
118 5.875 1.01017 171.609
119 5.925 0.994608 175.994
120 5.975 1.00173 180.485
121 6.025 0.994221 185.017
122 6.075 1.00112 189.657
123 6.125 1.01933 194.46
124 6.175 0.988271 199.192
125 6.225 1.00405 204.079
126 6.275 1.03817 209.212
127 6.325 1.00813 214.277
128 6.375 1.02642 219.516
129 6.425 1.00304 224.716
130 6.475 0.996864 229.965
131 6.525 1.00128 235.319
132 6.575 1.00108 240.754
133 6.625 1.01641 246.356
134 6.675 0.989402 251.892
135 6.725 0.98839 257.506
136 6.775 0.996407 263.25
137 6.825 1.00985 269.157
138 6.875 0.997534 275.079
139 6.925 0.990861 281.046
140 6.975 0.98223 287.047
141 7.025 1.00359 293.267
142 7.075 0.9994 299.55
143 7.125 1.00856 305.98
144 7.175 0.990491 312.384
145 7.225 1.01268 319.022
146 7.275 0.990717 325.607
147 7.325 1.01415 332.441
148 7.375 0.993129 339.225
149 7.425 1.00128 346.157
150 7.475 1.01162 353.256
151 7.525 1.00104 360.375
152 7.575 0.991336 367.519
153 7.625 0.98728 374.727
154 7.675 1.00301 382.147
155 7.725 0.99958 389.639
156 7.775 1.00043 397.234
157 7.825 0.985411 404.811
158 7.875 1.02269 412.776
159 7.925 0.98669 420.559
160 7.975 1.01004 428.626
161 8.025 0.982191 436.57
162 8.075 1.01937 444.918
163 8.125 1.01365 453.321
164 8.175 0.995179 461.674
165 8.225 0.996505 470.14
166 8.275 0.990168 478.655
167 8.325 0.993677 487.304
168 8.375 1.00242 496.134
169 8.425 1.00795 505.119
170 8.475 0.996507 514.108
171 8.525 0.998137 523.218
172 8.575 0.993028 532.388
173 8.625 0.9869 541.608
174 8.675 1.0114 551.166
175 8.725 1.00219 560.748
176 8.775 0.988867 570.31
177 8.825 0.99763 580.068
178 8.875 0.985663 589.818
179 8.925 0.998017 599.801
180 8.975 1.00497 609.968
181 9.025 1.02087 620.41
182 9.075 0.999379 630.746
183 9.125 0.999574 641.199
184 9.175 0.976531 651.523
185 9.225 0.991705 662.121
186 9.275 1.03091 673.259
187 9.325 0.993671 684.11
188 9.375 1.00722 695.228
189 9.425 0.998581 706.368
190 9.475 0.999156 717.633
191 9.525 1.0035 729.066
192 9.575 0.990446 740.47
193 9.625 0.987488 751.959
194 9.675 1.00506 763.774
195 9.725 1.0077 775.743
196 9.775 1.01512 787.924
197 9.825 0.993991 799.974
198 9.875 0.990484 812.104
199 9.925 0.996393 824.43
200 9.975 0.991131 836.815
5051 200
1 0.025 0 0
2 0.075 0 0
3 0.125 0 0
4 0.175 0 0
5 0.225 0 0
6 0.275 0 0
7 0.325 0 0
8 0.375 0 0
9 0.425 0 0
10 0.475 0 0
11 0.525 0 0
12 0.575 0 0
13 0.625 0 0
14 0.675 0 0
15 0.725 0 0
16 0.775 0 0
17 0.825 0 0
18 0.875 0 0
19 0.925 0.0232601 0.0025
20 0.975 0.408255 0.05125
21 1.025 0.947192 0.17625
22 1.075 1.49839 0.39375
23 1.125 1.65912 0.6575
24 1.175 1.54978 0.92625
25 1.225 1.19375 1.15125
26 1.275 1.14482 1.385
27 1.325 1.04305 1.615
28 1.375 1.07913 1.87125
29 1.425 1.08805 2.14875
30 1.475 1.02469 2.42875
31 1.525 0.86018 2.68
32 1.575 0.906739 2.9625
33 1.625 0.968643 3.28375
34 1.675 0.943608 3.61625
35 1.725 1.03018 4.00125
36 1.775 0.998236 4.39625
37 1.825 1.0698 4.84375
38 1.875 0.982365 5.2775
39 1.925 0.966915 5.7275
40 1.975 1.0232 6.22875
41 2.025 0.953876 6.72
42 2.075 1.04254 7.28375
43 2.125 0.925727 7.80875
44 2.175 0.927839 8.36
45 2.225 0.948933 8.95
46 2.275 1.02499 9.61625
47 2.325 1.06423 10.3387
48 2.375 1.04989 11.0825
49 2.425 1.02059 11.8362
50 2.475 1.01227 12.615
51 2.525 1.00536 13.42
52 2.575 1.03424 14.2812
53 2.625 1.03711 15.1788
54 2.675 1.02374 16.0988
55 2.725 0.983836 17.0163
56 2.775 0.99911 17.9825
57 2.825 0.989001 18.9738
58 2.875 1.03438 20.0475
59 2.925 0.928351 21.045
60 2.975 1.00537 22.1625
61 3.025 0.991987 23.3025
62 3.075 1.00841 24.5
63 3.125 1.02125 25.7525
64 3.175 0.99822 27.0163
65 3.225 0.985691 28.3038
66 3.275 0.9484 29.5813
67 3.325 1.00292 30.9738
68 3.375 1.05556 32.4838
69 3.425 1.036 34.01
70 3.475 0.969308 35.48
71 3.525 1.0165 37.0663
72 3.575 0.958673 38.605
73 3.625 1.01497 40.28
74 3.675 1.02144 42.0125
75 3.725 0.932515 43.6375
76 3.775 0.963852 45.3625
77 3.825 1.02182 47.24
78 3.875 1.02346 49.17
79 3.925 0.972997 51.0525
80 3.975 1.00222 53.0413
81 4.025 1.00389 55.0838
82 4.075 1.00878 57.1875
83 4.125 0.980376 59.2825
84 4.175 0.98787 61.445
85 4.225 1.02931 63.7525
86 4.275 0.959078 65.9537
87 4.325 0.979067 68.2537
88 4.375 0.993217 70.6412
89 4.425 1.00801 73.12
90 4.475 1.02189 75.69
91 4.525 1.02617 78.3287
92 4.575 0.997679 80.9513
93 4.625 1.02276 83.6988
94 4.675 1.0265 86.5162
95 4.725 1.00444 89.3325
96 4.775 0.981771 92.1437
97 4.825 1.00172 95.0725
98 4.875 1.01227 98.0937
99 4.925 1.02259 101.209
100 4.975 1.02145 104.384
101 5.025 0.993731 107.535
102 5.075 0.991637 110.742
103 5.125 0.99133 114.012
104 5.175 1.03062 117.479
105 5.225 1.01682 120.965
106 5.275 0.998351 124.454
107 5.325 1.01093 128.054
108 5.375 0.991867 131.652
109 5.425 0.982461 135.284
110 5.475 1.01341 139.099
111 5.525 1.00135 142.937
112 5.575 0.979942 146.762
113 5.625 0.966059 150.601
114 5.675 0.98867 154.6
115 5.725 1.0067 158.744
116 5.775 1.00516 162.954
117 5.825 1.00734 167.246
118 5.875 1.00642 171.609
119 5.925 0.989505 175.971
120 5.975 1.00145 180.461
121 6.025 0.993672 184.991
122 6.075 1.01083 189.676
123 6.125 1.01959 194.48
124 6.175 0.987488 199.209
125 6.225 1.00277 204.089
126 6.275 1.03058 209.185
127 6.325 1.0141 214.28
128 6.375 1.0274 219.524
129 6.425 0.99315 224.673
130 6.475 1.00992 229.99
131 6.525 0.997308 235.323
132 6.575 1.002 240.763
133 6.625 1.00893 246.324
134 6.675 0.990966 251.869
135 6.725 0.995212 257.521
136 6.775 0.997274 263.27
137 6.825 1.0075 269.164
138 6.875 0.98869 275.032
139 6.925 0.997295 281.039
140 6.975 0.992868 287.105
141 7.025 0.9925 293.256
142 7.075 1.00218 299.556
143 7.125 1.00091 305.938
144 7.175 0.993778 312.363
145 7.225 1.01229 318.999
146 7.275 0.98658 325.556
147 7.325 1.01786 332.415
148 7.375 1.00118 339.254
149 7.425 0.998756 346.169
150 7.475 1.00682 353.234
151 7.525 0.995062 360.31
152 7.575 0.995499 367.484
153 7.625 0.996696 374.761
154 7.675 0.998114 382.145
155 7.725 0.998746 389.63
156 7.775 1.00405 397.253
157 7.825 0.985574 404.831
158 7.875 1.02478 412.813
159 7.925 0.980985 420.55
160 7.975 1.00675 428.591
161 8.025 0.986209 436.568
162 8.075 1.02105 444.929
163 8.125 1.01681 453.359
164 8.175 0.994286 461.704
165 8.225 0.99474 470.155
166 8.275 0.98697 478.643
167 8.325 0.991666 487.274
168 8.375 1.00838 496.156
169 8.425 0.998274 505.055
170 8.475 1.00316 514.104
171 8.525 0.997178 523.205
172 8.575 0.999525 532.435
173 8.625 0.98409 541.629
174 8.675 1.0069 551.145
175 8.725 1.00742 560.776
176 8.775 0.985506 570.306
177 8.825 0.993285 580.021
178 8.875 0.987432 589.789
179 8.925 0.996767 599.76
180 8.975 1.00905 609.968
181 9.025 1.01281 620.328
182 9.075 1.00107 630.681
183 9.125 1.00782 641.22
184 9.175 0.970146 651.476
185 9.225 0.995799 662.119
186 9.275 1.02848 673.23
187 9.325 0.995732 684.104
188 9.375 1.00892 695.24
189 9.425 1.00205 706.419
190 9.475 0.999156 717.684
191 9.525 0.993741 729.006
192 9.575 0.995549 740.469
193 9.625 0.990174 751.989
194 9.675 0.999851 763.743
195 9.725 1.01107 775.751
196 9.775 1.00439 787.804
197 9.825 1.00337 799.968
198 9.875 0.996506 812.171
199 9.925 0.990431 824.424
200 9.975 0.995432 836.863
5052 200
1 0.025 0 0
2 0.075 0 0
3 0.125 0 0
4 0.175 0 0
5 0.225 0 0
6 0.275 0 0
7 0.325 0 0
8 0.375 0 0
9 0.425 0 0
10 0.475 0 0
11 0.525 0 0
12 0.575 0 0
13 0.625 0 0
14 0.675 0 0
15 0.725 0 0
16 0.775 0 0
17 0.825 0 0
18 0.875 0 0
19 0.925 0.0232601 0.0025
20 0.975 0.408255 0.05125
21 1.025 0.899832 0.17
22 1.075 1.51562 0.39
23 1.125 1.65912 0.65375
24 1.175 1.63627 0.9375
25 1.225 1.14069 1.1525
26 1.275 1.18155 1.39375
27 1.325 0.986365 1.61125
28 1.375 1.11071 1.875
29 1.425 1.00473 2.13125
30 1.475 1.08416 2.4275
31 1.525 0.881577 2.685
32 1.575 0.882667 2.96
33 1.625 0.972412 3.2825
34 1.675 0.975534 3.62625
35 1.725 1.00677 4.0025
36 1.775 0.991918 4.395
37 1.825 1.05187 4.835
38 1.875 0.99652 5.275
39 1.925 1.02869 5.75375
40 1.975 0.974715 6.23125
41 2.025 0.956304 6.72375
42 2.075 1.05641 7.295
43 2.125 0.952177 7.835
44 2.175 0.877344 8.35625
45 2.225 0.940891 8.94125
46 2.275 1.04806 9.6225
47 2.325 1.05503 10.3388
48 2.375 1.08518 11.1075
49 2.425 0.973197 11.8263
50 2.475 1.01552 12.6075
51 2.525 1.01941 13.4238
52 2.575 1.03725 14.2875
53 2.625 1.04722 15.1938
54 2.675 0.993138 16.0862
55 2.725 0.981155 17.0012
56 2.775 1.00816 17.9763
57 2.825 0.995237 18.9737
58 2.875 1.03076 20.0437
59 2.925 0.934168 21.0475
60 2.975 1.00649 22.1662
61 3.025 0.984373 23.2975
62 3.075 1.00736 24.4937
63 3.125 1.0294 25.7562
64 3.175 0.986372 27.005
65 3.225 1.01249 28.3275
66 3.275 0.933552 29.585
67 3.325 1.00562 30.9812
68 3.375 1.05993 32.4975
69 3.425 1.02921 34.0138
70 3.475 0.979199 35.4988
71 3.525 0.995674 37.0525
72 3.575 0.975027 38.6175
73 3.625 1.01573 40.2938
74 3.675 1.01333 42.0125
75 3.725 0.926777 43.6275
76 3.775 0.972932 45.3688
77 3.825 1.01909 47.2413
78 3.875 1.0155 49.1563
79 3.925 0.983334 51.0588
80 3.975 1.00159 53.0463
81 4.025 0.985459 55.0513
82 4.075 1.02017 57.1788
83 4.125 0.98564 59.285
84 4.175 0.997006 61.4675
85 4.225 1.02094 63.7563
86 4.275 0.960167 65.96
87 4.325 0.965232 68.2275
88 4.375 0.990617 70.6088
89 4.425 1.02122 73.12
90 4.475 1.02189 75.69
91 4.525 1.02276 78.32
92 4.575 1.02003 81.0012
93 4.625 1.01205 83.72
94 4.675 1.01147 86.4963
95 4.725 1.00311 89.3088
96 4.775 0.996177 92.1613
97 4.825 0.991029 95.0588
98 4.875 1.0085 98.0688
99 4.925 1.03819 101.231
100 4.975 1.01622 104.39
101 5.025 0.972839 107.475
102 5.075 1.01753 110.766
103 5.125 0.977688 113.991
104 5.175 1.0295 117.454
105 5.225 1.0201 120.951
106 5.275 1.00479 124.463
107 5.325 1.01058 128.061
108 5.375 1.00014 131.69
109 5.425 0.972991 135.286
110 5.475 1.01241 139.097
111 5.525 0.992216 142.901
112 5.575 0.987308 146.755
113 5.625 0.960396 150.571
114 5.675 0.999487 154.614
115 5.725 1.0149 158.791
116 5.775 0.989645 162.936
117 5.825 1.0223 167.292
118 5.875 1.00065 171.63
119 5.925 0.980715 175.954
120 5.975 0.993087 180.406
121 6.025 1.00711 184.998
122 6.075 1.0146 189.7
123 6.125 1.02066 194.509
124 6.175 0.986444 199.232
125 6.225 1.00097 204.104
126 6.275 1.03842 209.239
127 6.325 0.995693 214.241
128 6.375 1.03573 219.527
129 6.425 0.995562 224.689
130 6.475 1.00422 229.976
131 6.525 1.00502 235.35
132 6.575 0.996472 240.76
133 6.625 1.00598 246.305
134 6.675 1.00124 251.907
135 6.725 0.996973 257.57
136 6.775 0.985781 263.252
137 6.825 1.00323 269.121
138 6.875 0.992269 275.011
139 6.925 1.00145 281.042
140 6.975 0.993687 287.114
141 7.025 0.999761 293.31
142 7.075 0.999798 299.595
143 7.125 0.991305 305.915
144 7.175 0.997644 312.365
145 7.225 1.01496 319.019
146 7.275 0.983759 325.557
147 7.325 1.01916 332.425
148 7.375 1.00521 339.291
149 7.425 1.0011 346.222
150 7.475 0.99399 353.197
151 7.525 0.992426 360.255
152 7.575 0.997234 367.441
153 7.625 1.00919 374.81
154 7.675 0.996763 382.184
155 7.725 0.999079 389.671
156 7.775 0.994833 397.224
157 7.825 0.996627 404.887
158 7.875 1.0121 412.77
159 7.925 0.986215 420.549
160 7.975 1.00393 428.567
161 8.025 0.996409 436.626
162 8.075 1.01326 444.924
163 8.125 1.01832 453.366
164 8.175 0.988328 461.661
165 8.225 0.998565 470.145
166 8.275 0.991767 478.674
167 8.325 0.990948 487.299
168 8.375 1.00583 496.159
169 8.425 1.00122 505.084
170 8.475 0.997477 514.081
171 8.525 1.00238 523.23
172 8.575 1.00237 532.486
173 8.625 0.976196 541.606
174 8.675 1.01471 551.196
175 8.725 1.00128 560.769
176 8.775 0.98305 570.275
177 8.825 0.991496 579.972
178 8.875 0.994509 589.81
179 8.925 0.98952 599.709
180 8.975 1.01807 610.007
181 9.025 1.00315 620.269
182 9.075 1.01243 630.74
183 9.125 1.00316 641.23
184 9.175 0.971919 651.505
185 9.225 1.00211 662.215
186 9.275 1.0161 673.192
187 9.325 0.998822 684.1
188 9.375 1.01017 695.25
189 9.425 1.00396 706.45
190 9.475 0.993169 717.647
191 9.525 0.998019 729.019
192 9.575 0.990446 740.422
193 9.625 0.993075 751.976
194 9.675 0.997937 763.707
195 9.725 1.01159 775.722
196 9.775 1.00117 787.736
197 9.825 1.00358 799.902
198 9.875 1.0063 812.226
199 9.925 0.985581 824.419
200 9.975 0.995532 836.859
