# Time-averaged data for fix ave_rdf
# TimeStep Number-of-rows
# Row c_myRDF[1] c_myRDF[2] c_myRDF[3]
5713 200
1 0.025 0 0
2 0.075 0 0
3 0.125 0 0
4 0.175 0 0
5 0.225 0 0
6 0.275 0 0
7 0.325 0 0
8 0.375 0 0
9 0.425 0 0
10 0.475 0 0
11 0.525 0 0
12 0.575 0 0
13 0.625 0 0
14 0.675 0 0
15 0.725 0 0
16 0.775 0 0
17 0.825 0 0
18 0.875 0 0
19 0.925 0.0581504 0.00625
20 0.975 0.879319 0.11125
21 1.025 2.2922 0.41375
22 1.075 3.79765 0.965
23 1.125 3.7743 1.565
24 1.175 3.50321 2.1725
25 1.225 3.12363 2.76125
26 1.275 2.25903 3.2225
27 1.325 2.30719 3.73125
28 1.375 2.02665 4.2125
29 1.425 1.7105 4.64875
30 1.475 1.79321 5.13875
31 1.525 1.57058 5.5975
32 1.575 1.48047 6.05875
33 1.625 1.51138 6.56
34 1.675 1.44734 7.07
35 1.725 1.53524 7.64375
36 1.775 1.43102 8.21
37 1.825 1.43138 8.80875
38 1.875 1.48346 9.46375
39 1.925 1.66524 10.2388
40 1.975 1.57945 11.0125
41 2.025 1.76212 11.92
42 2.075 1.78919 12.8875
43 2.125 1.75888 13.885
44 2.175 1.83674 14.9763
45 2.225 1.82348 16.11
46 2.275 1.7769 17.265
47 2.325 1.54664 18.315
48 2.375 1.70806 19.525
49 2.425 1.66882 20.7575
50 2.475 1.55333 21.9525
51 2.525 1.61419 23.245
52 2.575 1.46806 24.4675
53 2.625 1.45311 25.725
54 2.675 1.51196 27.0838
55 2.725 1.56556 28.5438
56 2.775 1.5536 30.0463
57 2.825 1.40805 31.4575
58 2.875 1.47871 32.9925
59 2.925 1.51119 34.6163
60 2.975 1.43495 36.2113
61 3.025 1.49016 37.9238
62 3.075 1.47472 39.675
63 3.125 1.51454 41.5325
64 3.175 1.50276 43.435
65 3.225 1.49959 45.3938
66 3.275 1.48199 47.39
67 3.325 1.46927 49.43
68 3.375 1.49596 51.57
69 3.425 1.39151 53.62
70 3.475 1.48611 55.8738
71 3.525 1.43624 58.115
72 3.575 1.39635 60.3563
73 3.625 1.41187 62.6863
74 3.675 1.41572 65.0875
75 3.725 1.38299 67.4975
76 3.775 1.37384 69.9562
77 3.825 1.38714 72.505
78 3.875 1.35489 75.06
79 3.925 1.33286 77.6388
80 3.975 1.33167 80.2812
81 4.025 1.38788 83.105
82 4.075 1.34144 85.9025
83 4.125 1.40914 88.9138
84 4.175 1.34419 91.8563
85 4.225 1.33765 94.855
86 4.275 1.37898 98.02
87 4.325 1.31908 101.119
88 4.375 1.33434 104.326
89 4.425 1.29673 107.515
90 4.475 1.31315 110.817
91 4.525 1.29596 114.15
92 4.575 1.2597 117.461
93 4.625 1.3052 120.967
94 4.675 1.2961 124.525
95 4.725 1.29022 128.142
96 4.775 1.31485 131.907
97 4.825 1.2685 135.616
98 4.875 1.25141 139.351
99 4.925 1.26265 143.197
100 4.975 1.24303 147.061
101 5.025 1.24049 150.995
102 5.075 1.27375 155.115
103 5.125 1.21756 159.131
104 5.175 1.28818 163.464
105 5.225 1.21771 167.639
106 5.275 1.24803 172
107 5.325 1.22786 176.373
108 5.375 1.22476 180.816
109 5.425 1.19417 185.23
110 5.475 1.1708 189.638
111 5.525 1.19177 194.206
112 5.575 1.20219 198.899
113 5.625 1.19129 203.633
114 5.675 1.18987 208.445
115 5.725 1.20501 213.405
116 5.775 1.19348 218.404
117 5.825 1.18482 223.453
118 5.875 1.13503 228.373
119 5.925 1.14885 233.438
120 5.975 1.14503 238.571
121 6.025 1.17162 243.913
122 6.075 1.12707 249.136
123 6.125 1.15994 254.601
124 6.175 1.16186 260.165
125 6.225 1.14841 265.754
126 6.275 1.16152 271.498
127 6.325 1.1487 277.269
128 6.375 1.12243 282.998
129 6.425 1.10768 288.74
130 6.475 1.1139 294.605
131 6.525 1.10321 300.504
132 6.575 1.09617 306.455
133 6.625 1.07469 312.379
134 6.675 1.11629 318.625
135 6.725 1.08985 324.815
136 6.775 1.08922 331.094
137 6.825 1.1028 337.545
138 6.875 1.01859 343.591
139 6.925 1.08758 350.141
140 6.975 1.07695 356.721
141 7.025 1.09355 363.499
142 7.075 1.06542 370.196
143 7.125 1.0615 376.964
144 7.175 1.05913 383.811
145 7.225 1.05367 390.719
146 7.275 1.08193 397.91
147 7.325 1.04699 404.965
148 7.375 1.06249 412.223
149 7.425 1.03956 419.42
150 7.475 1.05295 426.809
151 7.525 1.02864 434.124
152 7.575 1.04476 441.653
153 7.625 1.002 448.969
154 7.675 1.02431 456.546
155 7.725 0.993242 463.99
156 7.775 1.03698 471.863
157 7.825 1.02426 479.739
158 7.875 1.02077 487.689
159 7.925 1.00666 495.629
160 7.975 1.01943 503.771
161 8.025 0.988836 511.769
162 8.075 1.00899 520.031
163 8.125 0.996157 528.29
164 8.175 0.995924 536.649
165 8.225 0.982381 544.995
166 8.275 0.981592 553.436
167 8.325 0.97989 561.965
168 8.375 1.00044 570.778
169 8.425 0.98972 579.6
170 8.475 0.968376 588.335
171 8.525 0.983071 597.308
172 8.575 0.983823 606.393
173 8.625 0.956528 615.329
174 8.675 0.981905 624.609
175 8.725 0.951594 633.706
176 8.775 0.968314 643.07
177 8.825 0.962357 652.482
178 8.875 0.957483 661.954
179 8.925 0.978898 671.746
180 8.975 0.963574 681.494
181 9.025 0.962947 691.344
182 9.075 0.952486 701.195
183 9.125 0.932992 710.951
184 9.175 0.935384 720.84
185 9.225 0.95533 731.05
186 9.275 0.95929 741.414
187 9.325 0.950632 751.795
188 9.375 0.944936 762.225
189 9.425 0.942892 772.744
190 9.475 0.929974 783.229
191 9.525 0.940093 793.94
192 9.575 0.924112 804.58
193 9.625 0.921412 815.3
194 9.675 0.930096 826.234
195 9.725 0.921715 837.181
196 9.775 0.934393 848.394
197 9.825 0.919133 859.536
198 9.875 0.9272 870.891
199 9.925 0.932938 882.433
200 9.975 0.92911 894.043
5714 200
1 0.025 0 0
2 0.075 0 0
3 0.125 0 0
4 0.175 0 0
5 0.225 0 0
6 0.275 0 0
7 0.325 0 0
8 0.375 0 0
9 0.425 0 0
10 0.475 0 0
11 0.525 0 0
12 0.575 0 0
13 0.625 0 0
14 0.675 0 0
15 0.725 0 0
16 0.775 0 0
17 0.825 0 0
18 0.875 0 0
19 0.925 0.0814105 0.00875
20 0.975 0.816511 0.10625
21 1.025 2.40587 0.42375
22 1.075 3.74598 0.9675
23 1.125 3.80575 1.5725
24 1.175 3.41671 2.165
25 1.225 3.12363 2.75375
26 1.275 2.32025 3.2275
27 1.325 2.27884 3.73
28 1.375 1.9898 4.2025
29 1.425 1.7252 4.6425
30 1.475 1.78864 5.13125
31 1.525 1.56202 5.5875
32 1.575 1.51257 6.05875
33 1.625 1.51515 6.56125
34 1.675 1.42251 7.0625
35 1.725 1.562 7.64625
36 1.775 1.45629 8.2225
37 1.825 1.43735 8.82375
38 1.875 1.45515 9.46625
39 1.925 1.62495 10.2225
40 1.975 1.61517 11.0137
41 2.025 1.73785 11.9087
42 2.075 1.78456 12.8737
43 2.125 1.7699 13.8775
44 2.175 1.86409 14.985
45 2.225 1.83554 16.1262
46 2.275 1.72113 17.245
47 2.325 1.554 18.3
48 2.375 1.75041 19.54
49 2.425 1.65359 20.7613
50 2.475 1.52734 21.9363
51 2.525 1.63761 23.2475
52 2.575 1.46355 24.4663
53 2.625 1.45455 25.725
54 2.675 1.49805 27.0713
55 2.725 1.5803 28.545
56 2.775 1.52904 30.0237
57 2.825 1.42676 31.4537
58 2.875 1.46667 32.9763
59 2.925 1.50304 34.5913
60 2.975 1.4462 36.1988
61 3.025 1.49016 37.9113
62 3.075 1.50735 39.7013
63 3.125 1.50129 41.5425
64 3.175 1.50177 43.4438
65 3.225 1.47758 45.3738
66 3.275 1.51818 47.4188
67 3.325 1.44766 49.4288
68 3.375 1.49072 51.5613
69 3.425 1.38812 53.6063
70 3.475 1.4993 55.88
71 3.525 1.41461 58.0875
72 3.575 1.40491 60.3425
73 3.625 1.4255 62.695
74 3.675 1.40614 65.08
75 3.725 1.3708 67.4688
76 3.775 1.38501 69.9475
77 3.825 1.38442 72.4913
78 3.875 1.34892 75.035
79 3.925 1.34514 77.6375
80 3.975 1.33923 80.295
81 4.025 1.37252 83.0875
82 4.075 1.35043 85.9038
83 4.125 1.40973 88.9163
84 4.175 1.34419 91.8588
85 4.225 1.33654 94.855
86 4.275 1.38715 98.0388
87 4.325 1.31961 101.139
88 4.375 1.3177 104.306
89 4.425 1.32164 107.556
90 4.475 1.29526 110.814
91 4.525 1.30228 114.163
92 4.575 1.26303 117.483
93 4.625 1.29915 120.973
94 4.675 1.28062 124.488
95 4.725 1.30315 128.141
96 4.775 1.32009 131.921
97 4.825 1.2638 135.616
98 4.875 1.25099 139.35
99 4.925 1.25198 143.164
100 4.975 1.25067 147.051
101 5.025 1.23536 150.969
102 5.075 1.28689 155.131
103 5.125 1.21301 159.132
104 5.175 1.28669 163.46
105 5.225 1.21807 167.636
106 5.275 1.24552 171.989
107 5.325 1.23523 176.387
108 5.375 1.21339 180.79
109 5.425 1.20094 185.229
110 5.475 1.16715 189.623
111 5.525 1.19731 194.213
112 5.575 1.19579 198.88
113 5.625 1.19979 203.648
114 5.675 1.18647 208.446
115 5.725 1.20895 213.423
116 5.775 1.18692 218.394
117 5.825 1.19332 223.479
118 5.875 1.13157 228.384
119 5.925 1.15168 233.461
120 5.975 1.13723 238.56
121 6.025 1.17738 243.928
122 6.075 1.12329 249.134
123 6.125 1.16366 254.616
124 6.175 1.1462 260.105
125 6.225 1.16279 265.764
126 6.275 1.16405 271.52
127 6.325 1.14497 277.273
128 6.375 1.13884 283.085
129 6.425 1.09562 288.765
130 6.475 1.11058 294.613
131 6.525 1.0983 300.485
132 6.575 1.08949 306.4
133 6.625 1.09714 312.448
134 6.675 1.09462 318.573
135 6.725 1.09689 324.803
136 6.775 1.0929 331.103
137 6.825 1.10302 337.555
138 6.875 1.0287 343.661
139 6.925 1.077 350.148
140 6.975 1.07961 356.744
141 7.025 1.0885 363.49
142 7.075 1.06502 370.185
143 7.125 1.06463 376.973
144 7.175 1.06125 383.834
145 7.225 1.05653 390.76
146 7.275 1.07046 397.875
147 7.325 1.05348 404.974
148 7.375 1.05937 412.21
149 7.425 1.04154 419.421
150 7.475 1.05402 426.818
151 7.525 1.03444 434.174
152 7.575 1.02898 441.589
153 7.625 1.01347 448.989
154 7.675 1.02042 456.538
155 7.725 0.998913 464.024
156 7.775 1.02941 471.839
157 7.825 1.02052 479.686
158 7.875 1.02365 487.659
159 7.925 1.01427 495.659
160 7.975 1.01708 503.783
161 8.025 0.990536 511.794
162 8.075 1.00899 520.056
163 8.125 0.986357 528.234
164 8.175 1.00114 536.636
165 8.225 0.981498 544.975
166 8.275 0.983046 553.429
167 8.325 0.989225 562.039
168 8.375 0.992065 570.778
169 8.425 0.988878 579.593
170 8.475 0.975859 588.395
171 8.525 0.977867 597.32
172 8.575 0.985042 606.416
173 8.625 0.960408 615.389
174 8.675 0.977805 624.63
175 8.725 0.954732 633.758
176 8.775 0.957585 643.018
177 8.825 0.968236 652.488
178 8.875 0.956219 661.946
179 8.925 0.979523 671.745
180 8.975 0.963079 681.488
181 9.025 0.960259 691.31
182 9.075 0.955508 701.193
183 9.125 0.941001 711.033
184 9.175 0.935384 720.921
185 9.225 0.941061 730.979
186 9.275 0.969356 741.451
187 9.325 0.953608 751.865
188 9.375 0.934404 762.179
189 9.425 0.945805 772.73
190 9.475 0.93718 783.296
191 9.525 0.934278 793.941
192 9.575 0.936163 804.72
193 9.625 0.909701 815.304
194 9.675 0.929884 826.235
195 9.725 0.925924 837.233
196 9.775 0.931164 848.406
197 9.825 0.919751 859.556
198 9.875 0.928732 870.93
199 9.925 0.928188 882.413
200 9.975 0.932911 894.07
5715 200
1 0.025 0 0
2 0.075 0 0
3 0.125 0 0
4 0.175 0 0
5 0.225 0 0
6 0.275 0 0
7 0.325 0 0
8 0.375 0 0
9 0.425 0 0
10 0.475 0 0
11 0.525 0 0
12 0.575 0 0
13 0.625 0 0
14 0.675 0 0
15 0.725 0 0
16 0.775 0 0
17 0.825 0 0
18 0.875 0 0
19 0.925 0.0814105 0.00875
20 0.975 0.76417 0.1
21 1.025 2.43428 0.42125
22 1.075 3.72876 0.9625
23 1.125 3.78216 1.56375
24 1.175 3.45996 2.16375
25 1.225 3.09047 2.74625
26 1.275 2.28964 3.21375
27 1.325 2.3412 3.73
28 1.375 1.97401 4.19875
29 1.425 1.73991 4.6425
30 1.475 1.72917 5.115
31 1.525 1.61765 5.5875
32 1.575 1.56473 6.075
33 1.625 1.49631 6.57125
34 1.675 1.41186 7.06875
35 1.725 1.4951 7.6275
36 1.775 1.53842 8.23625
37 1.825 1.39253 8.81875
38 1.875 1.46364 9.465
39 1.925 1.61421 10.2163
40 1.975 1.62793 11.0137
41 2.025 1.73057 11.905
42 2.075 1.78225 12.8688
43 2.125 1.78754 13.8825
44 2.175 1.83043 14.97
45 2.225 1.87374 16.135
46 2.275 1.69998 17.24
47 2.325 1.58346 18.315
48 2.375 1.75041 19.555
49 2.425 1.66713 20.7862
50 2.475 1.48834 21.9312
51 2.525 1.63449 23.24
52 2.575 1.47406 24.4675
53 2.625 1.44733 25.72
54 2.675 1.53004 27.095
55 2.725 1.58298 28.5712
56 2.775 1.48122 30.0038
57 2.825 1.45669 31.4638
58 2.875 1.42332 32.9413
59 2.925 1.517 34.5713
60 2.975 1.48781 36.225
61 3.025 1.46296 37.9063
62 3.075 1.50419 39.6925
63 3.125 1.50027 41.5325
64 3.175 1.52843 43.4675
65 3.225 1.47184 45.39
66 3.275 1.48013 47.3838
67 3.325 1.46927 49.4238
68 3.375 1.48373 51.5463
69 3.425 1.41866 53.6363
70 3.475 1.47292 55.87
71 3.525 1.41541 58.0788
72 3.575 1.40881 60.34
73 3.625 1.41641 62.6775
74 3.675 1.42456 65.0938
75 3.725 1.35286 67.4513
76 3.775 1.40597 69.9675
77 3.825 1.37489 72.4938
78 3.875 1.35953 75.0575
79 3.925 1.32382 77.6188
80 3.975 1.34301 80.2838
81 4.025 1.38296 83.0975
82 4.075 1.33485 85.8813
83 4.125 1.42845 88.9338
84 4.175 1.33105 91.8475
85 4.225 1.34657 94.8663
86 4.275 1.36754 98.005
87 4.325 1.3228 101.113
88 4.375 1.32498 104.298
89 4.425 1.32571 107.558
90 4.475 1.29029 110.803
91 4.525 1.30665 114.163
92 4.575 1.25304 117.456
93 4.625 1.29217 120.928
94 4.675 1.30066 124.498
95 4.725 1.28308 128.095
96 4.775 1.32707 131.895
97 4.825 1.26337 135.589
98 4.875 1.27277 139.388
99 4.925 1.24172 143.17
100 4.975 1.24624 147.044
101 5.025 1.24719 150.999
102 5.075 1.27452 155.121
103 5.125 1.22742 159.17
104 5.175 1.26551 163.426
105 5.225 1.23411 167.658
106 5.275 1.23765 171.983
107 5.325 1.23734 176.389
108 5.375 1.21305 180.79
109 5.425 1.19383 185.203
110 5.475 1.18275 189.655
111 5.525 1.1947 194.235
112 5.575 1.1833 198.854
113 5.625 1.21426 203.679
114 5.675 1.18059 208.454
115 5.725 1.20926 213.431
116 5.775 1.18632 218.4
117 5.825 1.18775 223.461
118 5.875 1.13273 228.371
119 5.925 1.14318 233.411
120 5.975 1.15451 238.588
121 6.025 1.16943 243.919
122 6.075 1.12814 249.148
123 6.125 1.15809 254.604
124 6.175 1.14828 260.103
125 6.225 1.15406 265.719
126 6.275 1.1686 271.498
127 6.325 1.14447 277.248
128 6.375 1.15084 283.121
129 6.425 1.08477 288.745
130 6.475 1.10512 294.564
131 6.525 1.10321 300.462
132 6.575 1.08949 306.377
133 6.625 1.10463 312.466
134 6.675 1.09663 318.603
135 6.725 1.09315 324.811
136 6.775 1.08466 331.064
137 6.825 1.11135 337.565
138 6.875 1.02196 343.631
139 6.925 1.08509 350.166
140 6.975 1.07941 356.761
141 7.025 1.08003 363.455
142 7.075 1.07357 370.204
143 7.125 1.05601 376.936
144 7.175 1.06415 383.816
145 7.225 1.05768 390.75
146 7.275 1.07647 397.905
147 7.325 1.05107 404.988
148 7.375 1.05407 412.188
149 7.425 1.04696 419.436
150 7.475 1.05687 426.853
151 7.525 1.02442 434.138
152 7.575 1.03522 441.598
153 7.625 1.01433 449.004
154 7.675 1.0167 456.525
155 7.725 1.00959 464.091
156 7.775 1.02315 471.859
157 7.825 1.01565 479.669
158 7.875 1.01884 487.604
159 7.925 1.02457 495.685
160 7.975 1.0116 503.765
161 8.025 1.00213 511.87
162 8.075 0.994336 520.013
163 8.125 1.00174 528.317
164 8.175 0.98386 536.575
165 8.225 0.982969 544.926
166 8.275 0.982755 553.378
167 8.325 1.00272 562.105
168 8.375 0.985963 570.79
169 8.425 0.991262 579.626
170 8.475 0.977106 588.44
171 8.525 0.974443 597.334
172 8.575 0.984635 606.426
173 8.625 0.960943 615.404
174 8.675 0.976218 624.63
175 8.725 0.953032 633.741
176 8.775 0.962885 643.052
177 8.825 0.965807 652.499
178 8.875 0.956725 661.962
179 8.925 0.979648 671.762
180 8.975 0.965056 681.525
181 9.025 0.958914 691.334
182 9.075 0.952365 701.184
183 9.125 0.940283 711.016
184 9.175 0.933728 720.887
185 9.225 0.947962 731.019
186 9.275 0.966926 741.465
187 9.325 0.955783 751.902
188 9.375 0.935083 762.224
189 9.425 0.941436 772.726
190 9.475 0.945163 783.382
191 9.525 0.928025 793.956
192 9.575 0.938009 804.756
193 9.625 0.908734 815.329
194 9.675 0.925205 826.205
195 9.725 0.927082 837.216
196 9.775 0.939289 848.487
197 9.825 0.91573 859.589
198 9.875 0.930161 870.98
199 9.925 0.928391 882.465
200 9.975 0.93031 894.09
5716 200
1 0.025 0 0
2 0.075 0 0
3 0.125 0 0
4 0.175 0 0
5 0.225 0 0
6 0.275 0 0
7 0.325 0 0
8 0.375 0 0
9 0.425 0 0
10 0.475 0 0
11 0.525 0 0
12 0.575 0 0
13 0.625 0 0
14 0.675 0 0
15 0.725 0 0
16 0.775 0 0
17 0.825 0 0
18 0.875 0 0
19 0.925 0.0814105 0.00875
20 0.975 0.753702 0.09875
21 1.025 2.35851 0.41
22 1.075 3.84932 0.96875
23 1.125 3.70353 1.5575
24 1.175 3.53926 2.17125
25 1.225 3.02415 2.74125
26 1.275 2.30188 3.21125
27 1.325 2.31852 3.7225
28 1.375 2.00033 4.1975
29 1.425 1.78402 4.6525
30 1.475 1.71087 5.12
31 1.525 1.56202 5.57625
32 1.575 1.56072 6.0625
33 1.625 1.52646 6.56875
34 1.675 1.41541 7.0675
35 1.725 1.55531 7.64875
36 1.775 1.44365 8.22
37 1.825 1.4254 8.81625
38 1.875 1.4693 9.465
39 1.925 1.58198 10.2012
40 1.975 1.66365 11.0162
41 2.025 1.66504 11.8737
42 2.075 1.84235 12.87
43 2.125 1.77872 13.8787
44 2.175 1.85357 14.98
45 2.225 1.83353 16.12
46 2.275 1.71152 17.2325
47 2.325 1.62581 18.3362
48 2.375 1.731 19.5625
49 2.425 1.62651 20.7638
50 2.475 1.51921 21.9325
51 2.525 1.60326 23.2163
52 2.575 1.49507 24.4613
53 2.625 1.49066 25.7513
54 2.675 1.51614 27.1138
55 2.725 1.54411 28.5538
56 2.775 1.49026 29.995
57 2.825 1.47415 31.4725
58 2.875 1.40285 32.9288
59 2.925 1.53445 34.5775
60 2.975 1.47207 36.2137
61 3.025 1.49559 37.9325
62 3.075 1.47472 39.6837
63 3.125 1.52473 41.5537
64 3.175 1.50869 43.4637
65 3.225 1.47088 45.385
66 3.275 1.46343 47.3562
67 3.325 1.49537 49.4325
68 3.375 1.48198 51.5525
69 3.425 1.42121 53.6462
70 3.475 1.46138 55.8625
71 3.525 1.41541 58.0712
72 3.575 1.40803 60.3312
73 3.625 1.42853 62.6887
74 3.675 1.39435 65.0537
75 3.725 1.37941 67.4575
76 3.775 1.38501 69.9363
77 3.825 1.3851 72.4813
78 3.875 1.36483 75.055
79 3.925 1.318 77.605
80 3.975 1.34679 80.2775
81 4.025 1.38665 83.0988
82 4.075 1.34623 85.9063
83 4.125 1.41616 88.9325
84 4.175 1.32192 91.8263
85 4.225 1.35773 94.87
86 4.275 1.35611 97.9825
87 4.325 1.33345 101.115
88 4.375 1.31458 104.275
89 4.425 1.33028 107.546
90 4.475 1.30172 110.82
91 4.525 1.29984 114.162
92 4.575 1.2597 117.474
93 4.625 1.27775 120.906
94 4.675 1.31568 124.517
95 4.725 1.27595 128.095
96 4.775 1.3262 131.893
97 4.825 1.26465 135.59
98 4.875 1.27612 139.399
99 4.925 1.20725 143.076
100 4.975 1.2744 147.038
101 5.025 1.2598 151.033
102 5.075 1.24708 155.066
103 5.125 1.25584 159.209
104 5.175 1.2603 163.448
105 5.225 1.23192 167.671
106 5.275 1.23909 172.001
107 5.325 1.23207 176.389
108 5.375 1.21821 180.809
109 5.425 1.18369 185.184
110 5.475 1.19537 189.684
111 5.525 1.17938 194.205
112 5.575 1.19803 198.881
113 5.625 1.20797 203.681
114 5.675 1.18307 208.466
115 5.725 1.19833 213.399
116 5.775 1.18811 218.375
117 5.825 1.18511 223.425
118 5.875 1.13878 228.361
119 5.925 1.14232 233.398
120 5.975 1.16037 238.6
121 6.025 1.15983 243.888
122 6.075 1.12949 249.123
123 6.125 1.1626 254.6
124 6.175 1.1462 260.089
125 6.225 1.1633 265.75
126 6.275 1.15975 271.485
127 6.325 1.14895 277.258
128 6.375 1.15133 283.134
129 6.425 1.0773 288.719
130 6.475 1.10726 294.549
131 6.525 1.09877 300.424
132 6.575 1.08627 306.321
133 6.625 1.10962 312.438
134 6.675 1.09127 318.544
135 6.725 1.10503 324.82
136 6.775 1.08661 331.084
137 6.825 1.10558 337.551
138 6.875 1.03691 343.706
139 6.925 1.07098 350.156
140 6.975 1.07798 356.742
141 7.025 1.08225 363.45
142 7.075 1.07814 370.227
143 7.125 1.04601 376.896
144 7.175 1.06415 383.776
145 7.225 1.07026 390.792
146 7.275 1.0714 397.914
147 7.325 1.04717 404.97
148 7.375 1.06194 412.224
149 7.425 1.05508 419.529
150 7.475 1.0371 426.806
151 7.525 1.02916 434.125
152 7.575 1.04008 441.62
153 7.625 1.00936 448.99
154 7.675 1.0194 456.531
155 7.725 1.00859 464.09
156 7.775 1.02776 471.892
157 7.825 1.01695 479.712
158 7.875 1.01146 487.59
159 7.925 1.029 495.706
160 7.975 1.01019 503.775
161 8.025 0.997955 511.846
162 8.075 1.00075 520.041
163 8.125 1.00279 528.355
164 8.175 0.987137 536.64
165 8.225 0.976496 544.936
166 8.275 0.984645 553.404
167 8.325 0.996406 562.076
168 8.375 0.987382 570.774
169 8.425 0.997292 579.664
170 8.475 0.975997 588.467
171 8.525 0.976224 597.377
172 8.575 0.982064 606.446
173 8.625 0.966563 615.476
174 8.675 0.968811 624.632
175 8.725 0.952248 633.736
176 8.775 0.965341 643.071
177 8.825 0.969386 652.552
178 8.875 0.958494 662.034
179 8.925 0.966778 671.705
180 8.975 0.970988 681.527
181 9.025 0.960992 691.357
182 9.075 0.952486 701.209
183 9.125 0.934187 710.977
184 9.175 0.940113 720.916
185 9.225 0.946441 731.031
186 9.275 0.964843 741.455
187 9.325 0.954066 751.874
188 9.375 0.937348 762.22
189 9.425 0.94603 772.774
190 9.475 0.946937 783.45
191 9.525 0.928025 794.024
192 9.575 0.935403 804.794
193 9.625 0.914214 815.43
194 9.675 0.913083 826.164
195 9.725 0.934344 837.261
196 9.775 0.937727 848.514
197 9.825 0.910678 859.554
198 9.875 0.936285 871.02
199 9.925 0.921317 882.418
200 9.975 0.937213 894.129
5717 200
1 0.025 0 0
2 0.075 0 0
3 0.125 0 0
4 0.175 0 0
5 0.225 0 0
6 0.275 0 0
7 0.325 0 0
8 0.375 0 0
9 0.425 0 0
10 0.475 0 0
11 0.525 0 0
12 0.575 0 0
13 0.625 0 0
14 0.675 0 0
15 0.725 0 0
16 0.775 0 0
17 0.825 0 0
18 0.875 0 0
19 0.925 0.0930406 0.01
20 0.975 0.743234 0.09875
21 1.025 2.47217 0.425
22 1.075 3.74598 0.96875
23 1.125 3.81362 1.575
24 1.175 3.48159 2.17875
25 1.225 2.95784 2.73625
26 1.275 2.44269 3.235
27 1.325 2.26751 3.735
28 1.375 1.92664 4.1925
29 1.425 1.83303 4.66
30 1.475 1.69257 5.1225
31 1.525 1.54918 5.575
32 1.575 1.57275 6.065
33 1.625 1.48877 6.55875
34 1.675 1.46862 7.07625
35 1.725 1.51517 7.6425
36 1.775 1.44681 8.215
37 1.825 1.43437 8.815
38 1.875 1.4693 9.46375
39 1.925 1.56855 10.1938
40 1.975 1.68151 11.0175
41 2.025 1.67232 11.8788
42 2.075 1.84466 12.8763
43 2.125 1.74786 13.8675
44 2.175 1.86409 14.975
45 2.225 1.80337 16.0963
46 2.275 1.71536 17.2113
47 2.325 1.69762 18.3638
48 2.375 1.69218 19.5625
49 2.425 1.61466 20.755
50 2.475 1.55821 21.9538
51 2.525 1.59858 23.2338
52 2.575 1.49507 24.4788
53 2.625 1.48055 25.76
54 2.675 1.50083 27.1088
55 2.725 1.53875 28.5438
56 2.775 1.48639 29.9813
57 2.825 1.49535 31.48
58 2.875 1.38479 32.9175
59 2.925 1.54376 34.5763
60 2.975 1.4597 36.1988
61 3.025 1.48363 37.9038
62 3.075 1.50314 39.6887
63 3.125 1.52168 41.555
64 3.175 1.51362 43.4712
65 3.225 1.4594 45.3775
66 3.275 1.45508 47.3375
67 3.325 1.49717 49.4162
68 3.375 1.47674 51.5287
69 3.425 1.44412 53.6562
70 3.475 1.44819 55.8525
71 3.525 1.41942 58.0675
72 3.575 1.40803 60.3275
73 3.625 1.42096 62.6725
74 3.675 1.39214 65.0337
75 3.725 1.39519 67.465
76 3.775 1.37454 69.925
77 3.825 1.3919 72.4825
78 3.875 1.35621 75.04
79 3.925 1.31671 77.5875
80 3.975 1.34553 80.2575
81 4.025 1.39893 83.1038
82 4.075 1.33664 85.8912
83 4.125 1.42143 88.9287
84 4.175 1.32249 91.8237
85 4.225 1.36721 94.8887
86 4.275 1.33977 97.9637
87 4.325 1.34196 101.116
88 4.375 1.31302 104.272
89 4.425 1.32113 107.521
90 4.475 1.30967 110.815
91 4.525 1.29693 114.15
92 4.575 1.27349 117.497
93 4.625 1.27402 120.92
94 4.675 1.29929 124.486
95 4.725 1.28041 128.076
96 4.775 1.32838 131.88
97 4.825 1.28731 135.644
98 4.875 1.2556 139.391
99 4.925 1.21833 143.102
100 4.975 1.27037 147.051
101 5.025 1.25468 151.03
102 5.075 1.25404 155.086
103 5.125 1.25697 159.232
104 5.175 1.25324 163.447
105 5.225 1.23666 167.688
106 5.275 1.23587 172.006
107 5.325 1.22751 176.377
108 5.375 1.21718 180.794
109 5.425 1.19113 185.196
110 5.475 1.19205 189.684
111 5.525 1.18199 194.215
112 5.575 1.19867 198.894
113 5.625 1.20073 203.665
114 5.675 1.19512 208.499
115 5.725 1.1959 213.421
116 5.775 1.18483 218.384
117 5.825 1.16898 223.365
118 5.875 1.15118 228.355
119 5.925 1.14488 233.403
120 5.975 1.17598 238.675
121 6.025 1.1368 243.858
122 6.075 1.13704 249.128
123 6.125 1.17056 254.643
124 6.175 1.14332 260.118
125 6.225 1.14866 265.708
126 6.275 1.15899 271.439
127 6.325 1.15766 277.255
128 6.375 1.14888 283.119
129 6.425 1.07344 288.684
130 6.475 1.10702 294.513
131 6.525 1.10952 300.445
132 6.575 1.09179 306.373
133 6.625 1.1044 312.46
134 6.675 1.08635 318.539
135 6.725 1.12396 324.923
136 6.775 1.08054 331.151
137 6.825 1.08699 337.51
138 6.875 1.03649 343.663
139 6.925 1.06766 350.093
140 6.975 1.09496 356.783
141 7.025 1.07378 363.438
142 7.075 1.07158 370.174
143 7.125 1.04954 376.865
144 7.175 1.07189 383.795
145 7.225 1.06759 390.794
146 7.275 1.06764 397.89
147 7.325 1.05218 404.98
148 7.375 1.05791 412.206
149 7.425 1.05743 419.527
150 7.475 1.03799 426.811
151 7.525 1.02916 434.13
152 7.575 1.03852 441.614
153 7.625 1.01193 449.002
154 7.675 1.01873 456.539
155 7.725 1.01509 464.146
156 7.775 1.02217 471.906
157 7.825 1.00979 479.671
158 7.875 1.02911 487.686
159 7.925 1.01854 495.72
160 7.975 0.999553 503.704
161 8.025 1.00306 511.816
162 8.075 0.998457 519.992
163 8.125 1.00174 528.297
164 8.175 0.988179 536.591
165 8.225 0.980321 544.92
166 8.275 0.991476 553.446
167 8.325 0.993246 562.091
168 8.375 0.988943 570.802
169 8.425 1.00024 579.719
170 8.475 0.972949 588.495
171 8.525 0.976087 597.404
172 8.575 0.980575 606.459
173 8.625 0.972584 615.545
174 8.675 0.962066 624.637
175 8.725 0.951986 633.739
176 8.775 0.968055 643.1
177 8.825 0.968236 652.57
178 8.875 0.952428 661.991
179 8.925 0.971526 671.71
180 8.975 0.967775 681.5
181 9.025 0.967468 691.396
182 9.075 0.944872 701.169
183 9.125 0.942316 711.022
184 9.175 0.945671 721.02
185 9.225 0.944336 731.112
186 9.275 0.955703 741.437
187 9.325 0.950861 751.821
188 9.375 0.946748 762.271
189 9.425 0.939755 772.755
190 9.475 0.944498 783.404
191 9.525 0.931536 794.017
192 9.575 0.938117 804.819
193 9.625 0.9169 815.486
194 9.675 0.913615 826.226
195 9.725 0.931502 837.29
196 9.775 0.938039 848.546
197 9.825 0.912018 859.602
198 9.875 0.934958 871.052
199 9.925 0.920711 882.442
200 9.975 0.931811 894.086
5718 200
1 0.025 0 0
2 0.075 0 0
3 0.125 0 0
4 0.175 0 0
5 0.225 0 0
6 0.275 0 0
7 0.325 0 0
8 0.375 0 0
9 0.425 0 0
10 0.475 0 0
11 0.525 0 0
12 0.575 0 0
13 0.625 0 0
14 0.675 0 0
15 0.725 0 0
16 0.775 0 0
17 0.825 0 0
18 0.875 0 0
19 0.925 0.0465203 0.005
20 0.975 0.826979 0.10375
21 1.025 2.44375 0.42625
22 1.075 3.75459 0.97125
23 1.125 3.72712 1.56375
24 1.175 3.51763 2.17375
25 1.225 2.93794 2.7275
26 1.275 2.51003 3.24
27 1.325 2.24483 3.735
28 1.375 1.97401 4.20375
29 1.425 1.7252 4.64375
30 1.475 1.76119 5.125
31 1.525 1.5449 5.57625
32 1.575 1.57275 6.06625
33 1.625 1.49254 6.56125
34 1.675 1.47217 7.08
35 1.725 1.49176 7.6375
36 1.775 1.4784 8.2225
37 1.825 1.40747 8.81125
38 1.875 1.51177 9.47875
39 1.925 1.55244 10.2012
40 1.975 1.6662 11.0175
41 2.025 1.7063 11.8963
42 2.075 1.79612 12.8675
43 2.125 1.74125 13.855
44 2.175 1.923 14.9975
45 2.225 1.7893 16.11
46 2.275 1.69036 17.2087
47 2.325 1.69209 18.3575
48 2.375 1.69218 19.5562
49 2.425 1.60112 20.7387
50 2.475 1.6037 21.9725
51 2.525 1.53458 23.2013
52 2.575 1.5236 24.47
53 2.625 1.47622 25.7475
54 2.675 1.51892 27.1125
55 2.725 1.51865 28.5288
56 2.775 1.4838 29.9638
57 2.825 1.49784 31.465
58 2.875 1.40285 32.9213
59 2.925 1.52747 34.5625
60 2.975 1.46307 36.1887
61 3.025 1.49451 37.9062
62 3.075 1.47683 39.66
63 3.125 1.55531 41.5675
64 3.175 1.50474 43.4725
65 3.225 1.46227 45.3825
66 3.275 1.43466 47.315
67 3.325 1.51068 49.4125
68 3.375 1.48373 51.535
69 3.425 1.45175 53.6737
70 3.475 1.43006 55.8425
71 3.525 1.41541 58.0513
72 3.575 1.42127 60.3325
73 3.625 1.41793 62.6725
74 3.675 1.39656 65.0413
75 3.725 1.39017 67.4638
76 3.775 1.37104 69.9175
77 3.825 1.39802 72.4862
78 3.875 1.33832 75.01
79 3.925 1.33674 77.5963
80 3.975 1.34931 80.2738
81 4.025 1.39586 83.1138
82 4.075 1.32586 85.8788
83 4.125 1.4185 88.91
84 4.175 1.33905 91.8413
85 4.225 1.35438 94.8775
86 4.275 1.3316 97.9338
87 4.325 1.3542 101.115
88 4.375 1.31458 104.275
89 4.425 1.32571 107.535
90 4.475 1.31265 110.836
91 4.525 1.2804 114.129
92 4.575 1.2849 117.506
93 4.625 1.26332 120.9
94 4.675 1.29428 124.453
95 4.725 1.28353 128.051
96 4.775 1.33406 131.871
97 4.825 1.29843 135.667
98 4.875 1.24931 139.396
99 4.925 1.21423 143.095
100 4.975 1.27158 147.047
101 5.025 1.25783 151.036
102 5.075 1.23935 155.045
103 5.125 1.27175 159.24
104 5.175 1.23615 163.397
105 5.225 1.24177 167.655
106 5.275 1.24839 172.017
107 5.325 1.22295 176.372
108 5.375 1.21615 180.785
109 5.425 1.18572 185.167
110 5.475 1.19238 189.656
111 5.525 1.19275 194.229
112 5.575 1.1897 198.872
113 5.625 1.20702 203.669
114 5.675 1.19203 208.49
115 5.725 1.2041 213.446
116 5.775 1.17229 218.356
117 5.825 1.17044 223.344
118 5.875 1.16041 228.374
119 5.925 1.15735 233.476
120 5.975 1.15953 238.675
121 6.025 1.1442 243.891
122 6.075 1.13758 249.164
123 6.125 1.15703 254.615
124 6.175 1.15324 260.137
125 6.225 1.14301 265.7
126 6.275 1.1595 271.434
127 6.325 1.15492 277.236
128 6.375 1.14961 283.104
129 6.425 1.06452 288.622
130 6.475 1.12316 294.536
131 6.525 1.10929 300.467
132 6.575 1.0911 306.391
133 6.625 1.10327 312.472
134 6.675 1.08166 318.525
135 6.725 1.11604 324.864
136 6.775 1.089 331.141
137 6.825 1.09127 337.525
138 6.875 1.03565 343.672
139 6.925 1.06869 350.109
140 6.975 1.0925 356.784
141 7.025 1.06329 363.374
142 7.075 1.0857 370.199
143 7.125 1.04934 376.889
144 7.175 1.06319 383.762
145 7.225 1.07522 390.811
146 7.275 1.06086 397.862
147 7.325 1.05459 404.969
148 7.375 1.06267 412.227
149 7.425 1.06195 419.58
150 7.475 1.03389 426.835
151 7.525 1.02899 434.152
152 7.575 1.04008 441.647
153 7.625 1.01125 449.031
154 7.675 1.01856 456.566
155 7.725 1.01059 464.14
156 7.775 1.02925 471.954
157 7.825 1.00492 479.681
158 7.875 1.02799 487.687
159 7.925 1.01537 495.696
160 7.975 1.00472 503.721
161 8.025 1.00491 511.849
162 8.075 0.992046 519.972
163 8.125 0.999474 528.259
164 8.175 0.991009 536.576
165 8.225 0.984146 544.938
166 8.275 0.993511 553.481
167 8.325 0.997555 562.164
168 8.375 0.981706 570.811
169 8.425 0.99589 579.689
170 8.475 0.980709 588.535
171 8.525 0.976908 597.451
172 8.575 0.984094 606.539
173 8.625 0.958936 615.498
174 8.675 0.967885 624.645
175 8.725 0.959439 633.818
176 8.775 0.962626 643.126
177 8.825 0.97028 652.616
178 8.875 0.955588 662.069
179 8.925 0.961155 671.684
180 8.975 0.968393 681.48
181 9.025 0.969668 691.399
182 9.075 0.942455 701.146
183 9.125 0.94387 711.016
184 9.175 0.948154 721.04
185 9.225 0.935213 731.035
186 9.275 0.968777 741.501
187 9.325 0.939987 751.766
188 9.375 0.949579 762.248
189 9.425 0.941324 772.749
190 9.475 0.946382 783.419
191 9.525 0.935705 794.08
192 9.575 0.935837 804.855
193 9.625 0.90809 815.42
194 9.675 0.919676 826.231
195 9.725 0.931818 837.299
196 9.775 0.93481 848.516
197 9.825 0.915318 859.613
198 9.875 0.930569 871.009
199 9.925 0.928997 882.501
200 9.975 0.931711 894.144
5719 200
1 0.025 0 0
2 0.075 0 0
3 0.125 0 0
4 0.175 0 0
5 0.225 0 0
6 0.275 0 0
7 0.325 0 0
8 0.375 0 0
9 0.425 0 0
10 0.475 0 0
11 0.525 0 0
12 0.575 0 0
13 0.625 0 0
14 0.675 0 0
15 0.725 0 0
16 0.775 0 0
17 0.825 0 0
18 0.875 0 0
19 0.925 0.0465203 0.005
20 0.975 0.816511 0.1025
21 1.025 2.4627 0.4275
22 1.075 3.67709 0.96125
23 1.125 3.88438 1.57875
24 1.175 3.36626 2.1625
25 1.225 2.95784 2.72
26 1.275 2.55901 3.2425
27 1.325 2.19948 3.7275
28 1.375 2.05824 4.21625
29 1.425 1.67619 4.64375
30 1.475 1.76119 5.125
31 1.525 1.57486 5.585
32 1.575 1.55269 6.06875
33 1.625 1.50385 6.5675
34 1.675 1.45798 7.08125
35 1.725 1.49845 7.64125
36 1.775 1.44997 8.215
37 1.825 1.43735 8.81625
38 1.875 1.48062 9.47
39 1.925 1.53632 10.185
40 1.975 1.68406 11.01
41 2.025 1.733 11.9025
42 2.075 1.72215 12.8338
43 2.125 1.79856 13.8537
44 2.175 1.93142 15.0013
45 2.225 1.80337 16.1225
46 2.275 1.69421 17.2238
47 2.325 1.65159 18.345
48 2.375 1.72218 19.565
49 2.425 1.5842 20.735
50 2.475 1.61833 21.98
51 2.525 1.55487 23.225
52 2.575 1.51909 24.49
53 2.625 1.46611 25.7588
54 2.675 1.51753 27.1225
55 2.725 1.4905 28.5125
56 2.775 1.49802 29.9613
57 2.825 1.48787 31.4525
58 2.875 1.42212 32.9288
59 2.925 1.52282 34.565
60 2.975 1.45632 36.1837
61 3.025 1.47275 37.8762
62 3.075 1.50104 39.6587
63 3.125 1.57366 41.5887
64 3.175 1.50177 43.49
65 3.225 1.4393 45.37
66 3.275 1.43745 47.3062
67 3.325 1.50978 49.4025
68 3.375 1.51256 51.5662
69 3.425 1.43224 53.6762
70 3.475 1.42676 55.84
71 3.525 1.41461 58.0475
72 3.575 1.44852 60.3725
73 3.625 1.38839 62.6638
74 3.675 1.40983 65.055
75 3.725 1.38801 67.4738
76 3.775 1.36895 69.9238
77 3.825 1.39326 72.4838
78 3.875 1.33566 75.0025
79 3.925 1.34514 77.605
80 3.975 1.3386 80.2613
81 4.025 1.41859 83.1475
82 4.075 1.31986 85.9
83 4.125 1.3951 88.8813
84 4.175 1.34019 91.815
85 4.225 1.35717 94.8575
86 4.275 1.35829 97.975
87 4.325 1.3244 101.086
88 4.375 1.32862 104.28
89 4.425 1.31351 107.51
90 4.475 1.31414 110.815
91 4.525 1.28964 114.131
92 4.575 1.28633 117.513
93 4.625 1.25727 120.89
94 4.675 1.30111 124.461
95 4.725 1.28665 128.069
96 4.775 1.33406 131.889
97 4.825 1.30057 135.691
98 4.875 1.23172 139.368
99 4.925 1.22695 143.105
100 4.975 1.27882 147.08
101 5.025 1.24049 151.014
102 5.075 1.24631 155.045
103 5.125 1.27024 159.235
104 5.175 1.25287 163.449
105 5.225 1.20713 167.588
106 5.275 1.26878 172.021
107 5.325 1.224 176.38
108 5.375 1.20547 180.754
109 5.425 1.19552 185.173
110 5.475 1.19205 189.66
111 5.525 1.19307 194.234
112 5.575 1.19226 198.888
113 5.625 1.20293 203.668
114 5.675 1.18708 208.469
115 5.725 1.20926 213.446
116 5.775 1.17826 218.381
117 5.825 1.1637 223.34
118 5.875 1.16387 228.385
119 5.925 1.16019 233.5
120 5.975 1.16706 238.733
121 6.025 1.13187 243.893
122 6.075 1.1454 249.201
123 6.125 1.13845 254.565
124 6.175 1.15742 260.108
125 6.225 1.14275 265.669
126 6.275 1.16456 271.428
127 6.325 1.15915 277.251
128 6.375 1.1457 283.099
129 6.425 1.06621 288.626
130 6.475 1.12767 294.564
131 6.525 1.10064 300.449
132 6.575 1.09156 306.375
133 6.625 1.10758 312.48
134 6.675 1.08122 318.53
135 6.725 1.11186 324.845
136 6.775 1.08705 331.111
137 6.825 1.08635 337.466
138 6.875 1.04555 343.673
139 6.925 1.07949 350.174
140 6.975 1.08166 356.783
141 7.025 1.06087 363.358
142 7.075 1.0857 370.183
143 7.125 1.0515 376.886
144 7.175 1.07034 383.806
145 7.225 1.07712 390.868
146 7.275 1.05334 397.869
147 7.325 1.05385 404.97
148 7.375 1.0645 412.241
149 7.425 1.05581 419.551
150 7.475 1.02944 426.775
151 7.525 1.04235 434.188
152 7.575 1.04008 441.683
153 7.625 1.00577 449.026
154 7.675 1.01569 456.54
155 7.725 1.02477 464.22
156 7.775 1.02282 471.985
157 7.825 1.00264 479.695
158 7.875 1.03136 487.728
159 7.925 1.01094 495.701
160 7.975 1.00785 503.751
161 8.025 0.998882 511.83
162 8.075 0.993878 519.969
163 8.125 0.997816 528.241
164 8.175 0.985796 536.515
165 8.225 0.98856 544.914
166 8.275 0.998017 553.496
167 8.325 1.00459 562.24
168 8.375 0.979293 570.866
169 8.425 0.987196 579.666
170 8.475 0.984035 588.543
171 8.525 0.980606 597.493
172 8.575 0.983688 606.576
173 8.625 0.954119 615.49
174 8.675 0.970398 624.661
175 8.725 0.961662 633.855
176 8.775 0.960816 643.146
177 8.825 0.970408 652.638
178 8.875 0.955335 662.088
179 8.925 0.958406 671.675
180 8.975 0.968887 681.476
181 9.025 0.974189 691.441
182 9.075 0.937016 701.133
183 9.125 0.944109 711.005
184 9.175 0.952883 721.079
185 9.225 0.933459 731.055
186 9.275 0.97167 741.553
187 9.325 0.935981 751.774
188 9.375 0.952184 762.284
189 9.425 0.937402 772.741
190 9.475 0.945939 783.406
191 9.525 0.940093 794.118
192 9.575 0.935837 804.893
193 9.625 0.906478 815.439
194 9.675 0.921483 826.271
195 9.725 0.931607 837.336
196 9.775 0.926685 848.456
197 9.825 0.926247 859.685
198 9.875 0.922607 870.984
199 9.925 0.928492 882.47
200 9.975 0.935512 894.16
5720 200
1 0.025 0 0
2 0.075 0 0
3 0.125 0 0
4 0.175 0 0
5 0.225 0 0
6 0.275 0 0
7 0.325 0 0
8 0.375 0 0
9 0.425 0 0
10 0.475 0 0
11 0.525 0 0
12 0.575 0 0
13 0.625 0 0
14 0.675 0 0
15 0.725 0 0
16 0.775 0 0
17 0.825 0 0
18 0.875 0 0
19 0.925 0.0348902 0.00375
20 0.975 0.774638 0.09625
21 1.025 2.529 0.43
22 1.075 3.54792 0.945
23 1.125 4.0731 1.5925
24 1.175 3.18605 2.145
25 1.225 3.04405 2.71875
26 1.275 2.58962 3.2475
27 1.325 2.12579 3.71625
28 1.375 2.07403 4.20875
29 1.425 1.7056 4.64375
30 1.475 1.78406 5.13125
31 1.525 1.58769 5.595
32 1.575 1.50053 6.0625
33 1.625 1.53777 6.5725
34 1.675 1.46153 7.0875
35 1.725 1.4349 7.62375
36 1.775 1.51315 8.2225
37 1.825 1.41942 8.81625
38 1.875 1.46364 9.4625
39 1.925 1.49872 10.16
40 1.975 1.73254 11.0087
41 2.025 1.733 11.9012
42 2.075 1.71059 12.8262
43 2.125 1.79415 13.8438
44 2.175 1.90407 14.975
45 2.225 1.83554 16.1163
46 2.275 1.69806 17.22
47 2.325 1.69762 18.3725
48 2.375 1.65866 19.5475
49 2.425 1.57742 20.7125
50 2.475 1.65082 21.9825
51 2.525 1.52677 23.205
52 2.575 1.5236 24.4738
53 2.625 1.50222 25.7738
54 2.675 1.50223 27.1238
55 2.725 1.50658 28.5288
56 2.775 1.4489 29.93
57 2.825 1.52653 31.46
58 2.875 1.45102 32.9663
59 2.925 1.46814 34.5438
60 2.975 1.47094 36.1788
61 3.025 1.48145 37.8813
62 3.075 1.52841 39.6963
63 3.125 1.52983 41.5725
64 3.175 1.51066 43.485
65 3.225 1.43643 45.3613
66 3.275 1.43466 47.2938
67 3.325 1.50528 49.3838
68 3.375 1.51693 51.5538
69 3.425 1.44751 53.6863
70 3.475 1.40451 55.8163
71 3.525 1.42983 58.0475
72 3.575 1.46955 60.4063
73 3.625 1.36264 62.655
74 3.675 1.41572 65.0563
75 3.725 1.37941 67.46
76 3.775 1.38432 69.9375
77 3.825 1.37897 72.4713
78 3.875 1.33301 74.985
79 3.925 1.35289 77.6025
80 3.975 1.32663 80.235
81 4.025 1.44563 83.1763
82 4.075 1.33365 85.9575
83 4.125 1.37756 88.9013
84 4.175 1.33619 91.8263
85 4.225 1.35215 94.8575
86 4.275 1.33977 97.9325
87 4.325 1.33291 101.064
88 4.375 1.33018 104.261
89 4.425 1.32418 107.518
90 4.475 1.33303 110.87
91 4.525 1.25901 114.108
92 4.575 1.29584 117.514
93 4.625 1.25727 120.891
94 4.675 1.2879 124.426
95 4.725 1.30002 128.071
96 4.775 1.32838 131.875
97 4.825 1.29202 135.653
98 4.875 1.23256 139.331
99 4.925 1.22736 143.07
100 4.975 1.27238 147.025
101 5.025 1.26296 151.03
102 5.075 1.24206 155.048
103 5.125 1.26986 159.236
104 5.175 1.24692 163.43
105 5.225 1.21588 167.599
106 5.275 1.26019 172.003
107 5.325 1.21522 176.33
108 5.375 1.21477 180.738
109 5.425 1.2006 185.175
110 5.475 1.19438 189.671
111 5.525 1.18622 194.219
112 5.575 1.18938 198.861
113 5.625 1.21143 203.675
114 5.675 1.18554 208.47
115 5.725 1.20683 213.438
116 5.775 1.17737 218.369
117 5.825 1.16927 223.351
118 5.875 1.16099 228.384
119 5.925 1.16302 233.511
120 5.975 1.17152 238.764
121 6.025 1.12008 243.87
122 6.075 1.1454 249.179
123 6.125 1.1358 254.53
124 6.175 1.1676 260.121
125 6.225 1.13967 265.668
126 6.275 1.16152 271.411
127 6.325 1.16264 277.252
128 6.375 1.13786 283.06
129 6.425 1.07513 288.634
130 6.475 1.12269 294.545
131 6.525 1.09877 300.42
132 6.575 1.10054 306.395
133 6.625 1.10213 312.47
134 6.675 1.09574 318.601
135 6.725 1.10129 324.856
136 6.775 1.08748 331.125
137 6.825 1.07438 337.41
138 6.875 1.05776 343.689
139 6.925 1.07969 350.191
140 6.975 1.08064 356.794
141 7.025 1.06511 363.395
142 7.075 1.07854 370.175
143 7.125 1.05522 376.903
144 7.175 1.07363 383.844
145 7.225 1.07198 390.871
146 7.275 1.05146 397.86
147 7.325 1.05719 404.984
148 7.375 1.06322 412.246
149 7.425 1.05671 419.563
150 7.475 1.02962 426.788
151 7.525 1.04006 434.184
152 7.575 1.0432 441.701
153 7.625 1.00217 449.019
154 7.675 1.01484 456.526
155 7.725 1.0276 464.228
156 7.775 1.02414 472.003
157 7.825 1.00914 479.763
158 7.875 1.02109 487.715
159 7.925 1.0149 495.72
160 7.975 1.00425 503.741
161 8.025 0.997337 511.808
162 8.075 0.993725 519.945
163 8.125 0.995403 528.198
164 8.175 0.990264 536.509
165 8.225 0.986353 544.889
166 8.275 0.997727 553.469
167 8.325 1.00588 562.224
168 8.375 0.982273 570.876
169 8.425 0.991683 579.716
170 8.475 0.987084 588.62
171 8.525 0.974991 597.519
172 8.575 0.981522 606.583
173 8.625 0.955725 615.511
174 8.675 0.970001 624.679
175 8.725 0.95264 633.786
176 8.775 0.976586 643.23
177 8.825 0.962868 652.648
178 8.875 0.958115 662.125
179 8.925 0.94766 671.605
180 8.975 0.96864 681.404
181 9.025 0.975045 691.378
182 9.075 0.938829 701.088
183 9.125 0.953791 711.061
184 9.175 0.953238 721.139
185 9.225 0.930067 731.079
186 9.275 0.969934 741.558
187 9.325 0.934951 751.768
188 9.375 0.952637 762.283
189 9.425 0.935945 772.724
190 9.475 0.945163 783.38
191 9.525 0.945578 794.154
192 9.575 0.933883 804.906
193 9.625 0.911743 815.514
194 9.675 0.912764 826.244
195 9.725 0.938764 837.394
196 9.775 0.918455 848.415
197 9.825 0.930784 859.699
198 9.875 0.926384 871.044
199 9.925 0.919297 882.416
200 9.975 0.941714 894.184
5721 200
1 0.025 0 0
2 0.075 0 0
3 0.125 0 0
4 0.175 0 0
5 0.225 0 0
6 0.275 0 0
7 0.325 0 0
8 0.375 0 0
9 0.425 0 0
10 0.475 0 0
11 0.525 0 0
12 0.575 0 0
13 0.625 0 0
14 0.675 0 0
15 0.725 0 0
16 0.775 0 0
17 0.825 0 0
18 0.875 0 0
19 0.925 0.0581504 0.00625
20 0.975 0.743234 0.095
21 1.025 2.47217 0.42125
22 1.075 3.57375 0.94
23 1.125 4.03378 1.58125
24 1.175 3.25092 2.145
25 1.225 2.991 2.70875
26 1.275 2.62023 3.24375
27 1.325 2.16547 3.72125
28 1.375 2.02139 4.20125
29 1.425 1.73991 4.645
30 1.475 1.69715 5.10875
31 1.525 1.62193 5.5825
32 1.575 1.54868 6.065
33 1.625 1.51138 6.56625
34 1.675 1.46862 7.08375
35 1.725 1.44493 7.62375
36 1.775 1.51315 8.2225
37 1.825 1.40448 8.81
38 1.875 1.52309 9.4825
39 1.925 1.46112 10.1625
40 1.975 1.73254 11.0113
41 2.025 1.70387 11.8887
42 2.075 1.74527 12.8325
43 2.125 1.80296 13.855
44 2.175 1.85778 14.9588
45 2.225 1.85162 16.11
46 2.275 1.72306 17.23
47 2.325 1.67552 18.3675
48 2.375 1.65513 19.54
49 2.425 1.59774 20.72
50 2.475 1.61995 21.9662
51 2.525 1.54706 23.205
52 2.575 1.5281 24.4775
53 2.625 1.48489 25.7625
54 2.675 1.52587 27.1337
55 2.725 1.49452 28.5275
56 2.775 1.42693 29.9075
57 2.825 1.52778 31.4387
58 2.875 1.47269 32.9675
59 2.925 1.44139 34.5162
60 2.975 1.49568 36.1788
61 3.025 1.48037 37.88
62 3.075 1.52314 39.6888
63 3.125 1.52575 41.56
64 3.175 1.51757 43.4813
65 3.225 1.46705 45.3975
66 3.275 1.41054 47.2975
67 3.325 1.50888 49.3925
68 3.375 1.51081 51.5538
69 3.425 1.44666 53.685
70 3.475 1.40039 55.8088
71 3.525 1.44024 58.0563
72 3.575 1.45008 60.3838
73 3.625 1.38081 62.6625
74 3.675 1.40761 65.05
75 3.725 1.38084 67.4563
76 3.775 1.38082 69.9275
77 3.825 1.37761 72.4588
78 3.875 1.34097 74.9875
79 3.925 1.35354 77.6063
80 3.975 1.32159 80.2288
81 4.025 1.45669 83.1925
82 4.075 1.32166 85.9488
83 4.125 1.37405 88.885
84 4.175 1.34704 91.8338
85 4.225 1.3555 94.8725
86 4.275 1.32125 97.905
87 4.325 1.3244 101.016
88 4.375 1.35098 104.264
89 4.425 1.33079 107.536
90 4.475 1.32458 110.868
91 4.525 1.2561 114.098
92 4.575 1.3006 117.516
93 4.625 1.25774 120.895
94 4.675 1.27834 124.404
95 4.725 1.30537 128.064
96 4.775 1.33449 131.885
97 4.825 1.28218 135.634
98 4.875 1.24345 139.345
99 4.925 1.22982 143.091
100 4.975 1.2567 146.998
101 5.025 1.27281 151.034
102 5.075 1.2436 155.056
103 5.125 1.27024 159.246
104 5.175 1.24618 163.438
105 5.225 1.21625 167.608
106 5.275 1.25339 171.988
107 5.325 1.20399 176.275
108 5.375 1.2351 180.756
109 5.425 1.21683 185.254
110 5.475 1.17545 189.679
111 5.525 1.18264 194.213
112 5.575 1.20123 198.901
113 5.625 1.19979 203.669
114 5.675 1.17534 208.423
115 5.725 1.21655 213.43
116 5.775 1.18095 218.376
117 5.825 1.15988 223.319
118 5.875 1.16416 228.365
119 5.925 1.17521 233.546
120 5.975 1.16371 238.764
121 6.025 1.12172 243.877
122 6.075 1.14109 249.166
123 6.125 1.14588 254.565
124 6.175 1.16577 260.147
125 6.225 1.13171 265.655
126 6.275 1.15419 271.362
127 6.325 1.17881 277.285
128 6.375 1.12855 283.045
129 6.425 1.07971 288.642
130 6.475 1.11295 294.502
131 6.525 1.10555 300.414
132 6.575 1.10284 306.401
133 6.625 1.10055 312.468
134 6.675 1.09909 318.618
135 6.725 1.09755 324.851
136 6.775 1.09225 331.147
137 6.825 1.05451 337.316
138 6.875 1.07882 343.72
139 6.925 1.08737 350.269
140 6.975 1.06734 356.79
141 7.025 1.06833 363.411
142 7.075 1.07715 370.182
143 7.125 1.05679 376.92
144 7.175 1.07459 383.867
145 7.225 1.07159 390.892
146 7.275 1.043 397.825
147 7.325 1.06424 404.996
148 7.375 1.07255 412.322
149 7.425 1.04786 419.577
150 7.475 1.0289 426.797
151 7.525 1.03795 434.179
152 7.575 1.04407 441.702
153 7.625 1.00594 449.047
154 7.675 1.01079 456.525
155 7.725 1.0326 464.264
156 7.775 1.01986 472.006
157 7.825 1.00898 479.765
158 7.875 1.01772 487.691
159 7.925 1.01807 495.721
160 7.975 1.00519 503.75
161 8.025 0.999346 511.832
162 8.075 0.993878 519.971
163 8.125 0.990729 528.185
164 8.175 0.99369 536.525
165 8.225 0.985618 544.899
166 8.275 0.99918 553.491
167 8.325 1.00114 562.205
168 8.375 0.983834 570.871
169 8.425 0.99 579.696
170 8.475 0.989301 588.62
171 8.525 0.977182 597.539
172 8.575 0.972859 606.523
173 8.625 0.962281 615.513
174 8.675 0.974234 624.72
175 8.725 0.952901 633.83
176 8.775 0.967797 643.189
177 8.825 0.967469 652.651
178 8.875 0.956978 662.117
179 8.925 0.949534 671.616
180 8.975 0.970123 681.43
181 9.025 0.970401 691.356
182 9.075 0.943301 701.112
183 9.125 0.948173 711.027
184 9.175 0.95915 721.167
185 9.225 0.928313 731.089
186 9.275 0.974678 741.619
187 9.325 0.933692 751.815
188 9.375 0.950598 762.307
189 9.425 0.940539 772.8
190 9.475 0.936404 783.357
191 9.525 0.950954 794.192
192 9.575 0.932038 804.924
193 9.625 0.912065 815.535
194 9.675 0.914253 826.282
195 9.725 0.933923 837.375
196 9.775 0.923143 848.452
197 9.825 0.931712 859.747
198 9.875 0.924547 871.07
199 9.925 0.92354 882.495
200 9.975 0.938013 894.216
5722 200
1 0.025 0 0
2 0.075 0 0
3 0.125 0 0
4 0.175 0 0
5 0.225 0 0
6 0.275 0 0
7 0.325 0 0
8 0.375 0 0
9 0.425 0 0
10 0.475 0 0
11 0.525 0 0
12 0.575 0 0
13 0.625 0 0
14 0.675 0 0
15 0.725 0 0
16 0.775 0 0
17 0.825 0 0
18 0.875 0 0
19 0.925 0.0697804 0.0075
20 0.975 0.774638 0.1
21 1.025 2.38692 0.415
22 1.075 3.63403 0.9425
23 1.125 4.00233 1.57875
24 1.175 3.25092 2.1425
25 1.225 3.02415 2.7125
26 1.275 2.64472 3.2525
27 1.325 2.11445 3.71875
28 1.375 2.05297 4.20625
29 1.425 1.7203 4.645
30 1.475 1.7246 5.11625
31 1.525 1.59625 5.5825
32 1.575 1.54065 6.0625
33 1.625 1.56415 6.58125
34 1.675 1.43315 7.08625
35 1.725 1.39476 7.6075
36 1.775 1.55422 8.2225
37 1.825 1.41942 8.81625
38 1.875 1.49195 9.475
39 1.925 1.4826 10.165
40 1.975 1.65855 10.9775
41 2.025 1.75727 11.8825
42 2.075 1.74989 12.8287
43 2.125 1.81398 13.8575
44 2.175 1.83043 14.945
45 2.225 1.87575 16.1112
46 2.275 1.74806 17.2475
47 2.325 1.67184 18.3825
48 2.375 1.62866 19.5362
49 2.425 1.60281 20.72
50 2.475 1.59558 21.9475
51 2.525 1.58765 23.2187
52 2.575 1.50858 24.475
53 2.625 1.52244 25.7925
54 2.675 1.4911 27.1325
55 2.725 1.47843 28.5112
56 2.775 1.44244 29.9062
57 2.825 1.4966 31.4062
58 2.875 1.51604 32.98
59 2.925 1.43441 34.5212
60 2.975 1.46082 36.145
61 3.025 1.50865 37.8787
62 3.075 1.51051 39.6725
63 3.125 1.53798 41.5587
64 3.175 1.50967 43.47
65 3.225 1.45461 45.37
66 3.275 1.4458 47.3175
67 3.325 1.47017 49.3587
68 3.375 1.54664 51.5712
69 3.425 1.43648 53.6875
70 3.475 1.40368 55.8162
71 3.525 1.44024 58.0637
72 3.575 1.42204 60.3462
73 3.625 1.41869 62.6875
74 3.675 1.38035 65.0287
75 3.725 1.39662 67.4625
76 3.775 1.39968 69.9675
77 3.825 1.3504 72.4487
78 3.875 1.3582 75.01
79 3.925 1.34643 77.615
80 3.975 1.3197 80.2338
81 4.025 1.45484 83.1937
82 4.075 1.32166 85.95
83 4.125 1.38458 88.9087
84 4.175 1.32534 91.81
85 4.225 1.35773 94.8537
86 4.275 1.33977 97.9287
87 4.325 1.30737 101
88 4.375 1.3567 104.261
89 4.425 1.3191 107.505
90 4.475 1.33651 110.866
91 4.525 1.27214 114.138
92 4.575 1.28728 117.521
93 4.625 1.25588 120.895
94 4.675 1.29018 124.436
95 4.725 1.29958 128.08
96 4.775 1.32838 131.884
97 4.825 1.27662 135.616
98 4.875 1.25434 139.36
99 4.925 1.2368 143.128
100 4.975 1.24544 146.999
101 5.025 1.27439 151.04
102 5.075 1.26022 155.116
103 5.125 1.26304 159.282
104 5.175 1.2276 163.411
105 5.225 1.22609 167.615
106 5.275 1.24731 171.974
107 5.325 1.20083 176.25
108 5.375 1.24612 180.771
109 5.425 1.21649 185.268
110 5.475 1.18607 189.733
111 5.525 1.17416 194.234
112 5.575 1.19675 198.905
113 5.625 1.19224 203.643
114 5.675 1.19265 208.466
115 5.725 1.21108 213.451
116 5.775 1.1705 218.354
117 5.825 1.1681 223.331
118 5.875 1.16416 228.377
119 5.925 1.17805 233.571
120 5.975 1.1534 238.743
121 6.025 1.12337 243.864
122 6.075 1.14352 249.164
123 6.125 1.13766 254.524
124 6.175 1.1783 260.166
125 6.225 1.124 265.636
126 6.275 1.15773 271.361
127 6.325 1.16612 277.22
128 6.375 1.13908 283.034
129 6.425 1.09201 288.695
130 6.475 1.10108 294.493
131 6.525 1.10929 300.424
132 6.575 1.10376 306.416
133 6.625 1.09782 312.468
134 6.675 1.10668 318.66
135 6.725 1.08721 324.835
136 6.775 1.09464 331.145
137 6.825 1.05579 337.321
138 6.875 1.07713 343.715
139 6.925 1.08613 350.256
140 6.975 1.07491 356.824
141 7.025 1.05381 363.355
142 7.075 1.08073 370.149
143 7.125 1.06738 376.954
144 7.175 1.06918 383.866
145 7.225 1.06454 390.845
146 7.275 1.05109 397.831
147 7.325 1.0635 404.998
148 7.375 1.07822 412.363
149 7.425 1.041 419.57
150 7.475 1.02748 426.78
151 7.525 1.03444 434.136
152 7.575 1.05101 441.71
153 7.625 1.00628 449.058
154 7.675 1.02143 456.614
155 7.725 1.02376 464.286
156 7.775 1.02052 472.034
157 7.825 1.00801 479.785
158 7.875 1.00921 487.645
159 7.925 1.02156 495.703
160 7.975 1.00613 503.739
161 8.025 1.0012 511.836
162 8.075 0.996015 519.993
163 8.125 0.988317 528.186
164 8.175 0.990413 536.499
165 8.225 0.988855 544.9
166 8.275 0.997291 553.476
167 8.325 1.00488 562.223
168 8.375 0.976881 570.828
169 8.425 0.997853 579.723
170 8.475 0.989578 588.649
171 8.525 0.976087 597.558
172 8.575 0.972182 606.535
173 8.625 0.96402 615.541
174 8.675 0.97225 624.73
175 8.725 0.958524 633.894
176 8.775 0.963014 643.206
177 8.825 0.968236 652.676
178 8.875 0.955461 662.128
179 8.925 0.94691 671.6
180 8.975 0.974077 681.454
181 9.025 0.962703 691.301
182 9.075 0.946081 701.086
183 9.125 0.953193 711.054
184 9.175 0.956194 721.163
185 9.225 0.935915 731.165
186 9.275 0.966579 741.608
187 9.325 0.935294 751.821
188 9.375 0.944596 762.248
189 9.425 0.947822 772.821
190 9.475 0.932524 783.335
191 9.525 0.953368 794.197
192 9.575 0.934317 804.955
193 9.625 0.909916 815.541
194 9.675 0.911807 826.26
195 9.725 0.933607 837.349
196 9.775 0.926789 848.47
197 9.825 0.933878 859.791
198 9.875 0.916075 871.01
199 9.925 0.929401 882.507
200 9.975 0.939013 894.241
5723 200
1 0.025 0 0
2 0.075 0 0
3 0.125 0 0
4 0.175 0 0
5 0.225 0 0
6 0.275 0 0
7 0.325 0 0
8 0.375 0 0
9 0.425 0 0
10 0.475 0 0
11 0.525 0 0
12 0.575 0 0
13 0.625 0 0
14 0.675 0 0
15 0.725 0 0
16 0.775 0 0
17 0.825 0 0
18 0.875 0 0
19 0.925 0.0581504 0.00625
20 0.975 0.837447 0.10625
21 1.025 2.35851 0.4175
22 1.075 3.6857 0.9525
23 1.125 3.9237 1.57625
24 1.175 3.26534 2.1425
25 1.225 2.9711 2.7025
26 1.275 2.7243 3.25875
27 1.325 2.08044 3.7175
28 1.375 2.02139 4.1975
29 1.425 1.83303 4.665
30 1.475 1.66055 5.11875
31 1.525 1.57058 5.5775
32 1.575 1.5567 6.0625
33 1.625 1.56415 6.58125
34 1.675 1.38703 7.07
35 1.725 1.40814 7.59625
36 1.775 1.56053 8.21375
37 1.825 1.4762 8.83125
38 1.875 1.45231 9.4725
39 1.925 1.52826 10.1837
40 1.975 1.60751 10.9712
41 2.025 1.78154 11.8887
42 2.075 1.7129 12.815
43 2.125 1.85145 13.865
44 2.175 1.82412 14.9488
45 2.225 1.85967 16.105
46 2.275 1.77113 17.2563
47 2.325 1.66263 18.385
48 2.375 1.63572 19.5438
49 2.425 1.60451 20.7288
50 2.475 1.58583 21.9488
51 2.525 1.57048 23.2063
52 2.575 1.51759 24.47
53 2.625 1.547 25.8088
54 2.675 1.48553 27.1438
55 2.725 1.48246 28.5263
56 2.775 1.41788 29.8975
57 2.825 1.48662 31.3875
58 2.875 1.52929 32.975
59 2.925 1.44255 34.525
60 2.975 1.45857 36.1462
61 3.025 1.50973 37.8812
62 3.075 1.50314 39.6662
63 3.125 1.55225 41.57
64 3.175 1.48993 43.4562
65 3.225 1.46131 45.365
66 3.275 1.4625 47.335
67 3.325 1.47197 49.3787
68 3.375 1.50557 51.5325
69 3.425 1.4543 53.675
70 3.475 1.41605 55.8225
71 3.525 1.45226 58.0887
72 3.575 1.40803 60.3487
73 3.625 1.4202 62.6925
74 3.675 1.37371 65.0225
75 3.725 1.41025 67.48
76 3.775 1.38501 69.9587
77 3.825 1.34292 72.4262
78 3.875 1.3761 75.0212
79 3.925 1.3432 77.62
80 3.975 1.31907 80.2375
81 4.025 1.44378 83.175
82 4.075 1.32645 85.9412
83 4.125 1.37346 88.8762
84 4.175 1.35218 91.8362
85 4.225 1.34769 94.8575
86 4.275 1.3218 97.8912
87 4.325 1.32706 101.009
88 4.375 1.36242 104.284
89 4.425 1.30843 107.501
90 4.475 1.33949 110.87
91 4.525 1.27943 114.16
92 4.575 1.26541 117.486
93 4.625 1.2689 120.895
94 4.675 1.29155 124.44
95 4.725 1.28576 128.045
96 4.775 1.331 131.856
97 4.825 1.2933 135.637
98 4.875 1.2401 139.339
99 4.925 1.2331 143.095
100 4.975 1.24986 146.98
101 5.025 1.27242 151.015
102 5.075 1.27993 155.155
103 5.125 1.25129 159.282
104 5.175 1.22834 163.414
105 5.225 1.22099 167.6
106 5.275 1.24445 171.949
107 5.325 1.20855 176.252
108 5.375 1.24302 180.762
109 5.425 1.21243 185.244
110 5.475 1.20068 189.764
111 5.525 1.17318 194.261
112 5.575 1.1881 198.899
113 5.625 1.19601 203.651
114 5.675 1.18152 208.43
115 5.725 1.20227 213.379
116 5.775 1.18662 218.349
117 5.825 1.17572 223.359
118 5.875 1.14743 228.332
119 5.925 1.19875 233.617
120 5.975 1.13974 238.727
121 6.025 1.13845 243.917
122 6.075 1.1365 249.185
123 6.125 1.13262 254.521
124 6.175 1.17282 260.137
125 6.225 1.13274 265.65
126 6.275 1.16026 271.387
127 6.325 1.16114 277.221
128 6.375 1.13982 283.039
129 6.425 1.09731 288.727
130 6.475 1.09729 294.505
131 6.525 1.11233 300.452
132 6.575 1.09778 306.412
133 6.625 1.09578 312.452
134 6.675 1.10847 318.655
135 6.725 1.08611 324.824
136 6.775 1.10331 331.184
137 6.825 1.05793 337.372
138 6.875 1.07019 343.725
139 6.925 1.0909 350.295
140 6.975 1.07307 356.851
141 7.025 1.05099 363.365
142 7.075 1.07317 370.111
143 7.125 1.06914 376.927
144 7.175 1.07073 383.85
145 7.225 1.06206 390.812
146 7.275 1.05428 397.82
147 7.325 1.07296 405.05
148 7.375 1.07804 412.414
149 7.425 1.0401 419.615
150 7.475 1.02534 426.81
151 7.525 1.0311 434.142
152 7.575 1.04893 441.701
153 7.625 1.00817 449.062
154 7.675 1.0216 456.62
155 7.725 1.0291 464.332
156 7.775 1.02826 472.139
157 7.825 0.992238 479.769
158 7.875 1.01049 487.639
159 7.925 1.01427 495.639
160 7.975 1.01645 503.757
161 8.025 0.998573 511.834
162 8.075 1.00319 520.049
163 8.125 0.974144 528.125
164 8.175 0.997264 536.495
165 8.225 0.991356 544.917
166 8.275 0.998744 553.506
167 8.325 0.998416 562.196
168 8.375 0.99022 570.919
169 8.425 0.990701 579.75
170 8.475 0.99235 588.701
171 8.525 0.97595 597.609
172 8.575 0.966361 606.532
173 8.625 0.97352 615.627
174 8.675 0.962595 624.725
175 8.725 0.967284 633.972
176 8.775 0.957326 643.23
177 8.825 0.967341 652.691
178 8.875 0.948132 662.07
179 8.925 0.952033 671.594
180 8.975 0.977166 681.479
181 9.025 0.963069 691.33
182 9.075 0.94741 701.129
183 9.125 0.944706 711.007
184 9.175 0.963406 721.192
185 9.225 0.936734 731.204
186 9.275 0.959174 741.566
187 9.325 0.935637 751.784
188 9.375 0.945502 762.22
189 9.425 0.951072 772.83
190 9.475 0.937069 783.395
191 9.525 0.949418 794.212
192 9.575 0.941049 805.047
193 9.625 0.902073 815.542
194 9.675 0.915529 826.305
195 9.725 0.930134 837.352
196 9.775 0.926789 848.474
197 9.825 0.939136 859.859
198 9.875 0.910257 871.006
199 9.925 0.934554 882.567
200 9.975 0.937813 894.286
