# Time-averaged data for fix ave_rdf
# TimeStep Number-of-rows
# Row c_myRDF[1] c_myRDF[2] c_myRDF[3]
5697 200
1 0.025 0 0
2 0.075 0 0
3 0.125 0 0
4 0.175 0 0
5 0.225 0 0
6 0.275 0 0
7 0.325 0 0
8 0.375 0 0
9 0.425 0 0
10 0.475 0 0
11 0.525 0 0
12 0.575 0 0
13 0.625 0 0
14 0.675 0 0
15 0.725 0 0
16 0.775 0 0
17 0.825 0 0
18 0.875 0.0129968 0.00125
19 0.925 0.0697804 0.00875
20 0.975 0.806043 0.105
21 1.025 2.77527 0.47125
22 1.075 3.84932 1.03
23 1.125 4.31686 1.71625
24 1.175 3.5825 2.3375
25 1.225 3.2629 2.9525
26 1.275 2.93858 3.5525
27 1.325 2.26751 4.0525
28 1.375 2.24774 4.58625
29 1.425 1.86243 5.06125
30 1.475 1.76577 5.54375
31 1.525 1.63049 6.02
32 1.575 1.61287 6.5225
33 1.625 1.62446 7.06125
34 1.675 1.57504 7.61625
35 1.725 1.4951 8.175
36 1.775 1.66794 8.835
37 1.825 1.64952 9.525
38 1.875 1.79487 10.3175
39 1.925 1.70284 11.11
40 1.975 1.72744 11.9562
41 2.025 1.80338 12.885
42 2.075 1.91401 13.92
43 2.125 1.93741 15.0188
44 2.175 1.92932 16.165
45 2.225 1.99839 17.4075
46 2.275 1.88459 18.6325
47 2.325 1.83571 19.8788
48 2.375 1.78217 21.1412
49 2.425 1.78053 22.4563
50 2.475 1.81655 23.8538
51 2.525 1.67664 25.1963
52 2.575 1.64218 26.5638
53 2.625 1.64522 27.9875
54 2.675 1.57456 29.4025
55 2.725 1.65134 30.9425
56 2.775 1.61564 32.505
57 2.825 1.66122 34.17
58 2.875 1.55217 35.7812
59 2.925 1.71943 37.6287
60 2.975 1.64975 39.4625
61 3.025 1.65222 41.3612
62 3.075 1.57683 43.2338
63 3.125 1.68679 45.3025
64 3.175 1.58965 47.315
65 3.225 1.57711 49.375
66 3.275 1.6249 51.5638
67 3.325 1.5881 53.7688
68 3.375 1.57198 56.0175
69 3.425 1.63078 58.42
70 3.475 1.52897 60.7388
71 3.525 1.54838 63.155
72 3.575 1.57079 65.6762
73 3.625 1.53079 68.2025
74 3.675 1.52921 70.7963
75 3.725 1.53435 73.47
76 3.775 1.51004 76.1725
77 3.825 1.47286 78.8787
78 3.875 1.56104 81.8225
79 3.925 1.47242 84.6712
80 3.975 1.46585 87.58
81 4.025 1.50706 90.6462
82 4.075 1.49608 93.7662
83 4.125 1.46998 96.9075
84 4.175 1.43213 100.042
85 4.225 1.47928 103.359
86 4.275 1.43562 106.654
87 4.325 1.42018 109.99
88 4.375 1.41234 113.385
89 4.425 1.45177 116.955
90 4.475 1.44983 120.601
91 4.525 1.37616 124.14
92 4.575 1.40712 127.839
93 4.625 1.46247 131.767
94 4.675 1.34164 135.45
95 4.725 1.39855 139.371
96 4.775 1.38382 143.334
97 4.825 1.41857 147.481
98 4.875 1.35653 151.53
99 4.925 1.37262 155.711
100 4.975 1.35482 159.923
101 5.025 1.31814 164.103
102 5.075 1.3549 168.485
103 5.125 1.32935 172.87
104 5.175 1.3246 177.325
105 5.225 1.28041 181.715
106 5.275 1.32529 186.346
107 5.325 1.33808 191.111
108 5.375 1.31916 195.897
109 5.425 1.31491 200.757
110 5.475 1.29665 205.639
111 5.525 1.31046 210.662
112 5.575 1.28513 215.679
113 5.625 1.30769 220.875
114 5.675 1.27795 226.044
115 5.725 1.2454 231.17
116 5.775 1.25258 236.416
117 5.825 1.25434 241.761
118 5.875 1.26999 247.266
119 5.925 1.21888 252.64
120 5.975 1.25321 258.259
121 6.025 1.22399 263.839
122 6.075 1.24277 269.599
123 6.125 1.22097 275.351
124 6.175 1.21406 281.165
125 6.225 1.21082 287.057
126 6.275 1.22446 293.112
127 6.325 1.20319 299.157
128 6.375 1.19394 305.251
129 6.425 1.21039 311.526
130 6.475 1.18869 317.785
131 6.525 1.20374 324.221
132 6.575 1.20046 330.739
133 6.625 1.17085 337.192
134 6.675 1.17191 343.75
135 6.725 1.18228 350.465
136 6.775 1.16099 357.157
137 6.825 1.13913 363.821
138 6.875 1.13189 370.54
139 6.925 1.14839 377.456
140 6.975 1.13526 384.392
141 7.025 1.12783 391.382
142 7.075 1.1366 398.527
143 7.125 1.14718 405.841
144 7.175 1.11114 413.025
145 7.225 1.14043 420.501
146 7.275 1.12481 427.977
147 7.325 1.14271 435.677
148 7.375 1.10878 443.251
149 7.425 1.12207 451.02
150 7.475 1.09285 458.689
151 7.525 1.11424 466.612
152 7.575 1.10079 474.545
153 7.625 1.08418 482.461
154 7.675 1.10237 490.616
155 7.725 1.10349 498.886
156 7.775 1.07271 507.03
157 7.825 1.08831 515.399
158 7.875 1.06153 523.666
159 7.925 1.07037 532.109
160 7.975 1.08375 540.765
161 8.025 1.06704 549.395
162 8.075 1.05265 558.015
163 8.125 1.04531 566.681
164 8.175 1.08305 575.771
165 8.225 1.05683 584.75
166 8.275 1.05267 593.802
167 8.325 1.03303 602.794
168 8.375 1.03506 611.911
169 8.425 1.05843 621.346
170 8.475 1.0245 630.587
171 8.525 1.04593 640.134
172 8.575 1.0488 649.819
173 8.625 1.0265 659.409
174 8.675 1.04446 669.28
175 8.725 1.02913 679.119
176 8.775 1.0279 689.059
177 8.825 1.02153 699.05
178 8.875 1.01447 709.085
179 8.925 1.01776 719.266
180 8.975 1.01214 729.505
181 9.025 0.996797 739.701
182 9.075 0.99249 749.966
183 9.125 1.00663 760.492
184 9.175 1.00396 771.106
185 9.225 1.00457 781.842
186 9.275 0.976876 792.396
187 9.325 1.01027 803.429
188 9.375 0.988649 814.341
189 9.425 0.986143 825.342
190 9.475 1.00969 836.726
191 9.525 0.992753 848.037
192 9.575 0.980349 859.325
193 9.625 0.979215 870.717
194 9.675 0.976989 882.202
195 9.725 0.97181 893.745
196 9.775 0.965227 905.327
197 9.825 0.972751 917.12
198 9.875 0.970886 929.01
199 9.925 0.964968 940.947
200 9.975 0.970524 953.075
5698 200
1 0.025 0 0
2 0.075 0 0
3 0.125 0 0
4 0.175 0 0
5 0.225 0 0
6 0.275 0 0
7 0.325 0 0
8 0.375 0 0
9 0.425 0 0
10 0.475 0 0
11 0.525 0 0
12 0.575 0 0
13 0.625 0 0
14 0.675 0 0
15 0.725 0 0
16 0.775 0 0
17 0.825 0 0
18 0.875 0.0129968 0.00125
19 0.925 0.0465203 0.00625
20 0.975 0.858383 0.10875
21 1.025 2.72791 0.46875
22 1.075 3.90099 1.035
23 1.125 4.23822 1.70875
24 1.175 3.7555 2.36
25 1.225 3.15679 2.955
26 1.275 2.90184 3.5475
27 1.325 2.29585 4.05375
28 1.375 2.25301 4.58875
29 1.425 1.83793 5.0575
30 1.475 1.78406 5.545
31 1.525 1.62193 6.01875
32 1.575 1.66904 6.53875
33 1.625 1.62069 7.07625
34 1.675 1.5644 7.6275
35 1.725 1.47169 8.1775
36 1.775 1.68057 8.8425
37 1.825 1.61964 9.52
38 1.875 1.82318 10.325
39 1.925 1.68136 11.1075
40 1.975 1.72489 11.9525
41 2.025 1.81795 12.8888
42 2.075 1.90708 13.92
43 2.125 1.9308 15.015
44 2.175 1.95246 16.175
45 2.225 1.93606 17.3788
46 2.275 1.93267 18.635
47 2.325 1.82835 19.8763
48 2.375 1.78217 21.1388
49 2.425 1.81099 22.4763
50 2.475 1.78731 23.8513
51 2.525 1.69849 25.2112
52 2.575 1.65119 26.5862
53 2.625 1.60911 27.9787
54 2.675 1.59542 29.4125
55 2.725 1.62588 30.9287
56 2.775 1.62986 32.505
57 2.825 1.65997 34.1687
58 2.875 1.57504 35.8037
59 2.925 1.66591 37.5937
60 2.975 1.66437 39.4437
61 3.025 1.67507 41.3687
62 3.075 1.57367 43.2375
63 3.125 1.69392 45.315
64 3.175 1.59261 47.3312
65 3.225 1.57711 49.3912
66 3.275 1.59984 51.5462
67 3.325 1.60071 53.7687
68 3.375 1.57285 56.0187
69 3.425 1.64606 58.4437
70 3.475 1.50259 60.7225
71 3.525 1.55319 63.1462
72 3.575 1.5669 65.6612
73 3.625 1.56184 68.2387
74 3.675 1.51226 70.8037
75 3.725 1.52287 73.4575
76 3.775 1.5247 76.1862
77 3.825 1.48238 78.91
78 3.875 1.53983 81.8137
79 3.925 1.47436 84.6662
80 3.975 1.46207 87.5675
81 4.025 1.51812 90.6562
82 4.075 1.49309 93.77
83 4.125 1.48168 96.9363
84 4.175 1.43669 100.081
85 4.225 1.46311 103.361
86 4.275 1.44325 106.674
87 4.325 1.41539 109.999
88 4.375 1.40246 113.37
89 4.425 1.46143 116.964
90 4.475 1.46226 120.641
91 4.525 1.3645 124.15
92 4.575 1.39808 127.825
93 4.625 1.46201 131.752
94 4.675 1.34711 135.45
95 4.725 1.38919 139.345
96 4.775 1.39299 143.334
97 4.825 1.42455 147.499
98 4.875 1.35988 151.558
99 4.925 1.3677 155.724
100 4.975 1.36689 159.972
101 5.025 1.30829 164.121
102 5.075 1.35606 168.507
103 5.125 1.33049 172.896
104 5.175 1.31531 177.32
105 5.225 1.28916 181.74
106 5.275 1.32708 186.377
107 5.325 1.33773 191.141
108 5.375 1.30951 195.892
109 5.425 1.31694 200.76
110 5.475 1.30561 205.675
111 5.525 1.31143 210.702
112 5.575 1.27969 215.697
113 5.625 1.29259 220.834
114 5.675 1.28351 226.025
115 5.725 1.25603 231.195
116 5.775 1.24243 236.399
117 5.825 1.26725 241.799
118 5.875 1.2622 247.27
119 5.925 1.23305 252.706
120 5.975 1.23732 258.254
121 6.025 1.23085 263.865
122 6.075 1.23171 269.574
123 6.125 1.2345 275.39
124 6.175 1.20075 281.14
125 6.225 1.21313 287.044
126 6.275 1.23028 293.127
127 6.325 1.19548 299.134
128 6.375 1.20766 305.298
129 6.425 1.20171 311.528
130 6.475 1.19747 317.833
131 6.525 1.2028 324.264
132 6.575 1.20415 330.801
133 6.625 1.16495 337.223
134 6.675 1.17281 343.785
135 6.725 1.17788 350.475
136 6.775 1.15991 357.161
137 6.825 1.14618 363.866
138 6.875 1.12283 370.531
139 6.925 1.15005 377.457
140 6.975 1.13588 384.397
141 7.025 1.13832 391.452
142 7.075 1.13163 398.566
143 7.125 1.14188 405.846
144 7.175 1.12931 413.147
145 7.225 1.13433 420.584
146 7.275 1.11409 427.989
147 7.325 1.14419 435.699
148 7.375 1.11116 443.289
149 7.425 1.11322 450.996
150 7.475 1.11156 458.796
151 7.525 1.10264 466.637
152 7.575 1.10114 474.572
153 7.625 1.08418 482.489
154 7.675 1.1049 490.662
155 7.725 1.09815 498.892
156 7.775 1.07782 507.075
157 7.825 1.08376 515.409
158 7.875 1.0641 523.696
159 7.925 1.07179 532.15
160 7.975 1.07874 540.766
161 8.025 1.06704 549.396
162 8.075 1.0589 558.067
163 8.125 1.04561 566.736
164 8.175 1.07397 575.75
165 8.225 1.06786 584.822
166 8.275 1.0502 593.854
167 8.325 1.03317 602.846
168 8.375 1.03918 612
169 8.425 1.04847 621.346
170 8.475 1.0281 630.62
171 8.525 1.04196 640.13
172 8.575 1.05137 649.839
173 8.625 1.02811 659.444
174 8.675 1.04063 669.279
175 8.725 1.03423 679.166
176 8.775 1.03333 689.159
177 8.825 1.01348 699.071
178 8.875 1.01182 709.08
179 8.925 1.02463 719.33
180 8.975 1.00571 729.504
181 9.025 0.997163 739.704
182 9.075 0.99249 749.969
183 9.125 1.00758 760.505
184 9.175 1.00349 771.114
185 9.225 1.00399 781.844
186 9.275 0.976182 792.39
187 9.325 1.01439 803.467
188 9.375 0.988763 814.381
189 9.425 0.986367 825.385
190 9.475 1.0098 836.77
191 9.525 0.989572 848.045
192 9.575 0.982738 859.36
193 9.625 0.985017 870.82
194 9.675 0.974543 882.276
195 9.725 0.961286 893.694
196 9.775 0.963144 905.251
197 9.825 0.978834 917.117
198 9.875 0.967926 928.971
199 9.925 0.976892 941.056
200 9.975 0.962721 953.086
5699 200
1 0.025 0 0
2 0.075 0 0
3 0.125 0 0
4 0.175 0 0
5 0.225 0 0
6 0.275 0 0
7 0.325 0 0
8 0.375 0 0
9 0.425 0 0
10 0.475 0 0
11 0.525 0 0
12 0.575 0 0
13 0.625 0 0
14 0.675 0 0
15 0.725 0 0
16 0.775 0 0
17 0.825 0 0
18 0.875 0 0
19 0.925 0.0814105 0.00875
20 0.975 0.774638 0.10125
21 1.025 2.91735 0.48625
22 1.075 3.88377 1.05
23 1.125 4.15959 1.71125
24 1.175 3.72667 2.3575
25 1.225 3.31596 2.9825
26 1.275 2.74267 3.5425
27 1.325 2.38088 4.0675
28 1.375 2.18984 4.5875
29 1.425 1.87714 5.06625
30 1.475 1.71545 5.535
31 1.525 1.62621 6.01
32 1.575 1.66503 6.52875
33 1.625 1.61692 7.065
34 1.675 1.59633 7.6275
35 1.725 1.51851 8.195
36 1.775 1.60476 8.83
37 1.825 1.64354 9.5175
38 1.875 1.80336 10.3138
39 1.925 1.70822 11.1088
40 1.975 1.74275 11.9625
41 2.025 1.76455 12.8712
42 2.075 1.92095 13.91
43 2.125 1.93962 15.01
44 2.175 1.9735 16.1825
45 2.225 1.94411 17.3912
46 2.275 1.89613 18.6238
47 2.325 1.8265 19.8638
48 2.375 1.81746 21.1513
49 2.425 1.79576 22.4775
50 2.475 1.75969 23.8313
51 2.525 1.72191 25.21
52 2.575 1.63618 26.5725
53 2.625 1.612 27.9675
54 2.675 1.62046 29.4238
55 2.725 1.62319 30.9375
56 2.775 1.62339 32.5075
57 2.825 1.64127 34.1525
58 2.875 1.59552 35.8088
59 2.925 1.69267 37.6275
60 2.975 1.643 39.4538
61 3.025 1.66201 41.3638
62 3.075 1.59577 43.2588
63 3.125 1.67456 45.3125
64 3.175 1.59162 47.3275
65 3.225 1.5972 49.4138
66 3.275 1.58593 51.55
67 3.325 1.5908 53.7588
68 3.375 1.59383 56.0388
69 3.425 1.63672 58.45
70 3.475 1.51001 60.74
71 3.525 1.56841 63.1875
72 3.575 1.5412 65.6613
73 3.625 1.56639 68.2463
74 3.675 1.51153 70.81
75 3.725 1.52215 73.4625
76 3.775 1.51702 76.1775
77 3.825 1.49803 78.93
78 3.875 1.5385 81.8313
79 3.925 1.46079 84.6575
80 3.975 1.47088 87.5763
81 4.025 1.49846 90.625
82 4.075 1.51766 93.79
83 4.125 1.46647 96.9238
84 4.175 1.45554 100.11
85 4.225 1.44527 103.35
86 4.275 1.45196 106.683
87 4.325 1.40528 109.984
88 4.375 1.42118 113.4
89 4.425 1.43398 116.926
90 4.475 1.46971 120.623
91 4.525 1.37422 124.156
92 4.575 1.41615 127.879
93 4.625 1.4541 131.785
94 4.675 1.35166 135.495
95 4.725 1.37091 139.339
96 4.775 1.39866 143.344
97 4.825 1.40959 147.465
98 4.875 1.3758 151.571
99 4.925 1.36319 155.724
100 4.975 1.36729 159.974
101 5.025 1.31065 164.13
102 5.075 1.35065 168.499
103 5.125 1.33807 172.913
104 5.175 1.30267 177.294
105 5.225 1.31432 181.8
106 5.275 1.30776 186.37
107 5.325 1.33597 191.127
108 5.375 1.31123 195.885
109 5.425 1.3281 200.794
110 5.475 1.31723 205.752
111 5.525 1.28339 210.672
112 5.575 1.29794 215.739
113 5.625 1.29164 220.871
114 5.675 1.28289 226.06
115 5.725 1.26635 231.272
116 5.775 1.2281 236.416
117 5.825 1.27165 241.835
118 5.875 1.25327 247.267
119 5.925 1.23135 252.696
120 5.975 1.24178 258.264
121 6.025 1.22893 263.866
122 6.075 1.2344 269.588
123 6.125 1.22972 275.381
124 6.175 1.20519 281.153
125 6.225 1.21262 287.054
126 6.275 1.23837 293.178
127 6.325 1.19473 299.18
128 6.375 1.21035 305.358
129 6.425 1.20027 311.58
130 6.475 1.19747 317.885
131 6.525 1.19953 324.299
132 6.575 1.19632 330.794
133 6.625 1.17243 337.256
134 6.675 1.16678 343.785
135 6.725 1.1814 350.495
136 6.775 1.16381 357.204
137 6.825 1.13998 363.873
138 6.875 1.12873 370.572
139 6.925 1.1513 377.506
140 6.975 1.12033 384.351
141 7.025 1.15829 391.53
142 7.075 1.12328 398.591
143 7.125 1.13757 405.844
144 7.175 1.13646 413.191
145 7.225 1.1288 420.591
146 7.275 1.11916 428.03
147 7.325 1.14326 435.734
148 7.375 1.11702 443.364
149 7.425 1.10546 451.017
150 7.475 1.11138 458.816
151 7.525 1.10334 466.662
152 7.575 1.09697 474.567
153 7.625 1.09462 482.56
154 7.675 1.1 490.697
155 7.725 1.09832 498.929
156 7.775 1.07634 507.1
157 7.825 1.08489 515.442
158 7.875 1.05848 523.686
159 7.925 1.07607 532.174
160 7.975 1.07686 540.775
161 8.025 1.0692 549.422
162 8.075 1.05845 558.09
163 8.125 1.04456 566.75
164 8.175 1.07069 575.736
165 8.225 1.07434 584.864
166 8.275 1.05107 593.903
167 8.325 1.03619 602.921
168 8.375 1.03464 612.035
169 8.425 1.04735 621.371
170 8.475 1.03642 630.72
171 8.525 1.03142 640.134
172 8.575 1.05678 649.892
173 8.625 1.02276 659.447
174 8.675 1.03864 669.264
175 8.725 1.04364 679.241
176 8.775 1.02105 689.115
177 8.825 1.0246 699.136
178 8.875 1.01005 709.127
179 8.925 1.02476 719.379
180 8.975 1.00608 729.556
181 9.025 0.992397 739.707
182 9.075 0.991644 749.964
183 9.125 1.00651 760.489
184 9.175 1.00786 771.144
185 9.225 1.002 781.852
186 9.275 0.979885 792.439
187 9.325 1.0113 803.482
188 9.375 0.988649 814.395
189 9.425 0.994771 825.492
190 9.475 1.0027 836.797
191 9.525 0.994399 848.127
192 9.575 0.979481 859.405
193 9.625 0.987166 870.89
194 9.675 0.97465 882.347
195 9.725 0.96076 893.759
196 9.775 0.956685 905.239
197 9.825 0.982134 917.145
198 9.875 0.968335 929.004
199 9.925 0.974669 941.061
200 9.975 0.95952 953.051
5700 200
1 0.025 0 0
2 0.075 0 0
3 0.125 0 0
4 0.175 0 0
5 0.225 0 0
6 0.275 0 0
7 0.325 0 0
8 0.375 0 0
9 0.425 0 0
10 0.475 0 0
11 0.525 0 0
12 0.575 0 0
13 0.625 0 0
14 0.675 0 0
15 0.725 0 0
16 0.775 0 0
17 0.825 0 0
18 0.875 0 0
19 0.925 0.0814105 0.00875
20 0.975 0.732766 0.09625
21 1.025 2.97418 0.48875
22 1.075 3.90099 1.055
23 1.125 4.11241 1.70875
24 1.175 3.76992 2.3625
25 1.225 3.28943 2.9825
26 1.275 2.68757 3.53125
27 1.325 2.47725 4.0775
28 1.375 2.08982 4.57375
29 1.425 1.94085 5.06875
30 1.475 1.70172 5.53375
31 1.525 1.61765 6.00625
32 1.575 1.68509 6.53125
33 1.625 1.62069 7.06875
34 1.675 1.59633 7.63125
35 1.725 1.50179 8.1925
36 1.775 1.63951 8.84125
37 1.825 1.65251 9.5325
38 1.875 1.75807 10.3087
39 1.925 1.74313 11.12
40 1.975 1.73254 11.9687
41 2.025 1.7694 12.88
42 2.075 1.91632 13.9162
43 2.125 1.97048 15.0337
44 2.175 1.93773 16.185
45 2.225 1.93405 17.3875
46 2.275 1.91921 18.635
47 2.325 1.80625 19.8612
48 2.375 1.86334 21.1812
49 2.425 1.73652 22.4637
50 2.475 1.75156 23.8112
51 2.525 1.74845 25.2112
52 2.575 1.63468 26.5725
53 2.625 1.625 27.9787
54 2.675 1.65245 29.4637
55 2.725 1.5803 30.9375
56 2.775 1.61822 32.5025
57 2.825 1.63503 34.1412
58 2.875 1.63284 35.8362
59 2.925 1.66708 37.6275
60 2.975 1.62838 39.4375
61 3.025 1.65875 41.3437
62 3.075 1.59367 43.2362
63 3.125 1.71634 45.3412
64 3.175 1.58372 47.3462
65 3.225 1.59433 49.4287
66 3.275 1.54324 51.5075
67 3.325 1.64932 53.7975
68 3.375 1.57373 56.0487
69 3.425 1.61975 58.435
70 3.475 1.52155 60.7425
71 3.525 1.5612 63.1787
72 3.575 1.55833 65.68
73 3.625 1.58608 68.2975
74 3.675 1.49531 70.8337
75 3.725 1.51354 73.4712
76 3.775 1.53308 76.215
77 3.825 1.49463 78.9613
78 3.875 1.52325 81.8338
79 3.925 1.47371 84.685
80 3.975 1.46522 87.5925
81 4.025 1.48065 90.605
82 4.075 1.53145 93.7987
83 4.125 1.48109 96.9638
84 4.175 1.44355 100.124
85 4.225 1.46144 103.4
86 4.275 1.44052 106.706
87 4.325 1.40422 110.005
88 4.375 1.42326 113.426
89 4.425 1.43856 116.964
90 4.475 1.44983 120.61
91 4.525 1.3854 124.172
92 4.575 1.43042 127.933
93 4.625 1.40524 131.708
94 4.675 1.39447 135.535
95 4.725 1.3611 139.351
96 4.775 1.40914 143.386
97 4.825 1.40446 147.492
98 4.875 1.36616 151.57
99 4.925 1.37098 155.746
100 4.975 1.36448 159.987
101 5.025 1.31302 164.151
102 5.075 1.34601 168.505
103 5.125 1.34034 172.926
104 5.175 1.30044 177.3
105 5.225 1.33 181.86
106 5.275 1.30705 186.427
107 5.325 1.32334 191.14
108 5.375 1.30744 195.884
109 5.425 1.32979 200.799
110 5.475 1.32221 205.776
111 5.525 1.28307 210.695
112 5.575 1.30179 215.776
113 5.625 1.29573 220.925
114 5.675 1.27022 226.062
115 5.725 1.26422 231.266
116 5.775 1.23258 236.429
117 5.825 1.28778 241.916
118 5.875 1.23135 247.254
119 5.925 1.25574 252.79
120 5.975 1.22616 258.287
121 6.025 1.25004 263.986
122 6.075 1.21499 269.618
123 6.125 1.23052 275.415
124 6.175 1.19997 281.161
125 6.225 1.21827 287.09
126 6.275 1.23559 293.2
127 6.325 1.18403 299.149
128 6.375 1.21648 305.358
129 6.425 1.19786 311.567
130 6.475 1.20554 317.915
131 6.525 1.2007 324.335
132 6.575 1.19056 330.799
133 6.625 1.17493 337.275
134 6.675 1.1661 343.8
135 6.725 1.18536 350.533
136 6.775 1.15644 357.199
137 6.825 1.14597 363.903
138 6.875 1.12999 370.61
139 6.925 1.15296 377.554
140 6.975 1.11992 384.396
141 7.025 1.14901 391.517
142 7.075 1.13004 398.621
143 7.125 1.13894 405.882
144 7.175 1.14342 413.275
145 7.225 1.12613 420.657
146 7.275 1.10882 428.027
147 7.325 1.14753 435.76
148 7.375 1.11867 443.401
149 7.425 1.1069 451.065
150 7.475 1.11067 458.859
151 7.525 1.10492 466.716
152 7.575 1.09507 474.608
153 7.625 1.10061 482.644
154 7.675 1.09291 490.729
155 7.725 1.09515 498.936
156 7.775 1.07469 507.095
157 7.825 1.08457 515.435
158 7.875 1.06314 523.715
159 7.925 1.07877 532.224
160 7.975 1.07076 540.776
161 8.025 1.07492 549.47
162 8.075 1.05326 558.095
163 8.125 1.04968 566.797
164 8.175 1.07099 575.786
165 8.225 1.06536 584.837
166 8.275 1.0691 594.031
167 8.325 1.01981 602.907
168 8.375 1.03719 612.044
169 8.425 1.04918 621.396
170 8.475 1.03808 630.76
171 8.525 1.02703 640.134
172 8.575 1.05502 649.876
173 8.625 1.01834 659.39
174 8.675 1.04724 669.287
175 8.725 1.04665 679.294
176 8.775 1.01963 689.154
177 8.825 1.02025 699.132
178 8.875 1.01751 709.197
179 8.925 1.01514 719.352
180 8.975 1.00979 729.567
181 9.025 0.99142 739.709
182 9.075 0.990194 749.95
183 9.125 1.00543 760.464
184 9.175 1.01744 771.22
185 9.225 0.997085 781.876
186 9.275 0.98648 792.534
187 9.325 1.00523 803.511
188 9.375 0.987517 814.411
189 9.425 0.997684 825.541
190 9.475 0.995608 836.766
191 9.525 0.999665 848.156
192 9.575 0.981761 859.46
193 9.625 0.984158 870.91
194 9.675 0.977095 882.396
195 9.725 0.956024 893.751
196 9.775 0.963873 905.317
197 9.825 0.981927 917.221
198 9.875 0.966293 929.055
199 9.925 0.96992 941.054
200 9.975 0.95882 953.035
5701 200
1 0.025 0 0
2 0.075 0 0
3 0.125 0 0
4 0.175 0 0
5 0.225 0 0
6 0.275 0 0
7 0.325 0 0
8 0.375 0 0
9 0.425 0 0
10 0.475 0 0
11 0.525 0 0
12 0.575 0 0
13 0.625 0 0
14 0.675 0 0
15 0.725 0 0
16 0.775 0 0
17 0.825 0 0
18 0.875 0 0
19 0.925 0.0581504 0.00625
20 0.975 0.795575 0.10125
21 1.025 2.93629 0.48875
22 1.075 3.84071 1.04625
23 1.125 4.30113 1.73
24 1.175 3.60413 2.355
25 1.225 3.38228 2.9925
26 1.275 2.65696 3.535
27 1.325 2.47158 4.08
28 1.375 2.04244 4.565
29 1.425 2.01437 5.07875
30 1.475 1.61938 5.52125
31 1.525 1.65617 6.005
32 1.575 1.67707 6.5275
33 1.625 1.63199 7.06875
34 1.675 1.60342 7.63375
35 1.725 1.48172 8.1875
36 1.775 1.65214 8.84125
37 1.825 1.61964 9.51875
38 1.875 1.76656 10.2988
39 1.925 1.80759 11.14
40 1.975 1.67386 11.96
41 2.025 1.78639 12.88
42 2.075 1.92788 13.9225
43 2.125 1.97488 15.0425
44 2.175 1.91669 16.1813
45 2.225 1.95416 17.3963
46 2.275 1.89421 18.6275
47 2.325 1.77495 19.8325
48 2.375 1.90922 21.185
49 2.425 1.74329 22.4725
50 2.475 1.74831 23.8175
51 2.525 1.76094 25.2275
52 2.575 1.59565 26.5563
53 2.625 1.64666 27.9813
54 2.675 1.66358 29.4763
55 2.725 1.56154 30.9325
56 2.775 1.63503 32.5138
57 2.825 1.63378 34.1513
58 2.875 1.60394 35.8163
59 2.925 1.6822 37.6238
60 2.975 1.634 39.44
61 3.025 1.64026 41.325
62 3.075 1.62209 43.2512
63 3.125 1.69392 45.3287
64 3.175 1.60248 47.3575
65 3.225 1.57519 49.415
66 3.275 1.58314 51.5475
67 3.325 1.62231 53.8
68 3.375 1.57635 56.055
69 3.425 1.6189 58.44
70 3.475 1.53639 60.77
71 3.525 1.54277 63.1775
72 3.575 1.54509 65.6575
73 3.625 1.59593 68.2913
74 3.675 1.50637 70.8462
75 3.725 1.50565 73.47
76 3.775 1.54426 76.2338
77 3.825 1.48986 78.9712
78 3.875 1.50403 81.8075
79 3.925 1.50084 84.7113
80 3.975 1.47214 87.6325
81 4.025 1.46344 90.61
82 4.075 1.54703 93.8363
83 4.125 1.45769 96.9513
84 4.175 1.46753 100.164
85 4.225 1.47092 103.461
86 4.275 1.4024 106.68
87 4.325 1.4271 110.033
88 4.375 1.4061 113.413
89 4.425 1.42737 116.923
90 4.475 1.46723 120.613
91 4.525 1.3922 124.193
92 4.575 1.41758 127.919
93 4.625 1.42246 131.74
94 4.675 1.38354 135.538
95 4.725 1.37359 139.389
96 4.775 1.40609 143.415
97 4.825 1.40018 147.509
98 4.875 1.36616 151.586
99 4.925 1.37509 155.775
100 4.975 1.36126 160.006
101 5.025 1.31657 164.181
102 5.075 1.33442 168.498
103 5.125 1.35057 172.953
104 5.175 1.30119 177.329
105 5.225 1.33328 181.9
106 5.275 1.31635 186.5
107 5.325 1.30754 191.156
108 5.375 1.31434 195.925
109 5.425 1.32742 200.831
110 5.475 1.3086 205.758
111 5.525 1.28502 210.684
112 5.575 1.31524 215.818
113 5.625 1.28881 220.939
114 5.675 1.27022 226.076
115 5.725 1.25876 231.258
116 5.775 1.23706 236.439
117 5.825 1.28631 241.92
118 5.875 1.23423 247.27
119 5.925 1.25148 252.788
120 5.975 1.22895 258.298
121 6.025 1.24977 263.995
122 6.075 1.22712 269.683
123 6.125 1.21062 275.386
124 6.175 1.19971 281.131
125 6.225 1.23599 287.146
126 6.275 1.22623 293.21
127 6.325 1.18851 299.181
128 6.375 1.21721 305.394
129 6.425 1.19786 311.604
130 6.475 1.19842 317.914
131 6.525 1.20467 324.355
132 6.575 1.18343 330.78
133 6.625 1.17946 337.281
134 6.675 1.16678 343.81
135 6.725 1.19065 350.573
136 6.775 1.16641 357.296
137 6.825 1.13464 363.934
138 6.875 1.12831 370.631
139 6.925 1.14507 377.528
140 6.975 1.13301 384.45
141 7.025 1.14558 391.55
142 7.075 1.13879 398.709
143 7.125 1.11855 405.84
144 7.175 1.15831 413.329
145 7.225 1.11431 420.634
146 7.275 1.12123 428.086
147 7.325 1.14957 435.833
148 7.375 1.1108 443.42
149 7.425 1.106 451.078
150 7.475 1.11761 458.92
151 7.525 1.10967 466.811
152 7.575 1.08761 474.649
153 7.625 1.09479 482.642
154 7.675 1.09494 490.743
155 7.725 1.09749 498.968
156 7.775 1.07699 507.144
157 7.825 1.07807 515.434
158 7.875 1.06875 523.758
159 7.925 1.07639 532.248
160 7.975 1.06481 540.753
161 8.025 1.0777 549.469
162 8.075 1.05906 558.141
163 8.125 1.05119 566.856
164 8.175 1.05401 575.703
165 8.225 1.06772 584.774
166 8.275 1.07186 593.991
167 8.325 1.03375 602.989
168 8.375 1.02995 612.061
169 8.425 1.04679 621.392
170 8.475 1.04376 630.807
171 8.525 1.02731 640.184
172 8.575 1.05096 649.889
173 8.625 1.01995 659.417
174 8.675 1.05266 669.366
175 8.725 1.04822 679.387
176 8.775 1.01511 689.204
177 8.825 1.02907 699.269
178 8.875 1.00474 709.207
179 8.925 1.01601 719.371
180 8.975 1.01127 729.601
181 9.025 0.990442 739.733
182 9.075 0.992732 750
183 9.125 1.00914 760.553
184 9.175 1.01023 771.233
185 9.225 1.00083 781.929
186 9.275 0.985438 792.575
187 9.325 1.00065 803.503
188 9.375 0.989216 814.421
189 9.425 0.999141 825.568
190 9.475 0.999821 836.84
191 9.525 0.998568 848.218
192 9.575 0.978504 859.484
193 9.625 0.979538 870.88
194 9.675 0.980073 882.401
195 9.725 0.966548 893.881
196 9.775 0.953039 905.318
197 9.825 0.981824 917.22
198 9.875 0.967314 929.066
199 9.925 0.970223 941.069
200 9.975 0.967523 953.159
5702 200
1 0.025 0 0
2 0.075 0 0
3 0.125 0 0
4 0.175 0 0
5 0.225 0 0
6 0.275 0 0
7 0.325 0 0
8 0.375 0 0
9 0.425 0 0
10 0.475 0 0
11 0.525 0 0
12 0.575 0 0
13 0.625 0 0
14 0.675 0 0
15 0.725 0 0
16 0.775 0 0
17 0.825 0 0
18 0.875 0 0
19 0.925 0.0697804 0.0075
20 0.975 0.837447 0.1075
21 1.025 2.78474 0.475
22 1.075 3.91821 1.04375
23 1.125 4.35617 1.73625
24 1.175 3.53205 2.34875
25 1.225 3.38891 2.9875
26 1.275 2.71206 3.54125
27 1.325 2.45457 4.0825
28 1.375 2.02665 4.56375
29 1.425 2.02417 5.08
30 1.475 1.59651 5.51625
31 1.525 1.71608 6.0175
32 1.575 1.63695 6.5275
33 1.625 1.62823 7.0675
34 1.675 1.60342 7.6325
35 1.725 1.53189 8.205
36 1.775 1.57949 8.83
37 1.825 1.61665 9.50625
38 1.875 1.7609 10.2837
39 1.925 1.82908 11.135
40 1.975 1.67896 11.9575
41 2.025 1.80824 12.8887
42 2.075 1.92788 13.9313
43 2.125 1.94403 15.0337
44 2.175 1.94615 16.19
45 2.225 1.93606 17.3938
46 2.275 1.87498 18.6125
47 2.325 1.80809 19.84
48 2.375 1.86687 21.1625
49 2.425 1.7873 22.4825
50 2.475 1.72881 23.8125
51 2.525 1.73596 25.2025
52 2.575 1.60766 26.5413
53 2.625 1.66689 27.9838
54 2.675 1.66358 29.4788
55 2.725 1.59237 30.9638
56 2.775 1.62469 32.535
57 2.825 1.59886 34.1375
58 2.875 1.64248 35.8425
59 2.925 1.65544 37.6213
60 2.975 1.62838 39.4313
61 3.025 1.6718 41.3525
62 3.075 1.63051 43.2888
63 3.125 1.64704 45.3088
64 3.175 1.63013 47.3725
65 3.225 1.59146 49.4513
66 3.275 1.54602 51.5338
67 3.325 1.62862 53.795
68 3.375 1.5746 56.0475
69 3.425 1.63927 58.4625
70 3.475 1.52155 60.77
71 3.525 1.54197 63.1763
72 3.575 1.57157 65.6988
73 3.625 1.57699 68.3013
74 3.675 1.50489 70.8538
75 3.725 1.50781 73.4813
76 3.775 1.54496 76.2463
77 3.825 1.50415 79.01
78 3.875 1.48613 81.8125
79 3.925 1.51635 84.7463
80 3.975 1.45577 87.635
81 4.025 1.45791 90.6013
82 4.075 1.55422 93.8425
83 4.125 1.45828 96.9587
84 4.175 1.48409 100.207
85 4.225 1.44694 103.451
86 4.275 1.40458 106.675
87 4.325 1.43135 110.037
88 4.375 1.41026 113.427
89 4.425 1.41416 116.905
90 4.475 1.47617 120.618
91 4.525 1.41019 124.244
92 4.575 1.39998 127.924
93 4.625 1.42013 131.739
94 4.675 1.39857 135.578
95 4.725 1.36333 139.4
96 4.775 1.40914 143.435
97 4.825 1.38949 147.498
98 4.875 1.37077 151.589
99 4.925 1.37673 155.782
100 4.975 1.37131 160.045
101 5.025 1.31144 164.204
102 5.075 1.34331 168.549
103 5.125 1.3392 172.966
104 5.175 1.30825 177.366
105 5.225 1.33036 181.927
106 5.275 1.3235 186.552
107 5.325 1.30122 191.186
108 5.375 1.30882 195.935
109 5.425 1.33148 200.856
110 5.475 1.30827 205.781
111 5.525 1.2847 210.706
112 5.575 1.30883 215.815
113 5.625 1.28976 220.94
114 5.675 1.27331 226.09
115 5.725 1.26149 231.282
116 5.775 1.23437 236.452
117 5.825 1.28191 241.915
118 5.875 1.24433 247.309
119 5.925 1.23731 252.764
120 5.975 1.2507 258.371
121 6.025 1.22646 263.963
122 6.075 1.24384 269.728
123 6.125 1.20903 275.424
124 6.175 1.20101 281.175
125 6.225 1.22521 287.138
126 6.275 1.23104 293.225
127 6.325 1.18378 299.173
128 6.375 1.22823 305.441
129 6.425 1.19858 311.655
130 6.475 1.19723 317.959
131 6.525 1.20561 324.405
132 6.575 1.17284 330.773
133 6.625 1.18491 337.304
134 6.675 1.16722 343.835
135 6.725 1.18228 350.55
136 6.775 1.17834 357.343
137 6.825 1.13251 363.968
138 6.875 1.13062 370.679
139 6.925 1.13656 377.524
140 6.975 1.13833 384.479
141 7.025 1.15022 391.608
142 7.075 1.13004 398.711
143 7.125 1.12502 405.884
144 7.175 1.15135 413.328
145 7.225 1.11984 420.669
146 7.275 1.12217 428.128
147 7.325 1.13696 435.789
148 7.375 1.12434 443.469
149 7.425 1.10329 451.108
150 7.475 1.11975 458.965
151 7.525 1.09965 466.785
152 7.575 1.08848 474.629
153 7.625 1.10592 482.704
154 7.675 1.08395 490.723
155 7.725 1.09982 498.965
156 7.775 1.08045 507.168
157 7.825 1.07579 515.44
158 7.875 1.07437 523.808
159 7.925 1.07449 532.283
160 7.975 1.067 540.805
161 8.025 1.0743 549.494
162 8.075 1.05616 558.143
163 8.125 1.05707 566.906
164 8.175 1.05728 575.78
165 8.225 1.05962 584.783
166 8.275 1.07011 593.985
167 8.325 1.0438 603.07
168 8.375 1.02527 612.101
169 8.425 1.04244 621.394
170 8.475 1.04584 630.828
171 8.525 1.0332 640.258
172 8.575 1.04271 649.886
173 8.625 1.02905 659.5
174 8.675 1.05319 669.454
175 8.725 1.03907 679.388
176 8.775 1.01937 689.245
177 8.825 1.0246 699.266
178 8.875 1.00576 709.215
179 8.925 1.02026 719.421
180 8.975 1.00905 729.629
181 9.025 0.985921 739.714
182 9.075 0.99805 750.036
183 9.125 1.00758 760.573
184 9.175 1.00443 771.191
185 9.225 1.00691 781.953
186 9.275 0.986711 792.613
187 9.325 0.995045 803.479
188 9.375 0.998049 814.495
189 9.425 0.997236 825.62
190 9.475 0.996828 836.859
191 9.525 1.0001 848.254
192 9.575 0.979807 859.535
193 9.625 0.976207 870.893
194 9.675 0.97986 882.411
195 9.725 0.970652 893.94
196 9.775 0.951893 905.362
197 9.825 0.975638 917.19
198 9.875 0.97058 929.076
199 9.925 0.972244 941.104
200 9.975 0.972425 953.255
5703 200
1 0.025 0 0
2 0.075 0 0
3 0.125 0 0
4 0.175 0 0
5 0.225 0 0
6 0.275 0 0
7 0.325 0 0
8 0.375 0 0
9 0.425 0 0
10 0.475 0 0
11 0.525 0 0
12 0.575 0 0
13 0.625 0 0
14 0.675 0 0
15 0.725 0 0
16 0.775 0 0
17 0.825 0 0
18 0.875 0 0
19 0.925 0.0697804 0.0075
20 0.975 0.858383 0.11
21 1.025 2.82263 0.4825
22 1.075 3.84932 1.04125
23 1.125 4.41908 1.74375
24 1.175 3.45276 2.3425
25 1.225 3.40217 2.98375
26 1.275 2.79165 3.55375
27 1.325 2.31852 4.065
28 1.375 2.10561 4.565
29 1.425 2.00947 5.0775
30 1.475 1.63311 5.52375
31 1.525 1.68184 6.015
32 1.575 1.66102 6.5325
33 1.625 1.58677 7.05875
34 1.675 1.59278 7.62
35 1.725 1.57872 8.21
36 1.775 1.56685 8.83
37 1.825 1.58378 9.4925
38 1.875 1.76656 10.2725
39 1.925 1.84251 11.13
40 1.975 1.67641 11.9512
41 2.025 1.86892 12.9137
42 2.075 1.89783 13.94
43 2.125 1.94182 15.0412
44 2.175 1.92932 16.1875
45 2.225 1.94612 17.3975
46 2.275 1.91344 18.6412
47 2.325 1.77127 19.8437
48 2.375 1.87746 21.1737
49 2.425 1.76529 22.4775
50 2.475 1.72881 23.8075
51 2.525 1.7344 25.1962
52 2.575 1.64218 26.5637
53 2.625 1.63222 27.9763
54 2.675 1.66775 29.475
55 2.725 1.61113 30.9775
56 2.775 1.61564 32.54
57 2.825 1.62505 34.1688
58 2.875 1.61237 35.8425
59 2.925 1.67406 37.6412
60 2.975 1.61826 39.44
61 3.025 1.66201 41.35
62 3.075 1.63472 43.2912
63 3.125 1.66233 45.33
64 3.175 1.62816 47.3912
65 3.225 1.59242 49.4712
66 3.275 1.54417 51.5512
67 3.325 1.62051 53.8012
68 3.375 1.60256 56.0937
69 3.425 1.61042 58.4662
70 3.475 1.50919 60.755
71 3.525 1.53236 63.1462
72 3.575 1.58948 65.6975
73 3.625 1.56412 68.2787
74 3.675 1.53953 70.89
75 3.725 1.48485 73.4775
76 3.775 1.55753 76.265
77 3.825 1.49122 79.005
78 3.875 1.51397 81.86
79 3.925 1.49632 84.755
80 3.975 1.44506 87.6225
81 4.025 1.47327 90.62
82 4.075 1.52845 93.8075
83 4.125 1.47992 96.97
84 4.175 1.49094 100.234
85 4.225 1.44081 103.464
86 4.275 1.38769 106.649
87 4.325 1.45955 110.077
88 4.375 1.39414 113.429
89 4.425 1.4289 116.942
90 4.475 1.46723 120.632
91 4.525 1.39755 124.226
92 4.575 1.42091 127.961
93 4.625 1.41455 131.761
94 4.675 1.39402 135.587
95 4.725 1.37046 139.43
96 4.775 1.39735 143.431
97 4.825 1.40146 147.529
98 4.875 1.36491 151.602
99 4.925 1.37796 155.8
100 4.975 1.38418 160.102
101 5.025 1.30789 164.25
102 5.075 1.34524 168.601
103 5.125 1.31533 172.94
104 5.175 1.31643 177.367
105 5.225 1.33255 181.936
106 5.275 1.32672 186.572
107 5.325 1.29526 191.185
108 5.375 1.30159 195.907
109 5.425 1.3511 200.901
110 5.475 1.29997 205.795
111 5.525 1.28893 210.736
112 5.575 1.29218 215.78
113 5.625 1.29825 220.939
114 5.675 1.27856 226.11
115 5.725 1.27121 231.342
116 5.775 1.22273 236.464
117 5.825 1.2825 241.929
118 5.875 1.24836 247.34
119 5.925 1.23872 252.801
120 5.975 1.23704 258.347
121 6.025 1.23524 263.979
122 6.075 1.24223 269.736
123 6.125 1.21009 275.438
124 6.175 1.20519 281.209
125 6.225 1.22726 287.181
126 6.275 1.22396 293.234
127 6.325 1.19349 299.23
128 6.375 1.21623 305.438
129 6.425 1.2034 311.676
130 6.475 1.18987 317.941
131 6.525 1.20958 324.409
132 6.575 1.17882 330.809
133 6.625 1.17266 337.272
134 6.675 1.18442 343.9
135 6.725 1.17018 350.546
136 6.775 1.17639 357.327
137 6.825 1.14426 364.021
138 6.875 1.13125 370.736
139 6.925 1.13075 377.546
140 6.975 1.13649 384.49
141 7.025 1.15607 391.655
142 7.075 1.1209 398.701
143 7.125 1.12424 405.869
144 7.175 1.15986 413.367
145 7.225 1.12289 420.729
146 7.275 1.12293 428.192
147 7.325 1.13232 435.822
148 7.375 1.11976 443.471
149 7.425 1.10347 451.111
150 7.475 1.12064 458.975
151 7.525 1.10105 466.805
152 7.575 1.08605 474.631
153 7.625 1.10472 482.697
154 7.675 1.08361 490.714
155 7.725 1.10749 499.014
156 7.775 1.07502 507.175
157 7.825 1.07059 515.407
158 7.875 1.08689 523.872
159 7.925 1.07148 532.324
160 7.975 1.06356 540.819
161 8.025 1.07369 549.502
162 8.075 1.05753 558.162
163 8.125 1.05677 566.924
164 8.175 1.06056 575.825
165 8.225 1.05889 584.821
166 8.275 1.07099 594.031
167 8.325 1.04495 603.126
168 8.375 1.02797 612.181
169 8.425 1.03277 621.387
170 8.475 1.05457 630.9
171 8.525 1.0332 640.33
172 8.575 1.03662 649.902
173 8.625 1.03346 659.557
174 8.675 1.05227 669.502
175 8.725 1.03331 679.381
176 8.775 1.01963 689.241
177 8.825 1.0214 699.231
178 8.875 1.01637 709.285
179 8.925 1.00964 719.385
180 8.975 1.01189 729.621
181 9.025 0.990198 739.75
182 9.075 0.997687 750.069
183 9.125 1.00842 760.614
184 9.175 1.00195 771.206
185 9.225 1.00621 781.96
186 9.275 0.990761 792.664
187 9.325 0.989779 803.472
188 9.375 0.998728 814.496
189 9.425 1.00396 825.696
190 9.475 0.993613 836.899
191 9.525 0.997361 848.262
192 9.575 0.974053 859.477
193 9.625 0.982116 870.904
194 9.675 0.978265 882.404
195 9.725 0.974336 893.976
196 9.775 0.949393 905.369
197 9.825 0.9744 917.181
198 9.875 0.97354 929.104
199 9.925 0.970122 941.105
200 9.975 0.969824 953.224
5704 200
1 0.025 0 0
2 0.075 0 0
3 0.125 0 0
4 0.175 0 0
5 0.225 0 0
6 0.275 0 0
7 0.325 0 0
8 0.375 0 0
9 0.425 0 0
10 0.475 0 0
11 0.525 0 0
12 0.575 0 0
13 0.625 0 0
14 0.675 0 0
15 0.725 0 0
16 0.775 0 0
17 0.825 0 0
18 0.875 0 0
19 0.925 0.0697804 0.0075
20 0.975 0.921192 0.1175
21 1.025 2.64266 0.46625
22 1.075 4.10766 1.0625
23 1.125 4.35617 1.755
24 1.175 3.46717 2.35625
25 1.225 3.3027 2.97875
26 1.275 2.84062 3.55875
27 1.325 2.29018 4.06375
28 1.375 2.0635 4.55375
29 1.425 2.05848 5.07875
30 1.475 1.65598 5.53125
31 1.525 1.63477 6.00875
32 1.575 1.66503 6.5275
33 1.625 1.60184 7.05875
34 1.675 1.60342 7.62375
35 1.725 1.55531 8.205
36 1.775 1.59528 8.83625
37 1.825 1.527 9.475
38 1.875 1.82884 10.2825
39 1.925 1.85325 11.145
40 1.975 1.60241 11.93
41 2.025 1.86406 12.89
42 2.075 1.91864 13.9275
43 2.125 2.00133 15.0625
44 2.175 1.93984 16.215
45 2.225 1.8858 17.3875
46 2.275 1.95575 18.6588
47 2.325 1.74181 19.8413
48 2.375 1.90569 21.1913
49 2.425 1.7873 22.5113
50 2.475 1.67032 23.7963
51 2.525 1.7422 25.1913
52 2.575 1.65869 26.5725
53 2.625 1.62933 27.9825
54 2.675 1.68166 29.4938
55 2.725 1.57226 30.96
56 2.775 1.62081 32.5275
57 2.825 1.64251 34.1738
58 2.875 1.61839 35.8538
59 2.925 1.63916 37.615
60 2.975 1.63175 39.4288
61 3.025 1.66854 41.3463
62 3.075 1.64419 43.2988
63 3.125 1.66538 45.3413
64 3.175 1.61927 47.3912
65 3.225 1.60294 49.485
66 3.275 1.55159 51.575
67 3.325 1.61421 53.8163
68 3.375 1.58684 56.0863
69 3.425 1.62484 58.48
70 3.475 1.53474 60.8075
71 3.525 1.52355 63.185
72 3.575 1.57546 65.7138
73 3.625 1.53988 68.255
74 3.675 1.56385 70.9075
75 3.725 1.48126 73.4888
76 3.775 1.55055 76.2638
77 3.825 1.49599 79.0125
78 3.875 1.51199 81.8638
79 3.925 1.48598 84.7388
80 3.975 1.46018 87.6363
81 4.025 1.48249 90.6525
82 4.075 1.50268 93.7863
83 4.125 1.47934 96.9475
84 4.175 1.50293 100.238
85 4.225 1.46144 103.514
86 4.275 1.38334 106.689
87 4.325 1.43987 110.071
88 4.375 1.42222 113.49
89 4.425 1.41263 116.964
90 4.475 1.44188 120.59
91 4.525 1.42575 124.256
92 4.575 1.42186 127.994
93 4.625 1.41315 131.79
94 4.675 1.38673 135.596
95 4.725 1.36601 139.426
96 4.775 1.41482 143.478
97 4.825 1.38607 147.53
98 4.875 1.38124 151.653
99 4.925 1.35949 155.794
100 4.975 1.3693 160.05
101 5.025 1.33943 164.298
102 5.075 1.33558 168.618
103 5.125 1.30131 172.91
104 5.175 1.33315 177.394
105 5.225 1.33401 181.968
106 5.275 1.321 186.584
107 5.325 1.29245 191.186
108 5.375 1.29987 195.903
109 5.425 1.34332 200.868
110 5.475 1.31491 205.818
111 5.525 1.29546 210.784
112 5.575 1.28225 215.789
113 5.625 1.30423 220.971
114 5.675 1.28166 226.155
115 5.725 1.25086 231.304
116 5.775 1.24123 236.503
117 5.825 1.27106 241.919
118 5.875 1.25701 247.368
119 5.925 1.23447 252.81
120 5.975 1.23899 258.365
121 6.025 1.23057 263.975
122 6.075 1.24465 269.744
123 6.125 1.21354 275.461
124 6.175 1.20415 281.228
125 6.225 1.23137 287.22
126 6.275 1.21663 293.236
127 6.325 1.20717 299.301
128 6.375 1.21084 305.481
129 6.425 1.19545 311.679
130 6.475 1.20222 318.009
131 6.525 1.20654 324.46
132 6.575 1.16731 330.798
133 6.625 1.17175 337.256
134 6.675 1.19045 343.918
135 6.725 1.17414 350.586
136 6.775 1.17118 357.338
137 6.825 1.14169 364.016
138 6.875 1.14052 370.786
139 6.925 1.1293 377.587
140 6.975 1.14079 384.558
141 7.025 1.14921 391.68
142 7.075 1.11891 398.714
143 7.125 1.126 405.892
144 7.175 1.15541 413.362
145 7.225 1.13776 420.821
146 7.275 1.1201 428.266
147 7.325 1.12546 435.85
148 7.375 1.11976 443.499
149 7.425 1.10943 451.18
150 7.475 1.11334 458.992
151 7.525 1.10387 466.842
152 7.575 1.08084 474.631
153 7.625 1.11328 482.76
154 7.675 1.07854 490.739
155 7.725 1.10266 499.002
156 7.775 1.0793 507.196
157 7.825 1.06539 515.389
158 7.875 1.09155 523.89
159 7.925 1.07243 532.349
160 7.975 1.06356 540.844
161 8.025 1.07121 549.508
162 8.075 1.0673 558.248
163 8.125 1.0429 566.894
164 8.175 1.06399 575.824
165 8.225 1.05801 584.813
166 8.275 1.07956 594.096
167 8.325 1.04078 603.155
168 8.375 1.02456 612.18
169 8.425 1.03529 621.409
170 8.475 1.05706 630.944
171 8.525 1.02854 640.331
172 8.575 1.03973 649.933
173 8.625 1.02035 659.465
174 8.675 1.06179 669.5
175 8.725 1.03737 679.418
176 8.775 1.02157 689.296
177 8.825 1.01987 699.271
178 8.875 1.01094 709.271
179 8.925 1.01414 719.416
180 8.975 1.01436 729.678
181 9.025 0.996186 739.868
182 9.075 0.98548 750.06
183 9.125 1.00734 760.594
184 9.175 1.00621 771.231
185 9.225 1.00785 782.003
186 9.275 0.992265 792.723
187 9.325 0.991954 803.555
188 9.375 0.996011 814.549
189 9.425 1.00676 825.78
190 9.475 0.987515 836.914
191 9.525 0.999116 848.298
192 9.575 0.973401 859.505
193 9.625 0.98362 870.949
194 9.675 0.97146 882.369
195 9.725 0.975388 893.954
196 9.775 0.955748 905.423
197 9.825 0.972441 917.211
198 9.875 0.97599 929.164
199 9.925 0.967596 941.134
200 9.975 0.963321 953.171
5705 200
1 0.025 0 0
2 0.075 0 0
3 0.125 0 0
4 0.175 0 0
5 0.225 0 0
6 0.275 0 0
7 0.325 0 0
8 0.375 0 0
9 0.425 0 0
10 0.475 0 0
11 0.525 0 0
12 0.575 0 0
13 0.625 0 0
14 0.675 0 0
15 0.725 0 0
16 0.775 0 0
17 0.825 0 0
18 0.875 0 0
19 0.925 0.0697804 0.0075
20 0.975 0.889787 0.11375
21 1.025 2.73738 0.475
22 1.075 4.15933 1.07875
23 1.125 4.26181 1.75625
24 1.175 3.40951 2.3475
25 1.225 3.31596 2.9725
26 1.275 2.88348 3.56125
27 1.325 2.29585 4.0675
28 1.375 2.04244 4.5525
29 1.425 2.02417 5.06875
30 1.475 1.67885 5.5275
31 1.525 1.63049 6.00375
32 1.575 1.66904 6.52375
33 1.625 1.62446 7.0625
34 1.675 1.58214 7.62
35 1.725 1.54862 8.19875
36 1.775 1.58581 8.82625
37 1.825 1.52999 9.46625
38 1.875 1.86848 10.2912
39 1.925 1.78342 11.1212
40 1.975 1.6611 11.935
41 2.025 1.87863 12.9025
42 2.075 1.91632 13.9388
43 2.125 2.00354 15.075
44 2.175 1.93773 16.2263
45 2.225 1.85766 17.3813
46 2.275 1.91536 18.6263
47 2.325 1.78231 19.8363
48 2.375 1.90745 21.1875
49 2.425 1.82622 22.5363
50 2.475 1.63132 23.7913
51 2.525 1.74376 25.1875
52 2.575 1.68271 26.5888
53 2.625 1.59322 27.9675
54 2.675 1.66775 29.4663
55 2.725 1.60845 30.9663
56 2.775 1.62856 32.5413
57 2.825 1.63129 34.1763
58 2.875 1.62441 35.8625
59 2.925 1.64846 37.6338
60 2.975 1.64188 39.4588
61 3.025 1.637 41.34
62 3.075 1.64314 43.2913
63 3.125 1.67354 45.3438
64 3.175 1.61631 47.39
65 3.225 1.57519 49.4475
66 3.275 1.58778 51.5863
67 3.325 1.61871 53.8338
68 3.375 1.59208 56.1113
69 3.425 1.60872 58.4813
70 3.475 1.52979 60.8013
71 3.525 1.54998 63.22
72 3.575 1.56378 65.73
73 3.625 1.53761 68.2675
74 3.675 1.56975 70.93
75 3.725 1.46333 73.48
76 3.775 1.56172 76.275
77 3.825 1.48986 79.0125
78 3.875 1.49409 81.83
79 3.925 1.50731 84.7463
80 3.975 1.45451 87.6325
81 4.025 1.49048 90.665
82 4.075 1.49608 93.785
83 4.125 1.49396 96.9775
84 4.175 1.48923 100.238
85 4.225 1.4737 103.541
86 4.275 1.38769 106.726
87 4.325 1.42976 110.085
88 4.375 1.4113 113.478
89 4.425 1.41162 116.949
90 4.475 1.46474 120.633
91 4.525 1.40387 124.243
92 4.575 1.43137 128.005
93 4.625 1.41501 131.806
94 4.675 1.37489 135.58
95 4.725 1.37448 139.434
96 4.775 1.41482 143.485
97 4.825 1.37282 147.499
98 4.875 1.38752 151.64
99 4.925 1.37098 155.816
100 4.975 1.36729 160.066
101 5.025 1.33706 164.306
102 5.075 1.33713 168.631
103 5.125 1.31723 172.976
104 5.175 1.32609 177.436
105 5.225 1.34531 182.049
106 5.275 1.31707 186.651
107 5.325 1.2756 191.194
108 5.375 1.30469 195.927
109 5.425 1.3308 200.846
110 5.475 1.31491 205.796
111 5.525 1.30589 210.802
112 5.575 1.28321 215.811
113 5.625 1.29888 220.972
114 5.675 1.2832 226.162
115 5.725 1.25147 231.314
116 5.775 1.23407 236.482
117 5.825 1.2781 241.929
118 5.875 1.26451 247.41
119 5.925 1.2339 252.85
120 5.975 1.24038 258.411
121 6.025 1.22674 264.004
122 6.075 1.25463 269.819
123 6.125 1.19815 275.464
124 6.175 1.2232 281.321
125 6.225 1.21981 287.257
126 6.275 1.21941 293.287
127 6.325 1.20792 299.356
128 6.375 1.21158 305.54
129 6.425 1.19014 311.71
130 6.475 1.19177 317.985
131 6.525 1.20981 324.454
132 6.575 1.17168 330.815
133 6.625 1.17584 337.296
134 6.675 1.188 343.944
135 6.725 1.1682 350.579
136 6.775 1.17574 357.356
137 6.825 1.14511 364.055
138 6.875 1.13252 370.777
139 6.925 1.13594 377.619
140 6.975 1.14365 384.606
141 7.025 1.14921 391.729
142 7.075 1.11294 398.725
143 7.125 1.13679 405.972
144 7.175 1.14014 413.344
145 7.225 1.13681 420.796
146 7.275 1.13233 428.322
147 7.325 1.11581 435.841
148 7.375 1.12891 443.552
149 7.425 1.10834 451.226
150 7.475 1.10372 458.971
151 7.525 1.10738 466.846
152 7.575 1.08778 474.685
153 7.625 1.11448 482.822
154 7.675 1.07094 490.745
155 7.725 1.10232 499.006
156 7.775 1.0742 507.161
157 7.825 1.06409 515.344
158 7.875 1.10406 523.942
159 7.925 1.0672 532.36
160 7.975 1.07264 540.927
161 8.025 1.05576 549.466
162 8.075 1.07234 558.247
163 8.125 1.05149 566.965
164 8.175 1.06294 575.886
165 8.225 1.04741 584.785
166 8.275 1.08334 594.101
167 8.325 1.05486 603.282
168 8.375 1.01434 612.217
169 8.425 1.04216 621.507
170 8.475 1.04598 630.942
171 8.525 1.03238 640.365
172 8.575 1.03607 649.932
173 8.625 1.0253 659.511
174 8.675 1.06602 669.586
175 8.725 1.02847 679.419
176 8.775 1.02803 689.36
177 8.825 1.01706 699.307
178 8.875 1.00512 709.25
179 8.925 1.02513 719.505
180 8.975 1.00237 729.645
181 9.025 0.99423 739.815
182 9.075 0.988744 750.041
183 9.125 1.01356 760.64
184 9.175 1.00715 771.287
185 9.225 0.996968 781.942
186 9.275 0.99643 792.707
187 9.325 0.997563 803.601
188 9.375 0.992726 814.559
189 9.425 1.00407 825.76
190 9.475 0.992393 836.949
191 9.525 0.996812 848.306
192 9.575 0.97731 859.559
193 9.625 0.982761 870.992
194 9.675 0.97348 882.436
195 9.725 0.970337 893.961
196 9.775 0.962935 905.516
197 9.825 0.967904 917.25
198 9.875 0.969968 929.129
199 9.925 0.969616 941.124
200 9.975 0.961121 953.134
5706 200
1 0.025 0 0
2 0.075 0 0
3 0.125 0 0
4 0.175 0 0
5 0.225 0 0
6 0.275 0 0
7 0.325 0 0
8 0.375 0 0
9 0.425 0 0
10 0.475 0 0
11 0.525 0 0
12 0.575 0 0
13 0.625 0 0
14 0.675 0 0
15 0.725 0 0
16 0.775 0 0
17 0.825 0 0
18 0.875 0 0
19 0.925 0.0581504 0.00625
20 0.975 1.00494 0.12625
21 1.025 2.64266 0.475
22 1.075 4.15933 1.07875
23 1.125 4.26968 1.7575
24 1.175 3.43834 2.35375
25 1.225 3.32259 2.98
26 1.275 2.87736 3.5675
27 1.325 2.24483 4.0625
28 1.375 2.07403 4.555
29 1.425 1.96536 5.05625
30 1.475 1.73375 5.53
31 1.525 1.66045 6.015
32 1.575 1.63695 6.525
33 1.625 1.62069 7.0625
34 1.675 1.58214 7.62
35 1.725 1.5252 8.19
36 1.775 1.59528 8.82125
37 1.825 1.57481 9.48
38 1.875 1.82318 10.285
39 1.925 1.77268 11.11
40 1.975 1.70958 11.9475
41 2.025 1.86406 12.9075
42 2.075 1.90477 13.9375
43 2.125 2.01456 15.08
44 2.175 1.92932 16.2263
45 2.225 1.85766 17.3813
46 2.275 1.93075 18.6363
47 2.325 1.74917 19.8238
48 2.375 1.93216 21.1925
49 2.425 1.79237 22.5162
50 2.475 1.64107 23.7787
51 2.525 1.76094 25.1887
52 2.575 1.68721 26.5938
53 2.625 1.60044 27.9788
54 2.675 1.6288 29.4425
55 2.725 1.62454 30.9575
56 2.775 1.64924 32.5525
57 2.825 1.62131 34.1775
58 2.875 1.6485 35.8888
59 2.925 1.63101 37.6412
60 2.975 1.64075 39.465
61 3.025 1.64352 41.3537
62 3.075 1.65682 43.3212
63 3.125 1.66844 45.3675
64 3.175 1.57879 47.3663
65 3.225 1.61443 49.475
66 3.275 1.56737 51.5862
67 3.325 1.62502 53.8425
68 3.375 1.59033 56.1175
69 3.425 1.5926 58.4637
70 3.475 1.53227 60.7875
71 3.525 1.55239 63.21
72 3.575 1.57468 65.7375
73 3.625 1.53533 68.2712
74 3.675 1.55501 70.9087
75 3.725 1.51354 73.5463
76 3.775 1.524 76.2738
77 3.825 1.49939 79.0288
78 3.875 1.50469 81.8663
79 3.925 1.48275 84.735
80 3.975 1.47655 87.665
81 4.025 1.48126 90.6788
82 4.075 1.49009 93.7863
83 4.125 1.50975 97.0125
84 4.175 1.46182 100.213
85 4.225 1.49657 103.568
86 4.275 1.38279 106.741
87 4.325 1.42603 110.091
88 4.375 1.40922 113.479
89 4.425 1.39484 116.909
90 4.475 1.47419 120.616
91 4.525 1.4063 124.233
92 4.575 1.4366 128.009
93 4.625 1.42013 131.824
94 4.675 1.36487 135.57
95 4.725 1.37136 139.415
96 4.775 1.42835 143.505
97 4.825 1.37795 147.534
98 4.875 1.37873 151.649
99 4.925 1.37427 155.835
100 4.975 1.37614 160.113
101 5.025 1.32524 164.315
102 5.075 1.3379 168.643
103 5.125 1.31988 172.996
104 5.175 1.32534 177.454
105 5.225 1.35588 182.103
106 5.275 1.30991 186.68
107 5.325 1.27525 191.221
108 5.375 1.29504 195.92
109 5.425 1.33621 200.859
110 5.475 1.31424 205.806
111 5.525 1.30556 210.811
112 5.575 1.29026 215.847
113 5.625 1.28724 220.962
114 5.675 1.28753 226.17
115 5.725 1.26088 231.36
116 5.775 1.22154 236.476
117 5.825 1.27751 241.92
118 5.875 1.27287 247.438
119 5.925 1.23305 252.874
120 5.975 1.24484 258.455
121 6.025 1.21193 263.98
122 6.075 1.25517 269.797
123 6.125 1.21062 275.501
124 6.175 1.21667 281.327
125 6.225 1.2157 287.244
126 6.275 1.22219 293.287
127 6.325 1.2124 299.379
128 6.375 1.20864 305.547
129 6.425 1.20702 311.805
130 6.475 1.17729 318.004
131 6.525 1.20958 324.471
132 6.575 1.17905 330.872
133 6.625 1.16631 337.301
134 6.675 1.19291 343.976
135 6.725 1.1726 350.636
136 6.775 1.17097 357.386
137 6.825 1.1481 364.102
138 6.875 1.12262 370.766
139 6.925 1.14237 377.646
140 6.975 1.1459 384.647
141 7.025 1.14659 391.754
142 7.075 1.11771 398.78
143 7.125 1.13463 406.014
144 7.175 1.15212 413.462
145 7.225 1.12441 420.834
146 7.275 1.13308 428.365
147 7.325 1.10635 435.82
148 7.375 1.13477 443.571
149 7.425 1.10455 451.219
150 7.475 1.11031 459.01
151 7.525 1.1 466.832
152 7.575 1.0916 474.699
153 7.625 1.11807 482.862
154 7.675 1.06739 490.759
155 7.725 1.10366 499.03
156 7.775 1.06613 507.124
157 7.825 1.07043 515.355
158 7.875 1.11048 524.004
159 7.925 1.07053 532.447
160 7.975 1.06966 540.991
161 8.025 1.05653 549.536
162 8.075 1.06547 558.261
163 8.125 1.05812 567.034
164 8.175 1.05118 575.856
165 8.225 1.0508 584.784
166 8.275 1.08014 594.072
167 8.325 1.04768 603.191
168 8.375 1.03038 612.267
169 8.425 1.04749 621.605
170 8.475 1.03545 630.945
171 8.525 1.03511 640.392
172 8.575 1.03337 649.935
173 8.625 1.02517 659.512
174 8.675 1.06655 669.592
175 8.725 1.02782 679.419
176 8.775 1.03204 689.399
177 8.825 1.01808 699.356
178 8.875 1.00715 709.319
179 8.925 1.01751 719.497
180 8.975 1.00793 729.694
181 9.025 0.995208 739.874
182 9.075 0.989348 750.106
183 9.125 1.01081 760.676
184 9.175 0.997459 771.221
185 9.225 1.0096 782.011
186 9.275 0.991108 792.719
187 9.325 0.996762 803.604
188 9.375 1.00099 814.652
189 9.425 1.00396 825.852
190 9.475 0.988402 836.996
191 9.525 0.991108 848.289
192 9.575 0.981544 859.59
193 9.625 0.983083 871.027
194 9.675 0.976457 882.506
195 9.725 0.966443 893.985
196 9.775 0.964185 905.555
197 9.825 0.97141 917.331
198 9.875 0.9617 929.109
199 9.925 0.970425 941.114
200 9.975 0.961621 953.13
5707 200
1 0.025 0 0
2 0.075 0 0
3 0.125 0 0
4 0.175 0 0
5 0.225 0 0
6 0.275 0 0
7 0.325 0 0
8 0.375 0 0
9 0.425 0 0
10 0.475 0 0
11 0.525 0 0
12 0.575 0 0
13 0.625 0 0
14 0.675 0 0
15 0.725 0 0
16 0.775 0 0
17 0.825 0 0
18 0.875 0.0129968 0.00125
19 0.925 0.104671 0.0125
20 0.975 1.00494 0.1325
21 1.025 2.63319 0.48
22 1.075 4.22822 1.09375
23 1.125 4.05737 1.73875
24 1.175 3.52484 2.35
25 1.225 3.2828 2.96875
26 1.275 2.95082 3.57125
27 1.325 2.29018 4.07625
28 1.375 2.0635 4.56625
29 1.425 1.96046 5.06625
30 1.475 1.76119 5.5475
31 1.525 1.60481 6.01625
32 1.575 1.66503 6.535
33 1.625 1.62823 7.075
34 1.675 1.60342 7.64
35 1.725 1.465 8.1875
36 1.775 1.60792 8.82375
37 1.825 1.59573 9.49125
38 1.875 1.80902 10.29
39 1.925 1.72702 11.0938
40 1.975 1.77592 11.9638
41 2.025 1.82523 12.9038
42 2.075 1.92095 13.9425
43 2.125 2.04982 15.105
44 2.175 1.88724 16.2263
45 2.225 1.9039 17.41
46 2.275 1.86536 18.6225
47 2.325 1.78047 19.8312
48 2.375 1.92686 21.1962
49 2.425 1.8093 22.5325
50 2.475 1.61508 23.775
51 2.525 1.74845 25.175
52 2.575 1.72324 26.61
53 2.625 1.59322 27.9887
54 2.675 1.62741 29.4512
55 2.725 1.62722 30.9687
56 2.775 1.6389 32.5537
57 2.825 1.62007 34.1775
58 2.875 1.64609 35.8862
59 2.925 1.62287 37.63
60 2.975 1.66324 39.4787
61 3.025 1.637 41.36
62 3.075 1.66946 43.3425
63 3.125 1.64602 45.3612
64 3.175 1.57484 47.355
65 3.225 1.67089 49.5375
66 3.275 1.52653 51.5937
67 3.325 1.61331 53.8337
68 3.375 1.60693 56.1325
69 3.425 1.57818 58.4575
70 3.475 1.54793 60.805
71 3.525 1.54678 63.2187
72 3.575 1.5778 65.7512
73 3.625 1.5164 68.2537
74 3.675 1.56459 70.9075
75 3.725 1.52646 73.5675
76 3.775 1.51981 76.2875
77 3.825 1.50687 79.0562
78 3.875 1.4974 81.88
79 3.925 1.4834 84.75
80 3.975 1.4797 87.6863
81 4.025 1.48925 90.7163
82 4.075 1.46551 93.7725
83 4.125 1.51619 97.0125
84 4.175 1.47895 100.25
85 4.225 1.47649 103.56
86 4.275 1.40512 106.785
87 4.325 1.4106 110.099
88 4.375 1.40818 113.484
89 4.425 1.40348 116.935
90 4.475 1.45679 120.599
91 4.525 1.43158 124.28
92 4.575 1.41425 127.998
93 4.625 1.43037 131.84
94 4.675 1.36077 135.575
95 4.725 1.37938 139.443
96 4.775 1.41438 143.493
97 4.825 1.39548 147.573
98 4.875 1.36114 151.635
99 4.925 1.38288 155.848
100 4.975 1.37171 160.111
101 5.025 1.34258 164.369
102 5.075 1.31896 168.635
103 5.125 1.32556 173.008
104 5.175 1.31977 177.446
105 5.225 1.35734 182.1
106 5.275 1.31921 186.71
107 5.325 1.27033 191.234
108 5.375 1.29711 195.94
109 5.425 1.34027 200.894
110 5.475 1.31524 205.845
111 5.525 1.31404 210.883
112 5.575 1.28802 215.91
113 5.625 1.26868 220.951
114 5.675 1.2866 226.155
115 5.725 1.25845 231.335
116 5.775 1.23735 236.518
117 5.825 1.28837 242.008
118 5.875 1.25817 247.461
119 5.925 1.22795 252.875
120 5.975 1.24038 258.436
121 6.025 1.2314 264.05
122 6.075 1.24061 269.8
123 6.125 1.21699 275.534
124 6.175 1.21955 281.374
125 6.225 1.21467 287.285
126 6.275 1.22093 293.323
127 6.325 1.22011 299.453
128 6.375 1.203 305.593
129 6.425 1.20702 311.85
130 6.475 1.16922 318.006
131 6.525 1.20865 324.469
132 6.575 1.1779 330.864
133 6.625 1.17334 337.331
134 6.675 1.18978 343.989
135 6.725 1.17656 350.671
136 6.775 1.16164 357.368
137 6.825 1.15366 364.116
138 6.875 1.12346 370.785
139 6.925 1.14113 377.658
140 6.975 1.14324 384.643
141 7.025 1.1474 391.754
142 7.075 1.11891 398.788
143 7.125 1.14071 406.06
144 7.175 1.14903 413.489
145 7.225 1.12308 420.851
146 7.275 1.1359 428.401
147 7.325 1.10301 435.834
148 7.375 1.13733 443.603
149 7.425 1.106 451.26
150 7.475 1.11156 459.06
151 7.525 1.09455 466.844
152 7.575 1.09125 474.708
153 7.625 1.11448 482.845
154 7.675 1.07821 490.821
155 7.725 1.10533 499.105
156 7.775 1.05921 507.146
157 7.825 1.07547 515.416
158 7.875 1.10118 523.992
159 7.925 1.07385 532.462
160 7.975 1.07467 541.046
161 8.025 1.05267 549.56
162 8.075 1.06486 558.28
163 8.125 1.05586 567.034
164 8.175 1.05028 575.849
165 8.225 1.05639 584.824
166 8.275 1.07695 594.085
167 8.325 1.05055 603.229
168 8.375 1.01988 612.212
169 8.425 1.05871 621.65
170 8.475 1.03101 630.95
171 8.525 1.03361 640.384
172 8.575 1.03431 649.935
173 8.625 1.03922 659.644
174 8.675 1.05531 669.617
175 8.725 1.02926 679.457
176 8.775 1.03036 689.421
177 8.825 1.01718 699.37
178 8.875 1.0055 709.316
179 8.925 1.01838 719.504
180 8.975 1.00559 729.676
181 9.025 1.00425 739.949
182 9.075 0.982459 750.11
183 9.125 1.01535 760.727
184 9.175 0.992611 771.221
185 9.225 1.01089 782.025
186 9.275 0.993422 792.757
187 9.325 0.999394 803.671
188 9.375 1.0019 814.73
189 9.425 1.00205 825.909
190 9.475 0.986185 837.028
191 9.525 0.99001 848.308
192 9.575 0.983606 859.633
193 9.625 0.983943 871.08
194 9.675 0.970077 882.484
195 9.725 0.966337 893.961
196 9.775 0.967727 905.574
197 9.825 0.967389 917.301
198 9.875 0.970478 929.186
199 9.925 0.959209 941.052
200 9.975 0.972625 953.206
