# Time-averaged data for fix ave_rdf
# TimeStep Number-of-rows
# Row c_myRDF[1] c_myRDF[2] c_myRDF[3]
5487 200
1 0.025 0 0
2 0.075 0 0
3 0.125 0 0
4 0.175 0 0
5 0.225 0 0
6 0.275 0 0
7 0.325 0 0
8 0.375 0 0
9 0.425 0 0
10 0.475 0 0
11 0.525 0 0
12 0.575 0 0
13 0.625 0 0
14 0.675 0 0
15 0.725 0 0
16 0.775 0 0
17 0.825 0 0
18 0.875 0 0
19 0.925 0.0232601 0.0025
20 0.975 0.471064 0.05875
21 1.025 1.64811 0.27625
22 1.075 2.32509 0.61375
23 1.125 2.61056 1.02875
24 1.175 2.22735 1.415
25 1.225 2.07579 1.80625
26 1.275 1.78763 2.17125
27 1.325 1.68929 2.54375
28 1.375 1.43708 2.885
29 1.425 1.25959 3.20625
30 1.475 1.29459 3.56
31 1.525 1.24106 3.9225
32 1.575 1.09932 4.265
33 1.625 1.07418 4.62125
34 1.675 1.14936 5.02625
35 1.725 1.02684 5.41
36 1.775 1.02351 5.815
37 1.825 1.11462 6.28125
38 1.875 1.03899 6.74
39 1.925 1.08509 7.245
40 1.975 1.05892 7.76375
41 2.025 1.08494 8.3225
42 2.075 1.1142 8.925
43 2.125 1.11528 9.5575
44 2.175 1.11719 10.2213
45 2.225 1.12786 10.9225
46 2.275 1.18652 11.6938
47 2.325 1.20785 12.5138
48 2.375 1.12047 13.3075
49 2.425 1.01889 14.06
50 2.475 1.08051 14.8913
51 2.525 1.07249 15.75
52 2.575 1.09128 16.6588
53 2.625 1.05011 17.5675
54 2.675 1.08216 18.54
55 2.725 1.02003 19.4913
56 2.775 1.06244 20.5188
57 2.825 1.02517 21.5463
58 2.875 1.10663 22.695
59 2.925 1.03305 23.805
60 2.975 1.00537 24.9225
61 3.025 1.01592 26.09
62 3.075 1.07999 27.3725
63 3.125 1.03857 28.6463
64 3.175 1.00217 29.915
65 3.225 1.06512 31.3063
66 3.275 1.04213 32.71
67 3.325 1.03623 34.1488
68 3.375 1.01537 35.6013
69 3.425 1.04109 37.135
70 3.475 0.985793 38.63
71 3.525 1.01169 40.2088
72 3.575 1.01786 41.8425
73 3.625 1.00815 43.5063
74 3.675 1.02292 45.2413
75 3.725 1.01501 47.01
76 3.775 1.00925 48.8162
77 3.825 1.03066 50.71
78 3.875 1.01219 52.6187
79 3.925 1.01822 54.5887
80 3.975 0.999068 56.5712
81 4.025 0.966414 58.5375
82 4.075 0.993792 60.61
83 4.125 1.02249 62.795
84 4.175 1.02442 65.0375
85 4.225 1.02596 67.3375
86 4.275 1.02062 69.68
87 4.325 1.00886 72.05
88 4.375 0.981777 74.41
89 4.425 0.97649 76.8113
90 4.475 0.947336 79.1937
91 4.525 0.974641 81.7
92 4.575 1.01908 84.3787
93 4.625 1.00461 87.0775
94 4.675 0.9846 89.78
95 4.725 1.02183 92.645
96 4.775 1.00403 95.52
97 4.825 0.978631 98.3812
98 4.875 0.987976 101.33
99 4.925 0.988946 104.342
100 4.975 1.00295 107.46
101 5.025 0.977569 110.56
102 5.075 1.0098 113.826
103 5.125 0.998909 117.121
104 5.175 0.999398 120.482
105 5.225 0.990935 123.88
106 5.275 1.02804 127.472
107 5.325 1.00742 131.06
108 5.375 0.98911 134.649
109 5.425 1.00444 138.361
110 5.475 0.994151 142.104
111 5.525 0.990911 145.903
112 5.575 0.996915 149.794
113 5.625 0.979586 153.686
114 5.675 0.987743 157.681
115 5.725 0.983927 161.731
116 5.775 1.01083 165.965
117 5.825 0.992089 170.193
118 5.875 0.987963 174.475
119 5.925 1.01134 178.934
120 5.975 0.993644 183.389
121 6.025 0.988463 187.895
122 6.075 1.00975 192.575
123 6.125 0.971308 197.151
124 6.175 0.997929 201.93
125 6.225 0.970661 206.654
126 6.275 0.990896 211.554
127 6.325 1.01933 216.675
128 6.375 0.990667 221.731
129 6.425 1.01509 226.994
130 6.475 0.990216 232.208
131 6.525 0.982112 237.459
132 6.575 0.973449 242.744
133 6.625 1.01165 248.32
134 6.675 1.01755 254.014
135 6.725 0.978266 259.57
136 6.775 0.997274 265.319
137 6.825 0.98763 271.096
138 6.875 0.98174 276.924
139 6.925 1.00082 282.951
140 6.975 0.988572 288.991
141 7.025 1.00944 295.247
142 7.075 0.979317 301.404
143 7.125 0.999736 307.777
144 7.175 1.00731 314.29
145 7.225 1.01058 320.915
146 7.275 0.998428 327.551
147 7.325 1.00432 334.319
148 7.375 1.00008 341.15
149 7.425 0.998395 348.062
150 7.475 1.00877 355.141
151 7.525 0.997347 362.234
152 7.575 1.00088 369.446
153 7.625 1.00149 376.759
154 7.675 0.992707 384.102
155 7.725 1.0291 391.815
156 7.775 0.981661 399.267
157 7.825 1.00345 406.984
158 7.875 1.00889 414.841
159 7.925 0.995565 422.694
160 7.975 0.991102 430.61
161 8.025 0.983427 438.564
162 8.075 1.01891 446.907
163 8.125 0.986357 455.085
164 8.175 0.984456 463.347
165 8.225 1.00062 471.849
166 8.275 0.994529 480.401
167 8.325 1.00459 489.145
168 8.375 0.979151 497.77
169 8.425 0.992244 506.615
170 8.475 1.00385 515.67
171 8.525 0.99485 524.75
172 8.575 1.00183 534.001
173 8.625 0.97633 543.123
174 8.675 0.995792 552.534
175 8.725 1.01043 562.194
176 8.775 0.996881 571.834
177 8.825 1.01143 581.726
178 8.875 0.987432 591.494
179 8.925 0.998391 601.481
180 8.975 0.980008 611.395
181 9.025 1.00474 621.673
182 9.075 0.998291 631.998
183 9.125 0.991206 642.363
184 9.175 1.00514 652.989
185 9.225 0.998723 663.663
186 9.275 1.01332 674.61
187 9.325 0.988291 685.403
188 9.375 0.994312 696.378
189 9.425 0.998581 707.518
190 9.475 0.997715 718.766
191 9.525 0.988365 730.028
192 9.575 0.986755 741.389
193 9.625 0.994902 752.964
194 9.675 0.989217 764.593
195 9.725 1.00212 776.495
196 9.775 0.998144 788.473
197 9.825 0.999766 800.593
198 9.875 1.00722 812.928
199 9.925 0.994372 825.229
200 9.975 0.98873 837.584
5488 200
1 0.025 0 0
2 0.075 0 0
3 0.125 0 0
4 0.175 0 0
5 0.225 0 0
6 0.275 0 0
7 0.325 0 0
8 0.375 0 0
9 0.425 0 0
10 0.475 0 0
11 0.525 0 0
12 0.575 0 0
13 0.625 0 0
14 0.675 0 0
15 0.725 0 0
16 0.775 0 0
17 0.825 0 0
18 0.875 0 0
19 0.925 0.0116301 0.00125
20 0.975 0.512936 0.0625
21 1.025 1.63864 0.27875
22 1.075 2.35954 0.62125
23 1.125 2.54765 1.02625
24 1.175 2.27781 1.42125
25 1.225 2.04926 1.8075
26 1.275 1.76927 2.16875
27 1.325 1.71764 2.5475
28 1.375 1.36865 2.8725
29 1.425 1.33311 3.2125
30 1.475 1.24885 3.55375
31 1.525 1.25389 3.92
32 1.575 1.11537 4.2675
33 1.625 1.08925 4.62875
34 1.675 1.14936 5.03375
35 1.725 0.983355 5.40125
36 1.775 1.02667 5.8075
37 1.825 1.12658 6.27875
38 1.875 1.05314 6.74375
39 1.925 1.09047 7.25125
40 1.975 1.06912 7.775
41 2.025 1.06067 8.32125
42 2.075 1.13038 8.9325
43 2.125 1.07561 9.5425
44 2.175 1.174 10.24
45 2.225 1.11982 10.9362
46 2.275 1.20575 11.72
47 2.325 1.16734 12.5125
48 2.375 1.10812 13.2975
49 2.425 1.0392 14.065
50 2.475 1.08213 14.8975
51 2.525 1.06 15.7462
52 2.575 1.06427 16.6325
53 2.625 1.06022 17.55
54 2.675 1.08633 18.5263
55 2.725 1.03477 19.4913
56 2.775 1.0521 20.5087
57 2.825 1.04637 21.5575
58 2.875 1.08495 22.6837
59 2.925 1.03189 23.7925
60 2.975 0.991873 24.895
61 3.025 1.05072 26.1025
62 3.075 1.06736 27.37
63 3.125 1.03551 28.64
64 3.175 1.00711 29.915
65 3.225 1.05364 31.2912
66 3.275 1.03377 32.6837
67 3.325 1.04703 34.1375
68 3.375 1.02236 35.6
69 3.425 1.03939 37.1312
70 3.475 0.98332 38.6225
71 3.525 1.02531 40.2225
72 3.575 1.00618 41.8375
73 3.625 1.0074 43.5
74 3.675 1.01776 45.2263
75 3.725 1.02003 47.0038
76 3.775 1.00366 48.8
77 3.825 1.05515 50.7388
78 3.875 0.986999 52.6
79 3.925 1.01435 54.5625
80 3.975 1.00978 56.5662
81 4.025 0.969485 58.5387
82 4.075 0.988398 60.6
83 4.125 1.02776 62.7962
84 4.175 1.02156 65.0325
85 4.225 1.02373 67.3275
86 4.275 1.01463 69.6562
87 4.325 1.01897 72.05
88 4.375 0.984377 74.4162
89 4.425 0.98564 76.84
90 4.475 0.945845 79.2187
91 4.525 0.963946 81.6975
92 4.575 1.01527 84.3662
93 4.625 1.00089 87.055
94 4.675 1.00282 89.8075
95 4.725 1.01336 92.6487
96 4.775 0.993121 95.4925
97 4.825 0.993595 98.3975
98 4.875 0.984626 101.336
99 4.925 0.977456 104.314
100 4.975 1.00094 107.425
101 5.025 0.990972 110.567
102 5.075 1.01212 113.841
103 5.125 0.997393 117.131
104 5.175 0.991593 120.466
105 5.225 0.998591 123.89
106 5.275 1.01123 127.424
107 5.325 1.01865 131.051
108 5.375 0.984287 134.623
109 5.425 1.01459 138.373
110 5.475 1.00245 142.146
111 5.525 0.984064 145.919
112 5.575 0.993713 149.798
113 5.625 0.972979 153.664
114 5.675 0.994233 157.685
115 5.725 0.974817 161.698
116 5.775 1.02665 165.998
117 5.825 0.980942 170.178
118 5.875 0.995172 174.491
119 5.925 1.00708 178.931
120 5.975 0.995596 183.395
121 6.025 0.978318 187.855
122 6.075 1.01649 192.566
123 6.125 0.974226 197.156
124 6.175 0.984616 201.871
125 6.225 0.980678 206.644
126 6.275 0.991149 211.545
127 6.325 1.01833 216.661
128 6.375 0.992626 221.728
129 6.425 1.01726 227.001
130 6.475 0.996389 232.248
131 6.525 0.982346 237.5
132 6.575 0.967002 242.75
133 6.625 1.00893 248.311
134 6.675 1.01286 253.979
135 6.725 0.980026 259.545
136 6.775 0.999876 265.309
137 6.825 0.982074 271.054
138 6.875 0.993112 276.949
139 6.925 0.994389 282.938
140 6.975 0.981207 288.933
141 7.025 1.02477 295.284
142 7.075 0.974346 301.409
143 7.125 0.998755 307.776
144 7.175 1.00364 314.265
145 7.225 1.01172 320.898
146 7.275 1.002 327.558
147 7.325 0.999499 334.293
148 7.375 1.00265 341.141
149 7.425 1.00634 348.109
150 7.475 0.997552 355.109
151 7.525 1.00227 362.236
152 7.575 1.00261 369.461
153 7.625 0.996696 376.739
154 7.675 0.998452 384.125
155 7.725 1.0316 391.856
156 7.775 0.973757 399.249
157 7.825 1.00963 407.013
158 7.875 1.00006 414.801
159 7.925 1.0084 422.755
160 7.975 0.978113 430.568
161 8.025 0.995328 438.618
162 8.075 1.01372 446.919
163 8.125 0.981231 455.054
164 8.175 0.993541 463.393
165 8.225 0.998418 471.875
166 8.275 0.989732 480.386
167 8.325 1.00718 489.153
168 8.375 0.975462 497.745
169 8.425 0.999676 506.656
170 8.475 0.996091 515.641
171 8.525 0.994987 524.723
172 8.575 1.00318 533.986
173 8.625 0.974724 543.093
174 8.675 0.99738 552.519
175 8.725 1.00965 562.171
176 8.775 0.992874 571.773
177 8.825 1.01846 581.734
178 8.875 0.989454 591.521
179 8.925 0.995767 601.483
180 8.975 0.978896 611.385
181 9.025 1.00181 621.633
182 9.075 0.9995 631.97
183 9.125 0.992163 642.345
184 9.175 1.00656 652.986
185 9.225 1.00387 663.715
186 9.275 1.01529 674.684
187 9.325 0.981309 685.4
188 9.375 0.993179 696.362
189 9.425 0.998917 707.506
190 9.475 0.998269 718.761
191 9.525 0.985951 729.995
192 9.575 0.996091 741.464
193 9.625 0.991034 752.994
194 9.675 0.985602 764.58
195 9.725 1.00812 776.554
196 9.775 0.989603 788.429
197 9.825 1.00636 800.629
198 9.875 0.998241 812.854
199 9.925 0.999626 825.22
200 9.975 0.991331 837.607
5489 200
1 0.025 0 0
2 0.075 0 0
3 0.125 0 0
4 0.175 0 0
5 0.225 0 0
6 0.275 0 0
7 0.325 0 0
8 0.375 0 0
9 0.425 0 0
10 0.475 0 0
11 0.525 0 0
12 0.575 0 0
13 0.625 0 0
14 0.675 0 0
15 0.725 0 0
16 0.775 0 0
17 0.825 0 0
18 0.875 0 0
19 0.925 0.0116301 0.00125
20 0.975 0.554809 0.0675
21 1.025 1.51551 0.2675
22 1.075 2.43704 0.62125
23 1.125 2.53979 1.025
24 1.175 2.30664 1.425
25 1.225 2.04926 1.81125
26 1.275 1.7509 2.16875
27 1.325 1.66662 2.53625
28 1.375 1.45814 2.8825
29 1.425 1.25469 3.2025
30 1.475 1.26257 3.5475
31 1.525 1.28385 3.9225
32 1.575 1.09932 4.265
33 1.625 1.07795 4.6225
34 1.675 1.12807 5.02
35 1.725 1.03353 5.40625
36 1.775 0.988759 5.7975
37 1.825 1.13853 6.27375
38 1.875 1.04182 6.73375
39 1.925 1.06092 7.2275
40 1.975 1.12526 7.77875
41 2.025 1.05339 8.32125
42 2.075 1.135 8.935
43 2.125 1.08442 9.55
44 2.175 1.18662 10.255
45 2.225 1.10374 10.9413
46 2.275 1.20383 11.7238
47 2.325 1.16918 12.5175
48 2.375 1.09401 13.2925
49 2.425 1.04428 14.0638
50 2.475 1.08701 14.9
51 2.525 1.06 15.7488
52 2.575 1.04625 16.62
53 2.625 1.079 17.5538
54 2.675 1.08077 18.525
55 2.725 1.04415 19.4988
56 2.775 1.02108 20.4863
57 2.825 1.06134 21.55
58 2.875 1.07411 22.665
59 2.925 1.04934 23.7925
60 2.975 1.01212 24.9175
61 3.025 1.03767 26.11
62 3.075 1.05473 27.3625
63 3.125 1.03653 28.6337
64 3.175 0.989334 29.8863
65 3.225 1.07756 31.2937
66 3.275 1.03099 32.6825
67 3.325 1.05603 34.1487
68 3.375 1.01624 35.6025
69 3.425 1.01139 37.0925
70 3.475 1.01217 38.6275
71 3.525 1.02451 40.2263
72 3.575 1.01474 41.855
73 3.625 0.999065 43.5037
74 3.675 1.00891 45.215
75 3.725 1.02218 46.9962
76 3.775 1.01135 48.8062
77 3.825 1.03542 50.7087
78 3.875 0.994954 52.585
79 3.925 1.04148 54.6
80 3.975 0.98143 56.5475
81 4.025 0.971943 58.525
82 4.075 0.992593 60.595
83 4.125 1.02542 62.7862
84 4.175 1.03127 65.0437
85 4.225 1.00756 67.3025
86 4.275 1.02008 69.6437
87 4.325 1.01472 72.0275
88 4.375 0.993737 74.4163
89 4.425 0.973949 76.8113
90 4.475 0.956779 79.2175
91 4.525 0.973668 81.7212
92 4.575 1.01099 84.3787
93 4.625 1.00461 87.0775
94 4.675 1.00737 89.8425
95 4.725 0.989731 92.6175
96 4.775 0.983954 95.435
97 4.825 1.0154 98.4038
98 4.875 0.983369 101.339
99 4.925 0.976225 104.312
100 4.975 1.00777 107.445
101 5.025 0.985453 110.57
102 5.075 1.00516 113.821
103 5.125 0.99474 117.102
104 5.175 0.993823 120.445
105 5.225 1.00916 123.905
106 5.275 1.01302 127.445
107 5.325 1.00883 131.037
108 5.375 0.995656 134.65
109 5.425 0.998694 138.341
110 5.475 1.01009 142.144
111 5.525 0.977869 145.893
112 5.575 0.993392 149.77
113 5.625 0.988708 153.699
114 5.675 0.983416 157.676
115 5.725 0.978461 161.704
116 5.775 1.02068 165.979
117 5.825 0.980649 170.158
118 5.875 1.00094 174.496
119 5.925 1.01219 178.959
120 5.975 0.988347 183.39
121 6.025 0.982705 187.87
122 6.075 1.00516 192.529
123 6.125 0.993329 197.209
124 6.175 0.98305 201.916
125 6.225 0.977339 206.673
126 6.275 0.981037 211.524
127 6.325 1.01585 216.628
128 6.375 0.999728 221.73
129 6.425 1.0298 227.069
130 6.475 0.98808 232.271
131 6.525 0.974631 237.483
132 6.575 0.973679 242.769
133 6.625 1.01346 248.355
134 6.675 1.00303 253.968
135 6.725 0.984648 259.56
136 6.775 1.00768 265.369
137 6.825 0.976732 271.082
138 6.875 0.98153 276.909
139 6.925 1.00311 282.95
140 6.975 0.985708 288.972
141 7.025 1.01469 295.261
142 7.075 0.980112 301.422
143 7.125 0.996991 307.779
144 7.175 0.996678 314.222
145 7.225 1.01763 320.894
146 7.275 1.0131 327.627
147 7.325 0.982432 334.247
148 7.375 1.01363 341.171
149 7.425 0.993881 348.052
150 7.475 1.00272 355.089
151 7.525 1.00262 362.219
152 7.575 0.995846 369.395
153 7.625 1.00628 376.742
154 7.675 1.00031 384.142
155 7.725 1.02743 391.842
156 7.775 0.976392 399.255
157 7.825 1.01191 407.036
158 7.875 0.994444 414.781
159 7.925 1.01141 422.759
160 7.975 0.981086 430.595
161 8.025 0.988064 438.586
162 8.075 1.01647 446.91
163 8.125 0.986206 455.086
164 8.175 0.992052 463.412
165 8.225 1.00004 471.909
166 8.275 0.980865 480.344
167 8.325 1.01077 489.141
168 8.375 0.978442 497.76
169 8.425 0.994487 506.625
170 8.475 0.999556 515.641
171 8.525 0.993069 524.705
172 8.575 0.999661 533.936
173 8.625 0.973922 543.035
174 8.675 1.00148 552.5
175 8.725 1.01671 562.22
176 8.775 0.988608 571.78
177 8.825 1.01616 581.719
178 8.875 0.992234 591.534
179 8.925 0.995268 601.49
180 8.975 0.980626 611.41
181 9.025 0.999363 621.632
182 9.075 1.00035 631.979
183 9.125 0.987501 642.305
184 9.175 1.00562 652.936
185 9.225 1.0089 663.719
186 9.275 1.01402 674.674
187 9.325 0.981423 685.391
188 9.375 0.99216 696.342
189 9.425 1.00261 707.527
190 9.475 0.993169 718.725
191 9.525 0.99023 730.007
192 9.575 0.99772 741.495
193 9.625 0.985984 752.966
194 9.675 0.985815 764.555
195 9.725 1.00938 776.544
196 9.775 0.988352 788.404
197 9.825 1.01606 800.721
198 9.875 0.989055 812.834
199 9.925 1.00397 825.254
200 9.975 0.991031 837.637
5490 200
1 0.025 0 0
2 0.075 0 0
3 0.125 0 0
4 0.175 0 0
5 0.225 0 0
6 0.275 0 0
7 0.325 0 0
8 0.375 0 0
9 0.425 0 0
10 0.475 0 0
11 0.525 0 0
12 0.575 0 0
13 0.625 0 0
14 0.675 0 0
15 0.725 0 0
16 0.775 0 0
17 0.825 0 0
18 0.875 0 0
19 0.925 0 0
20 0.975 0.575745 0.06875
21 1.025 1.57234 0.27625
22 1.075 2.37676 0.62125
23 1.125 2.5162 1.02125
24 1.175 2.38593 1.435
25 1.225 2.04263 1.82
26 1.275 1.72641 2.1725
27 1.325 1.67229 2.54125
28 1.375 1.47919 2.8925
29 1.425 1.24489 3.21
30 1.475 1.23055 3.54625
31 1.525 1.28813 3.9225
32 1.575 1.11537 4.27
33 1.625 1.09679 4.63375
34 1.675 1.12098 5.02875
35 1.725 0.98001 5.395
36 1.775 1.0014 5.79125
37 1.825 1.15646 6.275
38 1.875 1.06163 6.74375
39 1.925 1.03943 7.2275
40 1.975 1.13036 7.78125
41 2.025 1.03155 8.3125
42 2.075 1.16505 8.9425
43 2.125 1.0734 9.55125
44 2.175 1.14244 10.23
45 2.225 1.1359 10.9363
46 2.275 1.2096 11.7225
47 2.325 1.16182 12.5113
48 2.375 1.12047 13.305
49 2.425 1.03582 14.07
50 2.475 1.07888 14.9
51 2.525 1.05375 15.7438
52 2.575 1.05076 16.6188
53 2.625 1.08189 17.555
54 2.675 1.07938 18.525
55 2.725 1.01734 19.4738
56 2.775 1.06503 20.5038
57 2.825 1.0551 21.5613
58 2.875 1.0693 22.6713
59 2.925 1.0284 23.7763
60 2.975 1.04135 24.9338
61 3.025 1.03549 26.1238
62 3.075 1.04104 27.36
63 3.125 1.03653 28.6313
64 3.175 0.992296 29.8875
65 3.225 1.06991 31.285
66 3.275 1.02449 32.665
67 3.325 1.05694 34.1325
68 3.375 1.02935 35.605
69 3.425 1.00715 37.0888
70 3.475 1.01794 38.6325
71 3.525 1.0157 40.2175
72 3.575 1.01474 41.8463
73 3.625 1.00967 43.5125
74 3.675 1.00449 45.2163
75 3.725 1.02146 46.9963
76 3.775 1.01833 48.8188
77 3.825 1.02454 50.7013
78 3.875 0.998268 52.5838
79 3.925 1.03567 54.5875
80 3.975 0.9808 56.5338
81 4.025 0.970714 58.5088
82 4.075 0.994391 60.5825
83 4.125 1.03127 62.7863
84 4.175 1.0267 65.0337
85 4.225 1.00533 67.2875
86 4.275 1.013 69.6125
87 4.325 1.01153 71.9887
88 4.375 1.00622 74.4075
89 4.425 0.971407 76.7963
90 4.475 0.964235 79.2212
91 4.525 0.968321 81.7112
92 4.575 1.01385 84.3762
93 4.625 1.00414 87.0738
94 4.675 1.01056 89.8475
95 4.725 0.979922 92.595
96 4.775 1.00098 95.4613
97 4.825 1.00514 98.4
98 4.875 0.976668 101.315
99 4.925 0.973763 104.281
100 4.975 1.01823 107.446
101 5.025 0.99176 110.591
102 5.075 0.983908 113.774
103 5.125 1.00914 117.103
104 5.175 0.983045 120.409
105 5.225 1.02083 123.909
106 5.275 1.01016 127.439
107 5.325 0.996189 130.986
108 5.375 1.01736 134.678
109 5.425 0.99193 138.344
110 5.475 1.00478 142.126
111 5.525 0.984064 145.899
112 5.575 0.984426 149.741
113 5.625 0.992483 153.685
114 5.675 0.989906 157.689
115 5.725 0.977854 161.714
116 5.775 1.01233 165.954
117 5.825 0.990916 170.176
118 5.875 0.998921 174.506
119 5.925 1.00595 178.941
120 5.975 0.998384 183.418
121 6.025 0.975027 187.863
122 6.075 1.00462 192.519
123 6.125 1.00076 197.234
124 6.175 0.973392 201.895
125 6.225 0.976569 206.648
126 6.275 0.990643 211.546
127 6.325 1.00614 216.601
128 6.375 1.00267 221.719
129 6.425 1.03221 227.07
130 6.475 0.989029 232.278
131 6.525 0.972294 237.476
132 6.575 0.980126 242.798
133 6.625 1.00734 248.35
134 6.675 1.00147 253.954
135 6.725 0.992351 259.59
136 6.775 1.00291 265.371
137 6.825 0.976091 271.081
138 6.875 0.9889 276.951
139 6.925 0.993767 282.936
140 6.975 0.984889 288.954
141 7.025 1.00702 295.195
142 7.075 0.995821 301.455
143 7.125 1.00111 307.837
144 7.175 0.981597 314.184
145 7.225 1.02698 320.916
146 7.275 1.00708 327.61
147 7.325 0.987998 334.268
148 7.375 1.00814 341.154
149 7.425 0.99695 348.056
150 7.475 0.997909 355.059
151 7.525 1.01035 362.244
152 7.575 0.999142 369.444
153 7.625 1.00303 376.768
154 7.675 0.998283 384.153
155 7.725 1.02193 391.811
156 7.775 0.979685 399.249
157 7.825 1.00914 407.009
158 7.875 1.00568 414.841
159 7.925 1.00159 422.741
160 7.975 0.9778 430.551
161 8.025 0.9893 438.553
162 8.075 1.01739 446.884
163 8.125 0.991182 455.101
164 8.175 0.996668 463.466
165 8.225 0.986206 471.845
166 8.275 0.990895 480.366
167 8.325 1.00646 489.126
168 8.375 0.97759 497.738
169 8.425 0.997292 506.628
170 8.475 0.997754 515.628
171 8.525 1.0017 524.77
172 8.575 0.993028 533.94
173 8.625 0.974724 543.046
174 8.675 0.998173 552.48
175 8.725 1.01239 562.159
176 8.775 0.992486 571.756
177 8.825 1.0269 581.8
178 8.875 0.98541 591.548
179 8.925 0.993143 601.483
180 8.975 0.981491 611.411
181 9.025 1.00022 621.643
182 9.075 0.998291 631.968
183 9.125 0.991206 642.333
184 9.175 0.998523 652.889
185 9.225 1.00749 663.656
186 9.275 1.01957 674.671
187 9.325 0.986345 685.443
188 9.375 0.985139 696.316
189 9.425 1.00508 707.529
190 9.475 0.988069 718.669
191 9.525 1.0012 730.076
192 9.575 0.989035 741.464
193 9.625 0.987381 752.951
194 9.675 0.989855 764.588
195 9.725 1.00707 776.549
196 9.775 0.987102 788.394
197 9.825 1.01286 800.673
198 9.875 0.994771 812.855
199 9.925 1.00458 825.283
200 9.975 0.98763 837.624
5491 200
1 0.025 0 0
2 0.075 0 0
3 0.125 0 0
4 0.175 0 0
5 0.225 0 0
6 0.275 0 0
7 0.325 0 0
8 0.375 0 0
9 0.425 0 0
10 0.475 0 0
11 0.525 0 0
12 0.575 0 0
13 0.625 0 0
14 0.675 0 0
15 0.725 0 0
16 0.775 0 0
17 0.825 0 0
18 0.875 0 0
19 0.925 0 0
20 0.975 0.565277 0.0675
21 1.025 1.60075 0.27875
22 1.075 2.29065 0.61125
23 1.125 2.61842 1.0275
24 1.175 2.32106 1.43
25 1.225 2.06916 1.82
26 1.275 1.79988 2.1875
27 1.325 1.6156 2.54375
28 1.375 1.41076 2.87875
29 1.425 1.30861 3.2125
30 1.475 1.18938 3.5375
31 1.525 1.31809 3.9225
32 1.575 1.17154 4.2875
33 1.625 1.03272 4.63
34 1.675 1.12452 5.02625
35 1.725 0.990045 5.39625
36 1.775 1.04246 5.80875
37 1.825 1.11462 6.275
38 1.875 1.0673 6.74625
39 1.925 1.00989 7.21625
40 1.975 1.12016 7.765
41 2.025 1.0631 8.3125
42 2.075 1.14887 8.93375
43 2.125 1.08442 9.54875
44 2.175 1.14665 10.23
45 2.225 1.14395 10.9413
46 2.275 1.19422 11.7175
47 2.325 1.19864 12.5313
48 2.375 1.11695 13.3225
49 2.425 1.01889 14.075
50 2.475 1.07888 14.905
51 2.525 1.03658 15.735
52 2.575 1.05526 16.6137
53 2.625 1.08333 17.5512
54 2.675 1.0919 18.5325
55 2.725 0.997239 19.4625
56 2.775 1.08829 20.515
57 2.825 1.03764 21.555
58 2.875 1.06689 22.6625
59 2.925 1.01444 23.7525
60 2.975 1.04923 24.9187
61 3.025 1.04528 26.12
62 3.075 1.03052 27.3437
63 3.125 1.04061 28.62
64 3.175 1.00217 29.8887
65 3.225 1.0766 31.295
66 3.275 1.02264 32.6725
67 3.325 1.06234 34.1475
68 3.375 1.01799 35.6037
69 3.425 0.999512 37.0763
70 3.475 1.01052 38.6088
71 3.525 1.04213 40.235
72 3.575 0.996833 41.835
73 3.625 1.00891 43.5
74 3.675 1.01481 45.2212
75 3.725 1.00855 46.9787
76 3.775 1.04138 48.8425
77 3.825 1.01025 50.6988
78 3.875 0.986337 52.5588
79 3.925 1.0376 54.5663
80 3.975 0.991508 56.5338
81 4.025 0.972557 58.5125
82 4.075 1.00278 60.6038
83 4.125 1.02425 62.7925
84 4.175 1.02556 65.0375
85 4.225 1.00143 67.2825
86 4.275 1.00973 69.6
87 4.325 1.01738 71.99
88 4.375 1.00934 74.4163
89 4.425 0.962765 76.7837
90 4.475 0.964732 79.21
91 4.525 0.973182 81.7125
92 4.575 1.02574 84.4087
93 4.625 0.989718 87.0675
94 4.675 1.006 89.8287
95 4.725 0.972343 92.555
96 4.775 1.01015 95.4475
97 4.825 1.00984 98.4
98 4.875 0.978344 101.32
99 4.925 0.97048 104.276
100 4.975 1.02466 107.461
101 5.025 0.996096 110.62
102 5.075 0.973087 113.767
103 5.125 1.01141 117.104
104 5.175 0.981558 120.405
105 5.225 1.01646 123.89
106 5.275 1.02625 127.476
107 5.325 0.988817 130.997
108 5.375 1.00909 134.659
109 5.425 0.985505 138.301
110 5.475 1.01374 142.117
111 5.525 0.979499 145.872
112 5.575 1.003 149.787
113 5.625 0.984304 153.699
114 5.675 0.986198 157.687
115 5.725 0.977246 161.71
116 5.775 1.01054 165.942
117 5.825 1.00265 170.215
118 5.875 0.995461 174.53
119 5.925 0.992056 178.904
120 5.975 1.01037 183.434
121 6.025 0.970915 187.86
122 6.075 1.01433 192.561
123 6.125 0.982716 197.191
124 6.175 0.982789 201.897
125 6.225 0.974771 206.641
126 6.275 0.995446 211.564
127 6.325 1.00465 216.611
128 6.375 0.99532 221.691
129 6.425 1.0392 227.079
130 6.475 0.98808 232.281
131 6.525 0.963644 237.434
132 6.575 0.986802 242.791
133 6.625 1.00984 248.357
134 6.675 0.999455 253.95
135 6.725 1.00027 259.631
136 6.775 0.984046 265.304
137 6.825 0.992117 271.107
138 6.875 0.988058 276.972
139 6.925 0.986502 282.914
140 6.975 0.990618 288.966
141 7.025 0.995525 295.136
142 7.075 1.00894 301.479
143 7.125 0.997187 307.836
144 7.175 0.978504 314.163
145 7.225 1.02926 320.91
146 7.275 1.00087 327.562
147 7.325 0.999684 334.299
148 7.375 1.00631 341.172
149 7.425 1.00146 348.106
150 7.475 0.986686 355.03
151 7.525 1.01791 362.269
152 7.575 0.992204 369.419
153 7.625 1.00577 376.762
154 7.675 1.00099 384.167
155 7.725 1.0201 391.812
156 7.775 0.981661 399.265
157 7.825 1.00102 406.962
158 7.875 1.01049 414.832
159 7.925 1.00666 422.772
160 7.975 0.975296 430.562
161 8.025 0.985436 438.532
162 8.075 1.02044 446.889
163 8.125 0.983794 455.045
164 8.175 1.00337 463.466
165 8.225 0.991503 471.89
166 8.275 0.991331 480.415
167 8.325 1.00172 489.134
168 8.375 0.980003 497.766
169 8.425 0.998133 506.664
170 8.475 0.999833 515.682
171 8.525 0.997041 524.782
172 8.575 0.990998 533.934
173 8.625 0.974591 543.039
174 8.675 0.995792 552.45
175 8.725 1.01579 562.161
176 8.775 0.997527 571.807
177 8.825 1.02102 581.794
178 8.875 0.986927 591.556
179 8.925 0.995767 601.517
180 8.975 0.976054 611.391
181 9.025 1.00083 621.629
182 9.075 0.995874 631.929
183 9.125 0.991685 642.299
184 9.175 1.00313 652.904
185 9.225 1.00995 663.697
186 9.275 1.01656 674.68
187 9.325 0.98955 685.486
188 9.375 0.990235 696.416
189 9.425 0.999589 707.567
190 9.475 0.987737 718.704
191 9.525 0.995935 730.051
192 9.575 0.992943 741.484
193 9.625 0.983406 752.925
194 9.675 0.992407 764.591
195 9.725 1.00317 776.506
196 9.775 0.990228 788.389
197 9.825 1.00801 800.609
198 9.875 1.00263 812.887
199 9.925 0.999121 825.247
200 9.975 0.98983 837.616
5492 200
1 0.025 0 0
2 0.075 0 0
3 0.125 0 0
4 0.175 0 0
5 0.225 0 0
6 0.275 0 0
7 0.325 0 0
8 0.375 0 0
9 0.425 0 0
10 0.475 0 0
11 0.525 0 0
12 0.575 0 0
13 0.625 0 0
14 0.675 0 0
15 0.725 0 0
16 0.775 0 0
17 0.825 0 0
18 0.875 0 0
19 0.925 0.0116301 0.00125
20 0.975 0.554809 0.0675
21 1.025 1.60075 0.27875
22 1.075 2.29926 0.6125
23 1.125 2.58697 1.02375
24 1.175 2.26339 1.41625
25 1.225 2.12885 1.8175
26 1.275 1.78763 2.1825
27 1.325 1.64394 2.545
28 1.375 1.44761 2.88875
29 1.425 1.26449 3.21125
30 1.475 1.19853 3.53875
31 1.525 1.3352 3.92875
32 1.575 1.17555 4.295
33 1.625 1.03272 4.6375
34 1.675 1.05003 5.0075
35 1.725 1.06363 5.405
36 1.775 1.02667 5.81125
37 1.825 1.09072 6.2675
38 1.875 1.06163 6.73625
39 1.925 1.05018 7.225
40 1.975 1.10485 7.76625
41 2.025 1.05582 8.31
42 2.075 1.13269 8.9225
43 2.125 1.10426 9.54875
44 2.175 1.16769 10.2425
45 2.225 1.14998 10.9575
46 2.275 1.18268 11.7263
47 2.325 1.20969 12.5475
48 2.375 1.10459 13.33
49 2.425 0.996892 14.0663
50 2.475 1.08701 14.9025
51 2.525 1.06312 15.7538
52 2.575 1.03725 16.6175
53 2.625 1.06744 17.5413
54 2.675 1.10024 18.53
55 2.725 1.00394 19.4663
56 2.775 1.08571 20.5163
57 2.825 1.02642 21.545
58 2.875 1.0705 22.6563
59 2.925 1.0156 23.7475
60 2.975 1.0616 24.9275
61 3.025 1.03114 26.1125
62 3.075 1.02736 27.3325
63 3.125 1.04774 28.6175
64 3.175 1.01204 29.8987
65 3.225 1.06225 31.2862
66 3.275 1.03749 32.6837
67 3.325 1.05964 34.155
68 3.375 1.00313 35.59
69 3.425 1.02497 37.1
70 3.475 1.0031 38.6212
71 3.525 1.03893 40.2425
72 3.575 0.992939 41.8362
73 3.625 1.01421 43.51
74 3.675 1.0266 45.2512
75 3.725 0.997791 46.99
76 3.775 1.03789 48.8475
77 3.825 0.996644 50.6787
78 3.875 0.999594 52.5637
79 3.925 1.0137 54.525
80 3.975 0.995288 56.5
81 4.025 0.978701 58.4912
82 4.075 1.01837 60.615
83 4.125 1.00845 62.77
84 4.175 1.04097 65.0487
85 4.225 0.991391 67.2712
86 4.275 1.013 69.5962
87 4.325 1.01099 71.9712
88 4.375 1.0291 74.445
89 4.425 0.943449 76.765
90 4.475 0.96672 79.1962
91 4.525 0.991654 81.7462
92 4.575 1.00766 84.395
93 4.625 0.987857 87.0487
94 4.675 1.01648 89.8388
95 4.725 0.971452 92.5625
96 4.775 1.00665 95.445
97 4.825 0.993595 98.35
98 4.875 0.994259 101.317
99 4.925 0.978687 104.299
100 4.975 1.00938 107.436
101 5.025 1.0028 110.616
102 5.075 0.972701 113.763
103 5.125 1.01748 117.119
104 5.175 0.980443 120.416
105 5.225 1.02047 123.915
106 5.275 1.02017 127.48
107 5.325 0.983903 130.984
108 5.375 1.02666 134.709
109 5.425 0.966566 138.281
110 5.475 1.00909 142.08
111 5.525 0.984716 145.855
112 5.575 1.0046 149.776
113 5.625 0.984933 153.69
114 5.675 0.987743 157.685
115 5.725 0.972084 161.686
116 5.775 1.01292 165.929
117 5.825 1.0006 170.192
118 5.875 1.00786 174.561
119 5.925 0.985535 178.906
120 5.975 1.00758 183.424
121 6.025 0.970092 187.846
122 6.075 1.00867 192.521
123 6.125 0.995186 197.21
124 6.175 0.995058 201.975
125 6.225 0.960387 206.649
126 6.275 0.995446 211.571
127 6.325 1.00092 216.6
128 6.375 0.996545 221.686
129 6.425 1.03173 227.035
130 6.475 0.989979 232.248
131 6.525 0.966917 237.418
132 6.575 0.994631 242.818
133 6.625 1.01392 248.406
134 6.675 0.98203 253.901
135 6.725 1.00071 259.585
136 6.775 0.995539 265.324
137 6.825 0.989126 271.11
138 6.875 0.99985 277.045
139 6.925 0.976124 282.924
140 6.975 0.983866 288.935
141 7.025 1.00097 295.139
142 7.075 1.01511 301.52
143 7.125 0.98954 307.829
144 7.175 0.978117 314.153
145 7.225 1.03403 320.931
146 7.275 0.999932 327.578
147 7.325 1.00414 334.344
148 7.375 1.00466 341.206
149 7.425 0.992798 348.08
150 7.475 1.00147 355.108
151 7.525 1.00332 362.243
152 7.575 0.992898 369.398
153 7.625 1.00988 376.771
154 7.675 0.99879 384.16
155 7.725 1.01242 391.748
156 7.775 0.992692 399.284
157 7.825 0.994839 406.934
158 7.875 1.01852 414.866
159 7.925 1.0065 422.805
160 7.975 0.970131 430.554
161 8.025 0.983272 438.506
162 8.075 1.02074 446.865
163 8.125 0.983794 455.021
164 8.175 1.00799 463.481
165 8.225 0.989443 471.887
166 8.275 0.993802 480.434
167 8.325 1.00086 489.145
168 8.375 0.983976 497.812
169 8.425 0.992945 506.664
170 8.475 0.997477 515.661
171 8.525 1.00033 524.791
172 8.575 0.98247 533.864
173 8.625 0.98302 543.047
174 8.675 0.999099 552.49
175 8.725 1.00755 562.122
176 8.775 1.0058 571.849
177 8.825 1.0177 581.803
178 8.875 0.987811 591.574
179 8.925 0.987895 601.456
180 8.975 0.982232 611.393
181 9.025 0.997774 621.599
182 9.075 0.999258 631.934
183 9.125 0.987023 642.255
184 9.175 1.0068 652.899
185 9.225 1.00972 663.69
186 9.275 1.00974 674.599
187 9.325 1.00214 685.543
188 9.375 0.980156 696.361
189 9.425 1.00362 707.558
190 9.475 0.989954 718.719
191 9.525 0.993521 730.039
192 9.575 0.996743 741.515
193 9.625 0.982761 752.949
194 9.675 0.996661 764.665
195 9.725 0.987386 776.393
196 9.775 1.00492 788.451
197 9.825 0.998941 800.561
198 9.875 1.00498 812.869
199 9.925 0.999626 825.235
200 9.975 0.994232 837.659
5493 200
1 0.025 0 0
2 0.075 0 0
3 0.125 0 0
4 0.175 0 0
5 0.225 0 0
6 0.275 0 0
7 0.325 0 0
8 0.375 0 0
9 0.425 0 0
10 0.475 0 0
11 0.525 0 0
12 0.575 0 0
13 0.625 0 0
14 0.675 0 0
15 0.725 0 0
16 0.775 0 0
17 0.825 0 0
18 0.875 0 0
19 0.925 0.0232601 0.0025
20 0.975 0.617617 0.07625
21 1.025 1.56287 0.2825
22 1.075 2.28204 0.61375
23 1.125 2.5162 1.01375
24 1.175 2.33548 1.41875
25 1.225 2.10895 1.81625
26 1.275 1.78151 2.18
27 1.325 1.71764 2.55875
28 1.375 1.37391 2.885
29 1.425 1.2841 3.2125
30 1.475 1.18023 3.535
31 1.525 1.32237 3.92125
32 1.575 1.16352 4.28375
33 1.625 1.04779 4.63125
34 1.675 1.06067 5.005
35 1.725 1.06028 5.40125
36 1.775 1.00771 5.8
37 1.825 1.0937 6.2575
38 1.875 1.08145 6.735
39 1.925 1.04749 7.2225
40 1.975 1.07423 7.74875
41 2.025 1.08252 8.30625
42 2.075 1.10957 8.90625
43 2.125 1.13071 9.5475
44 2.175 1.18242 10.25
45 2.225 1.14194 10.96
46 2.275 1.20383 11.7425
47 2.325 1.18207 12.545
48 2.375 1.11342 13.3338
49 2.425 0.990122 14.065
50 2.475 1.08213 14.8975
51 2.525 1.06624 15.7513
52 2.575 1.04475 16.6212
53 2.625 1.06022 17.5388
54 2.675 1.09468 18.5225
55 2.725 1.00662 19.4612
56 2.775 1.07666 20.5025
57 2.825 1.05884 21.5638
58 2.875 1.05966 22.6638
59 2.925 0.998152 23.7363
60 2.975 1.07622 24.9325
61 3.025 1.03549 26.1225
62 3.075 1.01788 27.3313
63 3.125 1.02023 28.5825
64 3.175 1.03673 29.895
65 3.225 1.05364 31.2713
66 3.275 1.04955 32.685
67 3.325 1.04343 34.1337
68 3.375 1.01187 35.5812
69 3.425 1.02921 37.0975
70 3.475 1.00063 38.615
71 3.525 1.05896 40.2675
72 3.575 0.961009 41.81
73 3.625 1.043 43.5312
74 3.675 1.0067 45.2387
75 3.725 1.01788 47.0125
76 3.775 1.02392 48.845
77 3.825 1.00821 50.6975
78 3.875 0.995617 52.575
79 3.925 1.01564 54.54
80 3.975 0.984579 56.4937
81 4.025 0.975629 58.4787
82 4.075 1.02076 60.6075
83 4.125 1.00319 62.7512
84 4.175 1.05639 65.0637
85 4.225 0.985815 67.2737
86 4.275 1.00755 69.5862
87 4.325 1.00408 71.945
88 4.375 1.03534 74.4337
89 4.425 0.949041 76.7675
90 4.475 0.980637 79.2337
91 4.525 0.988738 81.7762
92 4.575 1.00148 84.4087
93 4.625 0.995767 87.0837
94 4.675 0.998718 89.825
95 4.725 0.977693 92.5662
96 4.775 1.00578 95.4462
97 4.825 0.995732 98.3575
98 4.875 0.995096 101.327
99 4.925 0.977046 104.304
100 4.975 1.00697 107.434
101 5.025 0.995702 110.591
102 5.075 0.986227 113.781
103 5.125 1.01937 117.144
104 5.175 0.969293 120.404
105 5.225 1.02375 123.914
106 5.275 1.01016 127.444
107 5.325 1.00216 131.012
108 5.375 1.02218 134.721
109 5.425 0.963184 138.281
110 5.475 0.998467 142.04
111 5.525 1.00037 145.875
112 5.575 0.996915 149.766
113 5.625 0.980529 153.662
114 5.675 0.987743 157.657
115 5.725 0.980587 161.694
116 5.775 1.00337 165.896
117 5.825 1.01233 170.21
118 5.875 1.00065 174.547
119 5.925 0.992907 178.925
120 5.975 1.01037 183.455
121 6.025 0.960769 187.835
122 6.075 1.00435 192.49
123 6.125 0.996778 197.186
124 6.175 0.990098 201.927
125 6.225 0.968349 206.64
126 6.275 0.991149 211.541
127 6.325 1.00689 216.6
128 6.375 0.998994 221.699
129 6.425 1.03197 227.049
130 6.475 0.98713 232.246
131 6.525 0.97206 237.444
132 6.575 0.990947 242.824
133 6.625 1.01256 248.405
134 6.675 0.990966 253.95
135 6.725 0.991691 259.582
136 6.775 0.99619 265.325
137 6.825 0.988912 271.11
138 6.875 1.00343 277.066
139 6.925 0.967615 282.894
140 6.975 0.993482 288.964
141 7.025 0.994719 295.129
142 7.075 1.01332 301.499
143 7.125 0.986795 307.79
144 7.175 0.985271 314.16
145 7.225 1.03327 320.934
146 7.275 1.00614 327.621
147 7.325 0.990409 334.295
148 7.375 1.01216 341.209
149 7.425 0.997492 348.115
150 7.475 0.999156 355.126
151 7.525 0.99805 362.224
152 7.575 0.999142 369.424
153 7.625 1.01501 376.835
154 7.675 0.993721 384.186
155 7.725 1.00542 391.721
156 7.775 1.00389 399.343
157 7.825 0.985899 406.924
158 7.875 1.01836 414.855
159 7.925 0.999844 422.741
160 7.975 0.978895 430.56
161 8.025 0.979409 438.481
162 8.075 1.01937 446.829
163 8.125 0.987865 455.019
164 8.175 1.00337 463.44
165 8.225 0.99474 471.891
166 8.275 0.987843 480.386
167 8.325 1.00201 489.108
168 8.375 0.995754 497.879
169 8.425 0.979764 506.613
170 8.475 1.00732 515.699
171 8.525 0.998411 524.811
172 8.575 0.977326 533.836
173 8.625 0.980344 542.995
174 8.675 1.00346 552.479
175 8.725 1.00599 562.096
176 8.775 1.01045 571.867
177 8.825 1.01501 581.795
178 8.875 0.991728 591.605
179 8.925 0.984771 601.456
180 8.975 0.988163 611.452
181 9.025 0.991298 621.592
182 9.075 1.00095 631.945
183 9.125 0.986305 642.259
184 9.175 1.01011 652.938
185 9.225 1.01007 663.732
186 9.275 1.00592 674.6
187 9.325 1.00294 685.552
188 9.375 0.974833 696.312
189 9.425 1.00687 707.545
190 9.475 0.988956 718.695
191 9.525 0.99023 729.977
192 9.575 1.00434 741.541
193 9.625 0.980075 752.944
194 9.675 0.994534 764.635
195 9.725 0.991385 776.41
196 9.775 1.00231 788.437
197 9.825 1.0042 800.611
198 9.875 0.998445 812.839
199 9.925 1.00326 825.25
200 9.975 0.994832 837.681
5494 200
1 0.025 0 0
2 0.075 0 0
3 0.125 0 0
4 0.175 0 0
5 0.225 0 0
6 0.275 0 0
7 0.325 0 0
8 0.375 0 0
9 0.425 0 0
10 0.475 0 0
11 0.525 0 0
12 0.575 0 0
13 0.625 0 0
14 0.675 0 0
15 0.725 0 0
16 0.775 0 0
17 0.825 0 0
18 0.875 0 0
19 0.925 0.0116301 0.00125
20 0.975 0.617617 0.075
21 1.025 1.57234 0.2825
22 1.075 2.27342 0.6125
23 1.125 2.43757 1
24 1.175 2.37873 1.4125
25 1.225 2.10232 1.80875
26 1.275 1.81212 2.17875
27 1.325 1.74598 2.56375
28 1.375 1.3318 2.88
29 1.425 1.289 3.20875
30 1.475 1.21225 3.54
31 1.525 1.31381 3.92375
32 1.575 1.14345 4.28
33 1.625 1.06287 4.6325
34 1.675 1.0252 4.99375
35 1.725 1.08035 5.3975
36 1.775 1.02983 5.805
37 1.825 1.06382 6.25
38 1.875 1.08711 6.73
39 1.925 1.06629 7.22625
40 1.975 1.05892 7.745
41 2.025 1.10193 8.3125
42 2.075 1.1142 8.915
43 2.125 1.08222 9.52875
44 2.175 1.19714 10.24
45 2.225 1.16606 10.965
46 2.275 1.22883 11.7637
47 2.325 1.16366 12.5538
48 2.375 1.0693 13.3113
49 2.425 1.02228 14.0663
50 2.475 1.07076 14.89
51 2.525 1.07717 15.7525
52 2.575 1.05526 16.6313
53 2.625 1.04289 17.5338
54 2.675 1.08772 18.5113
55 2.725 1.01734 19.46
56 2.775 1.06891 20.4938
57 2.825 1.05635 21.5525
58 2.875 1.06689 22.66
59 2.925 1.0063 23.7413
60 2.975 1.0616 24.9213
61 3.025 1.05181 26.13
62 3.075 0.996832 27.3138
63 3.125 1.02634 28.5725
64 3.175 1.05253 29.905
65 3.225 1.06416 31.295
66 3.275 1.02728 32.6788
67 3.325 1.03893 34.1213
68 3.375 1.02498 35.5875
69 3.425 1.01054 37.0763
70 3.475 1.02453 38.63
71 3.525 1.04293 40.2575
72 3.575 0.975027 41.8225
73 3.625 1.02785 43.5188
74 3.675 1.00007 45.215
75 3.725 1.03079 47.0113
76 3.775 1.00995 48.8188
77 3.825 1.01705 50.6875
78 3.875 0.99164 52.5575
79 3.925 1.03244 54.555
80 3.975 0.959382 56.4588
81 4.025 0.990374 58.4738
82 4.075 1.01297 60.5862
83 4.125 1.01313 62.7512
84 4.175 1.0524 65.055
85 4.225 0.975221 67.2412
86 4.275 1.0179 69.5775
87 4.325 1.01046 71.9512
88 4.375 1.03742 74.445
89 4.425 0.954632 76.7925
90 4.475 0.96175 79.2112
91 4.525 1.01304 81.8162
92 4.575 0.995776 84.4338
93 4.625 0.995302 87.1075
94 4.675 0.982323 89.8038
95 4.725 0.99731 92.6
96 4.775 0.984827 95.42
97 4.825 1.00215 98.35
98 4.875 0.998447 101.33
99 4.925 0.978277 104.31
100 4.975 1.00335 107.429
101 5.025 0.99176 110.574
102 5.075 0.990864 113.779
103 5.125 1.02165 117.149
104 5.175 0.968922 120.408
105 5.225 1.01463 123.886
106 5.275 1.01409 127.43
107 5.325 1.00075 130.994
108 5.375 1.02287 134.705
109 5.425 0.968933 138.286
110 5.475 0.986182 141.999
111 5.525 1.0095 145.869
112 5.575 0.998836 149.768
113 5.625 0.978642 153.656
114 5.675 0.989906 157.66
115 5.725 0.978461 161.688
116 5.775 1.00427 165.894
117 5.825 1.01233 170.208
118 5.875 0.995749 174.524
119 5.925 1.00028 178.934
120 5.975 1.01483 183.484
121 6.025 0.956108 187.843
122 6.075 0.99842 192.47
123 6.125 1.005 197.205
124 6.175 0.983833 201.916
125 6.225 0.972973 206.651
126 6.275 0.987862 211.536
127 6.325 1.00142 216.568
128 6.375 1.00683 221.706
129 6.425 1.02787 227.035
130 6.475 0.987842 232.236
131 6.525 0.962942 237.385
132 6.575 1.00683 242.851
133 6.625 1.00122 248.37
134 6.675 0.992083 253.921
135 6.725 0.995432 259.575
136 6.775 0.995322 265.313
137 6.825 0.982288 271.059
138 6.875 1.01733 277.098
139 6.925 0.964086 282.904
140 6.975 0.991027 288.959
141 7.025 0.99371 295.118
142 7.075 1.01411 301.493
143 7.125 0.998363 307.858
144 7.175 0.976184 314.169
145 7.225 1.03403 320.948
146 7.275 1.00238 327.61
147 7.325 0.993748 334.306
148 7.375 1.00868 341.196
149 7.425 1.00146 348.13
150 7.475 1.00592 355.189
151 7.525 0.982758 362.178
152 7.575 1.00261 369.403
153 7.625 1.01861 376.84
154 7.675 0.995918 384.208
155 7.725 0.994743 391.663
156 7.775 1.01047 399.334
157 7.825 0.988662 406.936
158 7.875 1.01178 414.816
159 7.925 1.00682 422.758
160 7.975 0.979678 430.583
161 8.025 0.982963 438.533
162 8.075 1.01097 446.811
163 8.125 0.989674 455.016
164 8.175 1.00829 463.479
165 8.225 0.987236 471.866
166 8.275 0.99075 480.386
167 8.325 1.00158 489.104
168 8.375 0.994761 497.866
169 8.425 0.987055 506.665
170 8.475 1.00413 515.722
171 8.525 0.995261 524.806
172 8.575 0.978273 533.84
173 8.625 0.978203 542.979
174 8.675 1.00267 552.455
175 8.725 1.00912 562.102
176 8.775 1.00942 571.864
177 8.825 1.01271 581.769
178 8.875 0.992739 591.589
179 8.925 0.991519 601.508
180 8.975 0.982726 611.449
181 9.025 0.991175 621.587
182 9.075 1.00143 631.945
183 9.125 0.987023 642.266
184 9.175 1.00798 652.922
185 9.225 1.01252 663.744
186 9.275 1.00731 674.626
187 9.325 1.00443 685.595
188 9.375 0.972795 696.332
189 9.425 1.00866 707.585
190 9.475 0.986295 718.705
191 9.525 0.9865 729.945
192 9.575 0.999348 741.451
193 9.625 0.991571 752.987
194 9.675 0.992088 764.65
195 9.725 0.994016 776.456
196 9.775 0.996269 788.411
197 9.825 1.00688 800.617
198 9.875 0.992729 812.775
199 9.925 1.00539 825.212
200 9.975 1.00123 837.724
5495 200
1 0.025 0 0
2 0.075 0 0
3 0.125 0 0
4 0.175 0 0
5 0.225 0 0
6 0.275 0 0
7 0.325 0 0
8 0.375 0 0
9 0.425 0 0
10 0.475 0 0
11 0.525 0 0
12 0.575 0 0
13 0.625 0 0
14 0.675 0 0
15 0.725 0 0
16 0.775 0 0
17 0.825 0 0
18 0.875 0 0
19 0.925 0.0116301 0.00125
20 0.975 0.607149 0.07375
21 1.025 1.55339 0.27875
22 1.075 2.31648 0.615
23 1.125 2.52406 1.01625
24 1.175 2.34268 1.4225
25 1.225 2.05589 1.81
26 1.275 1.81824 2.18125
27 1.325 1.74031 2.565
28 1.375 1.26337 2.865
29 1.425 1.35762 3.21125
30 1.475 1.24427 3.55125
31 1.525 1.28385 3.92625
32 1.575 1.16352 4.28875
33 1.625 1.04025 4.63375
34 1.675 1.03229 4.9975
35 1.725 1.06363 5.395
36 1.775 1.02983 5.8025
37 1.825 1.07577 6.2525
38 1.875 1.08711 6.7325
39 1.925 1.05286 7.2225
40 1.975 1.07678 7.75
41 2.025 1.08009 8.30625
42 2.075 1.11188 8.9075
43 2.125 1.1241 9.545
44 2.175 1.16769 10.2387
45 2.225 1.18416 10.975
46 2.275 1.21152 11.7625
47 2.325 1.17471 12.56
48 2.375 1.05872 13.31
49 2.425 1.03582 14.075
50 2.475 1.06264 14.8925
51 2.525 1.07873 15.7562
52 2.575 1.04475 16.6262
53 2.625 1.03278 17.52
54 2.675 1.10163 18.51
55 2.725 1.02271 19.4637
56 2.775 1.087 20.515
57 2.825 1.02766 21.545
58 2.875 1.08736 22.6737
59 2.925 1.00397 23.7525
60 2.975 1.05822 24.9287
61 3.025 1.03876 26.1225
62 3.075 1.01367 27.3262
63 3.125 1.00392 28.5575
64 3.175 1.06931 29.9112
65 3.225 1.05651 31.2912
66 3.275 1.03563 32.6863
67 3.325 1.04793 34.1412
68 3.375 1.01537 35.5938
69 3.425 1.01309 37.0862
70 3.475 1.0336 38.6538
71 3.525 1.00529 40.2225
72 3.575 0.996054 41.8213
73 3.625 1.03542 43.53
74 3.675 0.997121 45.2213
75 3.725 1.04155 47.0363
76 3.775 1.00087 48.8275
77 3.825 0.999366 50.6638
78 3.875 0.997605 52.545
79 3.925 1.03308 54.5438
80 3.975 0.953713 56.4363
81 4.025 1.00942 58.49
82 4.075 0.999786 60.575
83 4.125 1.01898 62.7525
84 4.175 1.04383 65.0375
85 4.225 0.973548 67.22
86 4.275 1.03315 69.5913
87 4.325 0.997691 71.935
88 4.375 1.03794 74.43
89 4.425 0.944466 76.7525
90 4.475 0.980637 79.2188
91 4.525 1.01061 81.8175
92 4.575 0.991021 84.4225
93 4.625 1.00368 87.1188
94 4.675 0.974581 89.7938
95 4.725 0.995526 92.585
96 4.775 0.990066 95.42
97 4.825 1.003 98.3525
98 4.875 0.991327 101.311
99 4.925 0.985253 104.313
100 4.975 1.01381 107.464
101 5.025 0.986241 110.591
102 5.075 0.985067 113.778
103 5.125 1.02202 117.149
104 5.175 0.969293 120.409
105 5.225 1.0201 123.906
106 5.275 1.00229 127.409
107 5.325 0.995838 130.955
108 5.375 1.03011 134.693
109 5.425 0.977388 138.305
110 5.475 0.986514 142.019
111 5.525 0.997107 145.841
112 5.575 1.00588 149.768
113 5.625 0.976754 153.649
114 5.675 0.98867 157.648
115 5.725 0.985749 161.705
116 5.775 0.985168 165.831
117 5.825 1.03345 170.235
118 5.875 0.994019 174.544
119 5.925 0.996309 178.936
120 5.975 1.0126 183.476
121 6.025 0.967898 187.889
122 6.075 0.983856 192.449
123 6.125 1.00845 197.2
124 6.175 0.989837 201.94
125 6.225 0.974771 206.684
126 6.275 0.987104 211.565
127 6.325 1.00067 216.593
128 6.375 1.00022 221.698
129 6.425 1.02474 227.01
130 6.475 0.979058 232.165
131 6.525 0.981879 237.415
132 6.575 1.00476 242.87
133 6.625 0.99192 248.338
134 6.675 0.999901 253.933
135 6.725 0.993672 259.576
136 6.775 0.991419 265.291
137 6.825 0.984852 271.053
138 6.875 1.01712 277.09
139 6.925 0.968653 282.924
140 6.975 0.983457 288.933
141 7.025 1.00238 295.145
142 7.075 1.00974 301.493
143 7.125 0.998559 307.859
144 7.175 0.973477 314.153
145 7.225 1.03403 320.931
146 7.275 1.00144 327.588
147 7.325 1.0008 334.331
148 7.375 1.001 341.169
149 7.425 1.00832 348.15
150 7.475 1.00682 355.215
151 7.525 0.985043 362.22
152 7.575 0.995326 369.393
153 7.625 1.01981 376.839
154 7.675 1.00048 384.24
155 7.725 0.989572 391.656
156 7.775 1.00471 399.284
157 7.825 0.997115 406.951
158 7.875 1.00921 414.811
159 7.925 1.00254 422.719
160 7.975 0.981086 430.555
161 8.025 0.988064 438.546
162 8.075 1.00823 446.803
163 8.125 0.992991 455.035
164 8.175 1.00486 463.469
165 8.225 0.99062 471.885
166 8.275 0.990895 480.406
167 8.325 0.995544 489.071
168 8.375 0.997032 497.854
169 8.425 0.982428 506.611
170 8.475 1.01189 515.739
171 8.525 0.992795 524.8
172 8.575 0.978003 533.831
173 8.625 0.976597 542.955
174 8.675 1.00439 552.448
175 8.725 1.01174 562.12
176 8.775 1.0049 571.838
177 8.825 1.0122 581.738
178 8.875 1.00171 591.646
179 8.925 0.985271 601.503
180 8.975 0.990882 611.526
181 9.025 0.977122 621.521
182 9.075 0.996116 631.824
183 9.125 0.997901 642.259
184 9.175 1.00905 652.926
185 9.225 1.01276 663.75
186 9.275 1.00742 674.634
187 9.325 1.00134 685.569
188 9.375 0.976758 696.35
189 9.425 1.01057 707.624
190 9.475 0.985519 718.735
191 9.525 0.981563 729.919
192 9.575 1.00347 741.473
193 9.625 0.993505 753.031
194 9.675 0.998256 764.766
195 9.725 0.985492 776.471
196 9.775 0.992415 788.38
197 9.825 1.00863 800.608
198 9.875 0.99079 812.741
199 9.925 1.01256 825.268
200 9.975 0.997033 837.726
5496 200
1 0.025 0 0
2 0.075 0 0
3 0.125 0 0
4 0.175 0 0
5 0.225 0 0
6 0.275 0 0
7 0.325 0 0
8 0.375 0 0
9 0.425 0 0
10 0.475 0 0
11 0.525 0 0
12 0.575 0 0
13 0.625 0 0
14 0.675 0 0
15 0.725 0 0
16 0.775 0 0
17 0.825 0 0
18 0.875 0 0
19 0.925 0.0348902 0.00375
20 0.975 0.554809 0.07
21 1.025 1.55339 0.275
22 1.075 2.22175 0.5975
23 1.125 2.55552 1.00375
24 1.175 2.42918 1.425
25 1.225 2.0161 1.805
26 1.275 1.86722 2.18625
27 1.325 1.67795 2.55625
28 1.375 1.30548 2.86625
29 1.425 1.33311 3.20625
30 1.475 1.26714 3.5525
31 1.525 1.27529 3.925
32 1.575 1.1916 4.29625
33 1.625 1.03272 4.63875
34 1.675 1.03229 5.0025
35 1.725 1.02015 5.38375
36 1.775 1.07721 5.81
37 1.825 1.06382 6.255
38 1.875 1.08145 6.7325
39 1.925 1.05286 7.2225
40 1.975 1.06657 7.745
41 2.025 1.0898 8.30625
42 2.075 1.11882 8.91125
43 2.125 1.09104 9.53
44 2.175 1.18242 10.2325
45 2.225 1.19622 10.9763
46 2.275 1.1846 11.7463
47 2.325 1.20233 12.5625
48 2.375 1.04813 13.305
49 2.425 1.03243 14.0675
50 2.475 1.07076 14.8913
51 2.525 1.07249 15.75
52 2.575 1.05226 16.6263
53 2.625 1.04578 17.5313
54 2.675 1.0919 18.5125
55 2.725 1.016 19.46
56 2.775 1.08829 20.5125
57 2.825 1.02642 21.5413
58 2.875 1.08254 22.665
59 2.925 1.0156 23.7563
60 2.975 1.06272 24.9375
61 3.025 1.02897 26.12
62 3.075 1.01683 27.3275
63 3.125 1.00086 28.555
64 3.175 1.07523 29.9162
65 3.225 1.04598 31.2825
66 3.275 1.03099 32.6713
67 3.325 1.04073 34.1163
68 3.375 1.01274 35.565
69 3.425 1.03515 37.09
70 3.475 1.03607 38.6612
71 3.525 1.00288 40.2262
72 3.575 0.989824 41.815
73 3.625 1.02482 43.5062
74 3.675 1.0207 45.2375
75 3.725 1.03509 47.0412
76 3.775 0.977821 48.7912
77 3.825 1.00889 50.645
78 3.875 1.01153 52.5525
79 3.925 1.01564 54.5175
80 3.975 0.960642 56.4237
81 4.025 1.02294 58.505
82 4.075 0.992593 60.575
83 4.125 1.02366 62.7625
84 4.175 1.03412 65.0262
85 4.225 0.973548 67.2087
86 4.275 1.02988 69.5725
87 4.325 0.997691 71.9162
88 4.375 1.03846 74.4125
89 4.425 0.943957 76.7338
90 4.475 0.979146 79.1963
91 4.525 1.01304 81.8013
92 4.575 0.994825 84.4163
93 4.625 1.006 87.1188
94 4.675 0.972304 89.7875
95 4.725 0.996418 92.5813
96 4.775 0.98832 95.4113
97 4.825 1.00086 98.3375
98 4.875 0.991327 101.296
99 4.925 0.981149 104.285
100 4.975 1.03673 107.507
101 5.025 0.968503 110.579
102 5.075 0.992023 113.787
103 5.125 1.01255 117.127
104 5.175 0.987876 120.45
105 5.225 1.01099 123.916
106 5.275 0.997278 127.401
107 5.325 1.00356 130.975
108 5.375 1.01805 134.669
109 5.425 0.974682 138.271
110 5.475 0.995479 142.019
111 5.525 0.993846 145.829
112 5.575 1.02029 149.811
113 5.625 0.95379 153.601
114 5.675 1.00227 157.655
115 5.725 0.98332 161.702
116 5.775 0.986661 165.835
117 5.825 1.03638 170.251
118 5.875 1.0018 174.594
119 5.925 0.988654 178.952
120 5.975 1.00563 183.461
121 6.025 0.964608 187.859
122 6.075 0.992216 192.457
123 6.125 0.991737 197.13
124 6.175 0.99819 201.91
125 6.225 0.977339 206.666
126 6.275 0.998732 211.605
127 6.325 0.989224 216.575
128 6.375 1.00414 221.7
129 6.425 1.02353 227.006
130 6.475 0.981195 232.172
131 6.525 0.984216 237.435
132 6.575 0.995321 242.839
133 6.625 1.00212 248.362
134 6.675 0.996104 253.936
135 6.725 0.987289 259.544
136 6.775 0.990769 265.255
137 6.825 0.988912 271.04
138 6.875 1.02133 277.102
139 6.925 0.961181 282.891
140 6.975 0.991641 288.95
141 7.025 0.994315 295.112
142 7.075 1.00616 301.437
143 7.125 1.0115 307.886
144 7.175 0.97019 314.159
145 7.225 1.02469 320.876
146 7.275 1.0067 327.567
147 7.325 0.998571 334.296
148 7.375 1.00997 341.195
149 7.425 1.00507 348.154
150 7.475 1.00771 355.225
151 7.525 0.978891 362.186
152 7.575 0.995846 369.362
153 7.625 1.02717 376.862
154 7.675 1.00775 384.317
155 7.725 0.97823 391.649
156 7.775 1.00735 399.296
157 7.825 0.997928 406.97
158 7.875 1.01226 414.854
159 7.925 0.99192 422.677
160 7.975 0.987346 430.564
161 8.025 0.993937 438.602
162 8.075 0.992351 446.729
163 8.125 1.00671 455.075
164 8.175 0.996073 463.435
165 8.225 1.00563 471.979
166 8.275 0.985808 480.456
167 8.325 0.991523 489.086
168 8.375 0.995896 497.859
169 8.425 0.983269 506.624
170 8.475 1.00981 515.732
171 8.525 0.992385 524.79
172 8.575 0.978273 533.824
173 8.625 0.981682 542.995
174 8.675 1.00042 552.45
175 8.725 1.01566 562.16
176 8.775 0.994813 571.78
177 8.825 1.02115 581.768
178 8.875 0.999437 591.654
179 8.925 0.985646 601.514
180 8.975 0.988287 611.511
181 9.025 0.981155 621.548
182 9.075 0.992369 631.811
183 9.125 0.999455 642.262
184 9.175 1.0133 652.975
185 9.225 1.00948 663.764
186 9.275 1.0065 674.637
187 9.325 0.999051 685.547
188 9.375 0.983214 696.4
189 9.425 1.00407 707.601
190 9.475 0.996274 718.834
191 9.525 0.976736 729.962
192 9.575 0.993269 741.399
193 9.625 0.998125 753.011
194 9.675 0.996554 764.726
195 9.725 0.986544 776.444
196 9.775 0.997207 788.41
197 9.825 1.00337 800.574
198 9.875 0.993546 812.741
199 9.925 1.00963 825.231
200 9.975 0.998833 837.712
5497 200
1 0.025 0 0
2 0.075 0 0
3 0.125 0 0
4 0.175 0 0
5 0.225 0 0
6 0.275 0 0
7 0.325 0 0
8 0.375 0 0
9 0.425 0 0
10 0.475 0 0
11 0.525 0 0
12 0.575 0 0
13 0.625 0 0
14 0.675 0 0
15 0.725 0 0
16 0.775 0 0
17 0.825 0 0
18 0.875 0 0
19 0.925 0.0348902 0.00375
20 0.975 0.54434 0.06875
21 1.025 1.57234 0.27625
22 1.075 2.17009 0.59125
23 1.125 2.65774 1.01375
24 1.175 2.37873 1.42625
25 1.225 2.04263 1.81125
26 1.275 1.87946 2.195
27 1.325 1.64961 2.55875
28 1.375 1.30022 2.8675
29 1.425 1.35272 3.2125
30 1.475 1.26714 3.55875
31 1.525 1.24106 3.92125
32 1.575 1.18358 4.29
33 1.625 1.03272 4.6325
34 1.675 1.04648 5.00125
35 1.725 1.02015 5.3825
36 1.775 1.09616 5.81625
37 1.825 1.03095 6.2475
38 1.875 1.08428 6.72625
39 1.925 1.026 7.20375
40 1.975 1.09719 7.74125
41 2.025 1.10193 8.30875
42 2.075 1.10495 8.90625
43 2.125 1.10867 9.535
44 2.175 1.16979 10.23
45 2.225 1.20627 10.98
46 2.275 1.19614 11.7575
47 2.325 1.17471 12.555
48 2.375 1.03401 13.2875
49 2.425 1.07475 14.0812
50 2.475 1.04964 14.8887
51 2.525 1.08966 15.7612
52 2.575 1.05226 16.6375
53 2.625 1.01544 17.5162
54 2.675 1.0919 18.4975
55 2.725 1.02941 19.4575
56 2.775 1.07925 20.5012
57 2.825 1.06009 21.5637
58 2.875 1.05364 22.6575
59 2.925 1.01793 23.7512
60 2.975 1.06047 24.93
61 3.025 1.02679 26.11
62 3.075 1.01578 27.3163
63 3.125 1.00901 28.5538
64 3.175 1.06635 29.9038
65 3.225 1.05842 31.2863
66 3.275 1.0412 32.6887
67 3.325 1.02092 34.1062
68 3.375 1.01449 35.5575
69 3.425 1.02836 37.0725
70 3.475 1.05008 38.665
71 3.525 1.00368 40.2312
72 3.575 0.984373 41.8112
73 3.625 1.03694 43.5225
74 3.675 1.00597 45.2287
75 3.725 1.03294 47.0287
76 3.775 0.980615 48.7837
77 3.825 1.00821 50.6362
78 3.875 1.00225 52.5262
79 3.925 1.00853 54.4775
80 3.975 0.991508 56.445
81 4.025 1.01003 58.5
82 4.075 0.983003 60.55
83 4.125 1.04998 62.7937
84 4.175 1.00728 64.9987
85 4.225 0.983585 67.2037
86 4.275 1.02171 69.5487
87 4.325 1.01791 71.94
88 4.375 1.01142 74.3712
89 4.425 0.956666 76.7237
90 4.475 0.999524 79.2375
91 4.525 1.00381 81.8187
92 4.575 0.995301 84.435
93 4.625 0.990649 87.0962
94 4.675 0.976403 89.7762
95 4.725 0.999539 92.5787
96 4.775 0.977406 95.3775
97 4.825 0.987182 98.2637
98 4.875 1.01227 101.285
99 4.925 0.98197 104.276
100 4.975 1.02587 107.465
101 5.025 0.984665 110.587
102 5.075 0.99898 113.819
103 5.125 1.0027 117.126
104 5.175 0.981186 120.426
105 5.225 1.01208 123.896
106 5.275 0.999782 127.39
107 5.325 1.00532 130.97
108 5.375 1.00978 134.634
109 5.425 0.986857 138.281
110 5.475 0.988506 142.002
111 5.525 0.996128 145.821
112 5.575 1.02189 149.81
113 5.625 0.959453 153.623
114 5.675 0.991761 157.634
115 5.725 0.990608 161.711
116 5.775 0.987854 165.849
117 5.825 1.03286 170.25
118 5.875 0.998921 174.58
119 5.925 0.994892 178.966
120 5.975 0.99699 183.436
121 6.025 0.968995 187.854
122 6.075 0.993295 192.457
123 6.125 0.995451 197.147
124 6.175 0.98801 201.879
125 6.225 0.983761 206.666
126 6.275 0.992412 211.574
127 6.325 0.988229 216.539
128 6.375 1.01638 221.726
129 6.425 1.01485 226.987
130 6.475 0.992828 232.215
131 6.525 0.982814 237.47
132 6.575 0.984961 242.817
133 6.625 1.00802 248.374
134 6.675 0.993646 253.934
135 6.725 0.986629 259.537
136 6.775 0.994672 265.271
137 6.825 0.99575 271.096
138 6.875 1.01796 277.139
139 6.925 0.956199 282.897
140 6.975 0.995937 288.982
141 7.025 0.997744 295.166
142 7.075 0.999997 301.452
143 7.125 1.00875 307.884
144 7.175 0.978504 314.21
145 7.225 1.0163 320.872
146 7.275 1.00162 327.53
147 7.325 1.01323 334.357
148 7.375 1.00191 341.201
149 7.425 1.00417 348.154
150 7.475 1.01109 355.249
151 7.525 0.973442 362.171
152 7.575 0.995153 369.342
153 7.625 1.03573 376.905
154 7.675 1.00166 384.315
155 7.725 0.984735 391.695
156 7.775 0.994997 399.249
157 7.825 1.00004 406.939
158 7.875 1.01049 414.809
159 7.925 0.995248 422.659
160 7.975 0.98719 430.544
161 8.025 0.998573 438.62
162 8.075 0.990977 446.735
163 8.125 1.00445 455.062
164 8.175 0.999647 463.452
165 8.225 1.00224 471.967
166 8.275 0.984645 480.435
167 8.325 0.990374 489.055
168 8.375 1.00086 497.871
169 8.425 0.982849 506.632
170 8.475 1.01064 515.749
171 8.525 0.985537 524.744
172 8.575 0.986395 533.852
173 8.625 0.976865 542.979
174 8.675 1.00637 552.49
175 8.725 1.00729 562.12
176 8.775 1.00231 571.812
177 8.825 1.00875 581.679
178 8.875 1.0079 591.649
179 8.925 0.985521 601.508
180 8.975 0.983715 611.459
181 9.025 0.985065 621.535
182 9.075 0.990556 631.78
183 9.125 1.00232 642.261
184 9.175 1.01117 652.951
185 9.225 1.00644 663.708
186 9.275 1.00904 674.609
187 9.325 1.00386 685.571
188 9.375 0.987404 696.47
189 9.425 0.994099 707.56
190 9.475 0.996495 718.795
191 9.525 0.983867 730.005
192 9.575 0.992726 741.435
193 9.625 0.996084 753.024
194 9.675 0.998468 764.761
195 9.725 0.987596 776.491
196 9.775 0.997519 788.461
197 9.825 0.991207 800.478
198 9.875 0.997629 812.695
199 9.925 1.01246 825.22
200 9.975 1.00373 837.763
