# Time-averaged data for fix ave_rdf
# TimeStep Number-of-rows
# Row c_myRDF[1] c_myRDF[2] c_myRDF[3]
5806 200
1 0.025 0 0
2 0.075 0 0
3 0.125 0 0
4 0.175 0 0
5 0.225 0 0
6 0.275 0 0
7 0.325 0 0
8 0.375 0 0
9 0.425 0 0
10 0.475 0 0
11 0.525 0 0
12 0.575 0 0
13 0.625 0 0
14 0.675 0 0
15 0.725 0 0
16 0.775 0 0
17 0.825 0 0
18 0.875 0 0
19 0.925 0.0232601 0.0025
20 0.975 0.680426 0.08375
21 1.025 2.2259 0.3775
22 1.075 3.41014 0.8725
23 1.125 3.65635 1.45375
24 1.175 3.16443 2.0025
25 1.225 2.81193 2.5325
26 1.275 2.52228 3.0475
27 1.325 2.01808 3.4925
28 1.375 1.91611 3.9475
29 1.425 1.77911 4.40125
30 1.475 1.53704 4.82125
31 1.525 1.45075 5.245
32 1.575 1.4564 5.69875
33 1.625 1.54908 6.2125
34 1.675 1.31608 6.67625
35 1.725 1.34793 7.18
36 1.775 1.46892 7.76125
37 1.825 1.41046 8.35125
38 1.875 1.48912 9.00875
39 1.925 1.41008 9.665
40 1.975 1.58965 10.4438
41 2.025 1.63591 11.2863
42 2.075 1.59501 12.1488
43 2.125 1.68394 13.1038
44 2.175 1.69788 14.1125
45 2.225 1.68878 15.1625
46 2.275 1.59229 16.1975
47 2.325 1.65895 17.3238
48 2.375 1.63219 18.48
49 2.425 1.55542 19.6288
50 2.475 1.53058 20.8063
51 2.525 1.5096 22.015
52 2.575 1.43653 23.2112
53 2.625 1.49789 24.5075
54 2.675 1.45354 25.8137
55 2.725 1.38461 27.105
56 2.775 1.43727 28.495
57 2.825 1.42676 29.925
58 2.875 1.45222 31.4325
59 2.925 1.46465 33.0063
60 2.975 1.44395 34.6112
61 3.025 1.51626 36.3537
62 3.075 1.47156 38.1013
63 3.125 1.45339 39.8837
64 3.175 1.45932 41.7313
65 3.225 1.36657 43.5162
66 3.275 1.45694 45.4787
67 3.325 1.46476 47.5125
68 3.375 1.38936 49.5
69 3.425 1.39151 51.55
70 3.475 1.34681 53.5925
71 3.525 1.38657 55.7562
72 3.575 1.31769 57.8712
73 3.625 1.35809 60.1125
74 3.675 1.37519 62.445
75 3.725 1.35 64.7975
76 3.775 1.32914 67.1762
77 3.825 1.38374 69.7188
78 3.875 1.38936 72.3388
79 3.925 1.34966 74.95
80 3.975 1.33293 77.595
81 4.025 1.38173 80.4062
82 4.075 1.31866 83.1562
83 4.125 1.30093 85.9363
84 4.175 1.31107 88.8063
85 4.225 1.30531 91.7325
86 4.275 1.26842 94.6437
87 4.325 1.28556 97.6637
88 4.375 1.28702 100.757
89 4.425 1.30131 103.957
90 4.475 1.29078 107.204
91 4.525 1.27651 110.486
92 4.575 1.24591 113.761
93 4.625 1.23168 117.07
94 4.675 1.2788 120.58
95 4.725 1.27238 124.148
96 4.775 1.20266 127.591
97 4.825 1.22959 131.186
98 4.875 1.24848 134.912
99 4.925 1.2606 138.752
100 4.975 1.26032 142.67
101 5.025 1.22157 146.544
102 5.075 1.23085 150.525
103 5.125 1.20998 154.516
104 5.175 1.15512 158.401
105 5.225 1.17979 162.446
106 5.275 1.20797 166.667
107 5.325 1.2082 170.97
108 5.375 1.1972 175.314
109 5.425 1.20736 179.776
110 5.475 1.18574 184.24
111 5.525 1.19144 188.807
112 5.575 1.19675 193.479
113 5.625 1.14946 198.046
114 5.675 1.14227 202.666
115 5.725 1.14883 207.395
116 5.775 1.16334 212.267
117 5.825 1.12204 217.049
118 5.875 1.17108 222.125
119 5.925 1.12928 227.104
120 5.975 1.13472 232.191
121 6.025 1.12775 237.332
122 6.075 1.13758 242.605
123 6.125 1.12041 247.884
124 6.175 1.13471 253.317
125 6.225 1.11989 258.767
126 6.275 1.12234 264.317
127 6.325 1.11362 269.912
128 6.375 1.08373 275.444
129 6.425 1.10889 281.192
130 6.475 1.09206 286.942
131 6.525 1.09713 292.809
132 6.575 1.10422 298.804
133 6.625 1.09079 304.816
134 6.675 1.08166 310.869
135 6.725 1.09029 317.061
136 6.775 1.07035 323.231
137 6.825 1.084 329.572
138 6.875 1.07587 335.959
139 6.925 1.07098 342.409
140 6.975 1.04606 348.8
141 7.025 1.08931 355.551
142 7.075 1.06184 362.226
143 7.125 1.04895 368.914
144 7.175 1.06512 375.8
145 7.225 1.0735 382.838
146 7.275 1.06914 389.944
147 7.325 1.03066 396.889
148 7.375 1.02058 403.86
149 7.425 1.05039 411.132
150 7.475 1.02285 418.31
151 7.525 1.02934 425.63
152 7.575 1.04841 433.185
153 7.625 1.03573 440.748
154 7.675 1.03191 448.381
155 7.725 1.00075 455.881
156 7.775 1.01788 463.609
157 7.825 1.03044 471.533
158 7.875 1.00889 479.39
159 7.925 1.02726 487.493
160 7.975 0.997049 495.456
161 8.025 1.02778 503.769
162 8.075 1.01082 512.046
163 8.125 1.00535 520.381
164 8.175 1.02571 528.99
165 8.225 1.01004 537.571
166 8.275 1.00063 546.176
167 8.325 0.992959 554.819
168 8.375 1.00271 563.651
169 8.425 0.997152 572.54
170 8.475 1.00801 581.633
171 8.525 0.968828 590.475
172 8.575 0.993028 599.645
173 8.625 0.989442 608.889
174 8.675 0.982302 618.173
175 8.725 0.978528 627.528
176 8.775 0.984084 637.044
177 8.825 0.974754 646.578
178 8.875 0.984399 656.315
179 8.925 0.985021 666.169
180 8.975 0.962585 675.906
181 9.025 0.975045 685.88
182 9.075 0.950552 695.711
183 9.125 0.980807 705.967
184 9.175 0.984453 716.375
185 9.225 0.964804 726.686
186 9.275 0.954083 736.994
187 9.325 0.955898 747.433
188 9.375 0.969284 758.131
189 9.425 0.950512 768.735
190 9.475 0.968002 779.649
191 9.525 0.957866 790.563
192 9.575 0.942243 801.411
193 9.625 0.929685 812.228
194 9.675 0.953702 823.439
195 9.725 0.933502 834.526
196 9.775 0.963456 846.087
197 9.825 0.939343 857.475
198 9.875 0.94639 869.065
199 9.925 0.935363 880.636
200 9.975 0.945415 892.45
5807 200
1 0.025 0 0
2 0.075 0 0
3 0.125 0 0
4 0.175 0 0
5 0.225 0 0
6 0.275 0 0
7 0.325 0 0
8 0.375 0 0
9 0.425 0 0
10 0.475 0 0
11 0.525 0 0
12 0.575 0 0
13 0.625 0 0
14 0.675 0 0
15 0.725 0 0
16 0.775 0 0
17 0.825 0 0
18 0.875 0 0
19 0.925 0.0348902 0.00375
20 0.975 0.659489 0.0825
21 1.025 2.31115 0.3875
22 1.075 3.44458 0.8875
23 1.125 3.50695 1.445
24 1.175 3.19326 1.99875
25 1.225 2.81857 2.53
26 1.275 2.49167 3.03875
27 1.325 2.05209 3.49125
28 1.375 1.95822 3.95625
29 1.425 1.73991 4.4
30 1.475 1.52332 4.81625
31 1.525 1.47643 5.2475
32 1.575 1.46442 5.70375
33 1.625 1.49631 6.2
34 1.675 1.33737 6.67125
35 1.725 1.40814 7.1975
36 1.775 1.42786 7.7625
37 1.825 1.40747 8.35125
38 1.875 1.48346 9.00625
39 1.925 1.44231 9.6775
40 1.975 1.57689 10.45
41 2.025 1.66018 11.305
42 2.075 1.54878 12.1425
43 2.125 1.70378 13.1088
44 2.175 1.66212 14.0963
45 2.225 1.70486 15.1563
46 2.275 1.62113 16.21
47 2.325 1.65711 17.335
48 2.375 1.61101 18.4763
49 2.425 1.55881 19.6275
50 2.475 1.56471 20.8313
51 2.525 1.48306 22.0188
52 2.575 1.41852 23.2
53 2.625 1.51377 24.51
54 2.675 1.46606 25.8275
55 2.725 1.37254 27.1075
56 2.775 1.42305 28.4837
57 2.825 1.43798 29.925
58 2.875 1.46667 31.4475
59 2.925 1.42975 32.9838
60 2.975 1.48556 34.635
61 3.025 1.52605 36.3888
62 3.075 1.45156 38.1125
63 3.125 1.46154 39.905
64 3.175 1.41785 41.7
65 3.225 1.41059 43.5425
66 3.275 1.43838 45.48
67 3.325 1.44676 47.4888
68 3.375 1.40683 49.5013
69 3.425 1.39236 51.5525
70 3.475 1.3262 53.5638
71 3.525 1.39378 55.7388
72 3.575 1.33249 57.8775
73 3.625 1.35355 60.1113
74 3.675 1.36634 62.4288
75 3.725 1.35502 64.79
76 3.775 1.33752 67.1838
77 3.825 1.38306 69.725
78 3.875 1.38538 72.3375
79 3.925 1.35935 74.9675
80 3.975 1.34112 77.6287
81 4.025 1.36269 80.4012
82 4.075 1.30847 83.13
83 4.125 1.31263 85.935
84 4.175 1.29337 88.7662
85 4.225 1.31758 91.72
86 4.275 1.26842 94.6312
87 4.325 1.28609 97.6525
88 4.375 1.2969 100.77
89 4.425 1.31351 104
90 4.475 1.27637 107.21
91 4.525 1.26533 110.464
92 4.575 1.24306 113.731
93 4.625 1.24983 117.089
94 4.675 1.27105 120.577
95 4.725 1.2706 124.14
96 4.775 1.20091 127.579
97 4.825 1.2514 131.237
98 4.875 1.23508 134.924
99 4.925 1.25362 138.742
100 4.975 1.24584 142.615
101 5.025 1.24049 146.549
102 5.075 1.23356 150.539
103 5.125 1.20051 154.499
104 5.175 1.16627 158.421
105 5.225 1.17906 162.464
106 5.275 1.19938 166.655
107 5.325 1.21909 170.996
108 5.375 1.19238 175.322
109 5.425 1.2033 179.77
110 5.475 1.18973 184.249
111 5.525 1.18981 188.81
112 5.575 1.19226 193.464
113 5.625 1.15512 198.054
114 5.675 1.13269 202.635
115 5.725 1.15217 207.377
116 5.775 1.16722 212.266
117 5.825 1.13641 217.109
118 5.875 1.14714 222.081
119 5.925 1.14062 227.11
120 5.975 1.13555 232.201
121 6.025 1.12117 237.312
122 6.075 1.14325 242.611
123 6.125 1.11166 247.849
124 6.175 1.14881 253.35
125 6.225 1.12452 258.823
126 6.275 1.11299 264.326
127 6.325 1.12407 269.974
128 6.375 1.06071 275.388
129 6.425 1.11998 281.194
130 6.475 1.08874 286.926
131 6.525 1.10111 292.814
132 6.575 1.10008 298.786
133 6.625 1.09261 304.809
134 6.675 1.08032 310.854
135 6.725 1.10019 317.103
136 6.775 1.05973 323.211
137 6.825 1.08742 329.572
138 6.875 1.07756 335.969
139 6.925 1.06994 342.413
140 6.975 1.04524 348.799
141 7.025 1.08165 355.503
142 7.075 1.07059 362.233
143 7.125 1.04424 368.89
144 7.175 1.06589 375.781
145 7.225 1.08208 382.875
146 7.275 1.05917 389.915
147 7.325 1.03363 396.88
148 7.375 1.0246 403.879
149 7.425 1.04335 411.103
150 7.475 1.03247 418.348
151 7.525 1.02934 425.668
152 7.575 1.04251 433.18
153 7.625 1.03128 440.71
154 7.675 1.02735 448.31
155 7.725 1.00925 455.874
156 7.775 1.0136 463.569
157 7.825 1.03467 471.525
158 7.875 1.01868 479.459
159 7.925 1.01363 487.454
160 7.975 1.00597 495.489
161 8.025 1.0318 503.834
162 8.075 1.00044 512.026
163 8.125 1.00852 520.388
164 8.175 1.01916 528.941
165 8.225 1.00725 537.499
166 8.275 1.01924 546.264
167 8.325 0.985778 554.844
168 8.375 1.00342 563.683
169 8.425 0.993085 572.535
170 8.475 1.00399 581.591
171 8.525 0.967732 590.424
172 8.575 0.995329 599.615
173 8.625 0.989977 608.864
174 8.675 0.988518 618.206
175 8.725 0.97186 627.498
176 8.775 0.978913 636.964
177 8.825 0.986767 646.615
178 8.875 0.982125 656.33
179 8.925 0.979023 666.124
180 8.975 0.968763 675.924
181 9.025 0.96869 685.833
182 9.075 0.9572 695.733
183 9.125 0.976145 705.94
184 9.175 0.98528 716.356
185 9.225 0.965974 726.68
186 9.275 0.95443 736.991
187 9.325 0.958073 747.454
188 9.375 0.966 758.116
189 9.425 0.948495 768.698
190 9.475 0.971993 779.656
191 9.525 0.954684 790.534
192 9.575 0.947454 801.443
193 9.625 0.928933 812.25
194 9.675 0.951044 823.43
195 9.725 0.933712 834.52
196 9.775 0.956789 846.001
197 9.825 0.945529 857.464
198 9.875 0.945165 869.039
199 9.925 0.936272 880.621
200 9.975 0.949117 892.481
5808 200
1 0.025 0 0
2 0.075 0 0
3 0.125 0 0
4 0.175 0 0
5 0.225 0 0
6 0.275 0 0
7 0.325 0 0
8 0.375 0 0
9 0.425 0 0
10 0.475 0 0
11 0.525 0 0
12 0.575 0 0
13 0.625 0 0
14 0.675 0 0
15 0.725 0 0
16 0.775 0 0
17 0.825 0 0
18 0.875 0 0
19 0.925 0.0465203 0.005
20 0.975 0.638553 0.08125
21 1.025 2.34904 0.39125
22 1.075 3.4618 0.89375
23 1.125 3.38901 1.4325
24 1.175 3.26534 1.99875
25 1.225 2.8053 2.5275
26 1.275 2.4733 3.0325
27 1.325 2.12012 3.5
28 1.375 1.93716 3.96
29 1.425 1.7056 4.395
30 1.475 1.53704 4.815
31 1.525 1.45931 5.24125
32 1.575 1.44035 5.69
33 1.625 1.54908 6.20375
34 1.675 1.2948 6.66
35 1.725 1.47503 7.21125
36 1.775 1.40574 7.7675
37 1.825 1.4015 8.35375
38 1.875 1.42684 8.98375
39 1.925 1.48529 9.675
40 1.975 1.59986 10.4588
41 2.025 1.5995 11.2825
42 2.075 1.62275 12.16
43 2.125 1.67072 13.1075
44 2.175 1.6537 14.09
45 2.225 1.74909 15.1775
46 2.275 1.56729 16.1962
47 2.325 1.7013 17.3513
48 2.375 1.59866 18.4838
49 2.425 1.53173 19.615
50 2.475 1.57608 20.8275
51 2.525 1.49555 22.025
52 2.575 1.3885 23.1813
53 2.625 1.53833 24.5125
54 2.675 1.44937 25.815
55 2.725 1.41678 27.1363
56 2.775 1.3972 28.4875
57 2.825 1.43424 29.925
58 2.875 1.44379 31.4238
59 2.925 1.46349 32.9963
60 2.975 1.46532 34.625
61 3.025 1.51626 36.3675
62 3.075 1.44314 38.0812
63 3.125 1.47275 39.8875
64 3.175 1.42476 41.6912
65 3.225 1.42016 43.5462
66 3.275 1.42353 45.4637
67 3.325 1.44226 47.4662
68 3.375 1.43479 49.5187
69 3.425 1.39236 51.57
70 3.475 1.31302 53.5612
71 3.525 1.38417 55.7212
72 3.575 1.35507 57.8962
73 3.625 1.349 60.1225
74 3.675 1.36045 62.43
75 3.725 1.34713 64.7775
76 3.775 1.34939 67.1925
77 3.825 1.37353 69.7163
78 3.875 1.39797 72.3525
79 3.925 1.35031 74.965
80 3.975 1.36254 77.6688
81 4.025 1.3332 80.3813
82 4.075 1.33125 83.1575
83 4.125 1.298 85.9313
84 4.175 1.2848 88.7438
85 4.225 1.32706 91.7188
86 4.275 1.29293 94.6863
87 4.325 1.26215 97.6513
88 4.375 1.3099 100.8
89 4.425 1.31097 104.024
90 4.475 1.27935 107.241
91 4.525 1.25172 110.46
92 4.575 1.23545 113.708
93 4.625 1.26751 117.113
94 4.675 1.26741 120.591
95 4.725 1.24207 124.074
96 4.775 1.22274 127.575
97 4.825 1.26166 131.264
98 4.875 1.22209 134.911
99 4.925 1.24131 138.693
100 4.975 1.26394 142.621
101 5.025 1.24246 146.561
102 5.075 1.22467 150.523
103 5.125 1.19748 154.473
104 5.175 1.17185 158.414
105 5.225 1.18343 162.471
106 5.275 1.19867 166.66
107 5.325 1.2247 171.021
108 5.375 1.18928 175.336
109 5.425 1.20195 179.779
110 5.475 1.19172 184.265
111 5.525 1.18264 188.799
112 5.575 1.18362 193.419
113 5.625 1.15984 198.028
114 5.675 1.1398 202.638
115 5.725 1.15156 207.378
116 5.775 1.16424 212.254
117 5.825 1.13964 217.11
118 5.875 1.15522 222.118
119 5.925 1.1324 227.11
120 5.975 1.13165 232.184
121 6.025 1.13269 237.348
122 6.075 1.13165 242.593
123 6.125 1.11935 247.866
124 6.175 1.13836 253.318
125 6.225 1.13094 258.821
126 6.275 1.11804 264.35
127 6.325 1.12009 269.978
128 6.375 1.06732 275.425
129 6.425 1.10696 281.164
130 6.475 1.10203 286.966
131 6.525 1.08498 292.767
132 6.575 1.11113 298.8
133 6.625 1.08853 304.8
134 6.675 1.0725 310.801
135 6.725 1.10987 317.105
136 6.775 1.06558 323.248
137 6.825 1.08293 329.582
138 6.875 1.08177 336.004
139 6.925 1.05894 342.381
140 6.975 1.05036 348.799
141 7.025 1.09536 355.587
142 7.075 1.05826 362.24
143 7.125 1.04581 368.907
144 7.175 1.07111 375.832
145 7.225 1.07998 382.912
146 7.275 1.05015 389.892
147 7.325 1.03567 396.871
148 7.375 1.02607 403.88
149 7.425 1.04263 411.099
150 7.475 1.03247 418.344
151 7.525 1.02864 425.659
152 7.575 1.03956 433.15
153 7.625 1.03025 440.672
154 7.675 1.02667 448.267
155 7.725 1.01176 455.85
156 7.775 1.01657 463.567
157 7.825 1.03987 471.564
158 7.875 1.0113 479.44
159 7.925 1.00713 487.384
160 7.975 1.01912 495.524
161 8.025 1.02547 503.817
162 8.075 1.00151 512.019
163 8.125 1.01365 520.422
164 8.175 1.00739 528.877
165 8.225 1.01681 537.516
166 8.275 1.0188 546.277
167 8.325 0.975869 554.771
168 8.375 1.01718 563.731
169 8.425 0.990561 572.561
170 8.475 1.00274 581.606
171 8.525 0.967458 590.436
172 8.575 0.993976 599.615
173 8.625 1.00362 608.991
174 8.675 0.97225 618.18
175 8.725 0.972906 627.481
176 8.775 0.97426 636.903
177 8.825 0.993668 646.621
178 8.875 0.981366 656.329
179 8.925 0.973275 666.065
180 8.975 0.972965 675.908
181 9.025 0.96979 685.827
182 9.075 0.953211 695.686
183 9.125 0.983317 705.969
184 9.175 0.984334 716.375
185 9.225 0.967377 726.714
186 9.275 0.956281 737.045
187 9.325 0.95647 747.49
188 9.375 0.961583 758.104
189 9.425 0.949279 768.694
190 9.475 0.968445 779.613
191 9.525 0.961815 790.571
192 9.575 0.945174 801.454
193 9.625 0.929578 812.269
194 9.675 0.951682 823.456
195 9.725 0.937501 834.591
196 9.775 0.945435 845.936
197 9.825 0.951922 857.476
198 9.875 0.946083 869.063
199 9.925 0.933847 880.615
200 9.975 0.946516 892.443
5809 200
1 0.025 0 0
2 0.075 0 0
3 0.125 0 0
4 0.175 0 0
5 0.225 0 0
6 0.275 0 0
7 0.325 0 0
8 0.375 0 0
9 0.425 0 0
10 0.475 0 0
11 0.525 0 0
12 0.575 0 0
13 0.625 0 0
14 0.675 0 0
15 0.725 0 0
16 0.775 0 0
17 0.825 0 0
18 0.875 0 0
19 0.925 0.0465203 0.005
20 0.975 0.680426 0.08625
21 1.025 2.38692 0.40125
22 1.075 3.4618 0.90375
23 1.125 3.3261 1.4325
24 1.175 3.22209 1.99125
25 1.225 2.89815 2.5375
26 1.275 2.37535 3.0225
27 1.325 2.09744 3.485
28 1.375 1.92137 3.94125
29 1.425 1.73991 4.385
30 1.475 1.54619 4.8075
31 1.525 1.5021 5.24625
32 1.575 1.44838 5.6975
33 1.625 1.49254 6.1925
34 1.675 1.31963 6.6575
35 1.725 1.465 7.205
36 1.775 1.40259 7.76
37 1.825 1.43437 8.36
38 1.875 1.4325 8.9925
39 1.925 1.46917 9.67625
40 1.975 1.582 10.4512
41 2.025 1.59708 11.2737
42 2.075 1.65049 12.1662
43 2.125 1.65529 13.105
44 2.175 1.6558 14.0888
45 2.225 1.74909 15.1763
46 2.275 1.57498 16.2
47 2.325 1.69762 17.3525
48 2.375 1.61984 18.5
49 2.425 1.51142 19.6163
50 2.475 1.55496 20.8125
51 2.525 1.48618 22.0025
52 2.575 1.42753 23.1913
53 2.625 1.53544 24.52
54 2.675 1.44659 25.82
55 2.725 1.39399 27.12
56 2.775 1.39074 28.465
57 2.825 1.44671 29.915
58 2.875 1.47149 31.4425
59 2.925 1.47163 33.0237
60 2.975 1.42821 34.6112
61 3.025 1.52823 36.3675
62 3.075 1.44209 38.08
63 3.125 1.4595 39.87
64 3.175 1.44846 41.7037
65 3.225 1.41538 43.5525
66 3.275 1.44487 45.4988
67 3.325 1.42335 47.475
68 3.375 1.43654 49.53
69 3.425 1.37454 51.555
70 3.475 1.32456 53.5637
71 3.525 1.37216 55.705
72 3.575 1.36052 57.8888
73 3.625 1.35809 60.13
74 3.675 1.32581 62.3788
75 3.725 1.38658 64.795
76 3.775 1.33822 67.19
77 3.825 1.36537 69.6988
78 3.875 1.39201 72.3238
79 3.925 1.3755 74.985
80 3.975 1.35939 77.6825
81 4.025 1.32521 80.3788
82 4.075 1.33125 83.155
83 4.125 1.298 85.9288
84 4.175 1.28366 88.7388
85 4.225 1.33096 91.7225
86 4.275 1.2804 94.6613
87 4.325 1.27811 97.6638
88 4.375 1.30106 100.791
89 4.425 1.30131 103.991
90 4.475 1.29426 107.246
91 4.525 1.25366 110.47
92 4.575 1.23735 113.722
93 4.625 1.27542 117.149
94 4.675 1.24919 120.577
95 4.725 1.25366 124.092
96 4.775 1.23016 127.615
97 4.825 1.25824 131.294
98 4.875 1.20995 134.905
99 4.925 1.24583 138.7
100 4.975 1.25751 142.609
101 5.025 1.24364 146.552
102 5.075 1.24129 150.567
103 5.125 1.188 154.486
104 5.175 1.16813 158.415
105 5.225 1.17213 162.434
106 5.275 1.20153 166.632
107 5.325 1.23172 171.019
108 5.375 1.19203 175.344
109 5.425 1.19214 179.75
110 5.475 1.20135 184.272
111 5.525 1.17807 188.789
112 5.575 1.17849 193.389
113 5.625 1.17179 198.045
114 5.675 1.13825 202.649
115 5.725 1.14397 207.357
116 5.775 1.15767 212.206
117 5.825 1.1593 217.146
118 5.875 1.14397 222.105
119 5.925 1.13382 227.104
120 5.975 1.13026 232.171
121 6.025 1.13104 237.327
122 6.075 1.14325 242.626
123 6.125 1.1098 247.855
124 6.175 1.14124 253.32
125 6.225 1.13762 258.856
126 6.275 1.11476 264.369
127 6.325 1.1176 269.984
128 6.375 1.06904 275.44
129 6.425 1.09876 281.136
130 6.475 1.10702 286.965
131 6.525 1.08498 292.766
132 6.575 1.11228 298.805
133 6.625 1.09238 304.826
134 6.675 1.07742 310.855
135 6.725 1.09667 317.084
136 6.775 1.07837 323.3
137 6.825 1.07716 329.601
138 6.875 1.08303 336.03
139 6.925 1.04109 342.3
140 6.975 1.07307 348.856
141 7.025 1.08185 355.561
142 7.075 1.06363 362.247
143 7.125 1.04816 368.93
144 7.175 1.06802 375.835
145 7.225 1.07922 382.91
146 7.275 1.05409 389.916
147 7.325 1.02584 396.829
148 7.375 1.0268 403.842
149 7.425 1.05436 411.142
150 7.475 1.02694 418.349
151 7.525 1.02389 425.63
152 7.575 1.03991 433.124
153 7.625 1.03556 440.685
154 7.675 1.02836 448.292
155 7.725 1.00959 455.859
156 7.775 1.02118 463.611
157 7.825 1.01743 471.435
158 7.875 1.02799 479.441
159 7.925 1.00904 487.4
160 7.975 1.01724 495.525
161 8.025 1.02006 503.775
162 8.075 1.00639 512.016
163 8.125 1.0135 520.419
164 8.175 1.00352 528.841
165 8.225 1.0249 537.549
166 8.275 1.01154 546.248
167 8.325 0.987932 554.846
168 8.375 1.01222 563.763
169 8.425 0.987897 572.569
170 8.475 1.00094 581.597
171 8.525 0.965678 590.411
172 8.575 0.993434 599.585
173 8.625 1.01312 609.05
174 8.675 0.973043 618.246
175 8.725 0.965061 627.473
176 8.775 0.972192 636.874
177 8.825 0.996991 646.625
178 8.875 0.977449 656.294
179 8.925 0.977899 666.076
180 8.975 0.967775 675.866
181 9.025 0.977733 685.868
182 9.075 0.950794 695.701
183 9.125 0.978296 705.931
184 9.175 0.990956 716.408
185 9.225 0.958605 726.653
186 9.275 0.969009 737.121
187 9.325 0.952464 747.523
188 9.375 0.957959 758.096
189 9.425 0.947934 768.671
190 9.475 0.964121 779.541
191 9.525 0.964448 790.53
192 9.575 0.950928 801.479
193 9.625 0.924743 812.238
194 9.675 0.955829 823.474
195 9.725 0.933291 834.559
196 9.775 0.940435 845.844
197 9.825 0.965842 857.553
198 9.875 0.935468 869.009
199 9.925 0.940516 880.644
200 9.975 0.941514 892.409
5810 200
1 0.025 0 0
2 0.075 0 0
3 0.125 0 0
4 0.175 0 0
5 0.225 0 0
6 0.275 0 0
7 0.325 0 0
8 0.375 0 0
9 0.425 0 0
10 0.475 0 0
11 0.525 0 0
12 0.575 0 0
13 0.625 0 0
14 0.675 0 0
15 0.725 0 0
16 0.775 0 0
17 0.825 0 0
18 0.875 0 0
19 0.925 0.0581504 0.00625
20 0.975 0.649021 0.08375
21 1.025 2.35851 0.395
22 1.075 3.47042 0.89875
23 1.125 3.4126 1.44125
24 1.175 3.23651 2.0025
25 1.225 2.86499 2.5425
26 1.275 2.31413 3.015
27 1.325 2.11445 3.48125
28 1.375 1.92137 3.9375
29 1.425 1.76931 4.38875
30 1.475 1.51874 4.80375
31 1.525 1.54918 5.25625
32 1.575 1.41628 5.6975
33 1.625 1.47369 6.18625
34 1.675 1.35865 6.665
35 1.725 1.43824 7.2025
36 1.775 1.44049 7.7725
37 1.825 1.39253 8.355
38 1.875 1.48062 9.00875
39 1.925 1.42083 9.67
40 1.975 1.5871 10.4475
41 2.025 1.60921 11.2762
42 2.075 1.65049 12.1687
43 2.125 1.65529 13.1075
44 2.175 1.69578 14.115
45 2.225 1.71894 15.1837
46 2.275 1.56921 16.2037
47 2.325 1.69394 17.3537
48 2.375 1.60925 18.4937
49 2.425 1.52665 19.6212
50 2.475 1.54196 20.8075
51 2.525 1.48774 21.9988
52 2.575 1.43653 23.195
53 2.625 1.55711 24.5425
54 2.675 1.42572 25.8238
55 2.725 1.42214 27.15
56 2.775 1.35584 28.4613
57 2.825 1.43424 29.8988
58 2.875 1.49798 31.4538
59 2.925 1.46233 33.025
60 2.975 1.43046 34.615
61 3.025 1.51517 36.3563
62 3.075 1.45788 38.0875
63 3.125 1.45135 39.8675
64 3.175 1.45734 41.7125
65 3.225 1.40772 43.5513
66 3.275 1.44858 45.5025
67 3.325 1.42425 47.48
68 3.375 1.44091 49.5413
69 3.425 1.36691 51.555
70 3.475 1.34516 53.595
71 3.525 1.34732 55.6975
72 3.575 1.36364 57.8863
73 3.625 1.36491 60.1388
74 3.675 1.31549 62.37
75 3.725 1.38443 64.7825
76 3.775 1.3459 67.1913
77 3.825 1.37557 69.7188
78 3.875 1.38273 72.3263
79 3.925 1.38197 75
80 3.975 1.35309 77.685
81 4.025 1.32152 80.3738
82 4.075 1.33784 83.1638
83 4.125 1.29859 85.9388
84 4.175 1.28423 88.75
85 4.225 1.32706 91.725
86 4.275 1.26298 94.6238
87 4.325 1.29992 97.6775
88 4.375 1.30314 100.81
89 4.425 1.2947 103.994
90 4.475 1.29625 107.254
91 4.525 1.24929 110.466
92 4.575 1.23307 113.708
93 4.625 1.28286 117.154
94 4.675 1.24783 120.579
95 4.725 1.2492 124.081
96 4.775 1.22623 127.593
97 4.825 1.26337 131.286
98 4.875 1.20827 134.893
99 4.925 1.26019 138.731
100 4.975 1.25187 142.623
101 5.025 1.24088 146.558
102 5.075 1.23008 150.536
103 5.125 1.2024 154.503
104 5.175 1.17036 158.439
105 5.225 1.14953 162.38
106 5.275 1.21655 166.631
107 5.325 1.21171 170.946
108 5.375 1.20719 175.326
109 5.425 1.20398 179.776
110 5.475 1.19902 184.29
111 5.525 1.17481 188.794
112 5.575 1.18842 193.433
113 5.625 1.15858 198.036
114 5.675 1.1398 202.646
115 5.725 1.13455 207.316
116 5.775 1.16752 212.206
117 5.825 1.16106 217.154
118 5.875 1.1333 222.066
119 5.925 1.15338 227.151
120 5.975 1.11297 232.141
121 6.025 1.14311 237.352
122 6.075 1.13246 242.601
123 6.125 1.10184 247.792
124 6.175 1.16029 253.349
125 6.225 1.13248 258.86
126 6.275 1.11046 264.351
127 6.325 1.11437 269.95
128 6.375 1.083 275.477
129 6.425 1.09128 281.135
130 6.475 1.10631 286.96
131 6.525 1.08544 292.764
132 6.575 1.11274 298.805
133 6.625 1.07651 304.739
134 6.675 1.08457 310.807
135 6.725 1.09865 317.047
136 6.775 1.08358 323.294
137 6.825 1.07161 329.562
138 6.875 1.0944 336.059
139 6.925 1.03922 342.317
140 6.975 1.07614 348.892
141 7.025 1.07438 355.551
142 7.075 1.07218 362.291
143 7.125 1.04267 368.939
144 7.175 1.07073 375.861
145 7.225 1.07998 382.941
146 7.275 1.04544 389.89
147 7.325 1.03586 396.87
148 7.375 1.01966 403.835
149 7.425 1.05743 411.156
150 7.475 1.02285 418.334
151 7.525 1.02916 425.652
152 7.575 1.03678 433.124
153 7.625 1.03248 440.662
154 7.675 1.02701 448.26
155 7.725 1.01209 455.845
156 7.775 1.02134 463.599
157 7.825 1.01613 471.413
158 7.875 1.0259 479.403
159 7.925 1.01125 487.379
160 7.975 1.01974 495.524
161 8.025 1.02547 503.817
162 8.075 1.0012 512.016
163 8.125 1.01787 520.455
164 8.175 0.998456 528.835
165 8.225 1.02887 537.576
166 8.275 1.00238 546.196
167 8.325 0.991092 554.823
168 8.375 1.01477 563.761
169 8.425 0.987476 572.564
170 8.475 0.997754 581.564
171 8.525 0.972937 590.444
172 8.575 0.99181 599.603
173 8.625 1.00884 609.028
174 8.675 0.973176 618.225
175 8.725 0.965453 627.455
176 8.775 0.968184 636.818
177 8.825 0.993541 646.535
178 8.875 0.984146 656.27
179 8.925 0.981023 666.084
180 8.975 0.967281 675.869
181 9.025 0.986043 685.955
182 9.075 0.943543 695.714
183 9.125 0.982839 705.991
184 9.175 0.98398 716.394
185 9.225 0.956734 726.619
186 9.275 0.974099 737.143
187 9.325 0.954295 747.564
188 9.375 0.951844 758.07
189 9.425 0.949503 768.663
190 9.475 0.960685 779.494
191 9.525 0.96368 790.474
192 9.575 0.948105 801.39
193 9.625 0.936239 812.283
194 9.675 0.946365 823.408
195 9.725 0.938659 834.556
196 9.775 0.938039 845.812
197 9.825 0.974091 857.621
198 9.875 0.9272 868.976
199 9.925 0.941728 880.626
200 9.975 0.937413 892.34
5811 200
1 0.025 0 0
2 0.075 0 0
3 0.125 0 0
4 0.175 0 0
5 0.225 0 0
6 0.275 0 0
7 0.325 0 0
8 0.375 0 0
9 0.425 0 0
10 0.475 0 0
11 0.525 0 0
12 0.575 0 0
13 0.625 0 0
14 0.675 0 0
15 0.725 0 0
16 0.775 0 0
17 0.825 0 0
18 0.875 0 0
19 0.925 0.0697804 0.0075
20 0.975 0.722298 0.09375
21 1.025 2.34904 0.40375
22 1.075 3.37569 0.89375
23 1.125 3.49909 1.45
24 1.175 3.16443 1.99875
25 1.225 2.83183 2.5325
26 1.275 2.37535 3.0175
27 1.325 2.10311 3.48125
28 1.375 1.90558 3.93375
29 1.425 1.78402 4.38875
30 1.475 1.54619 4.81125
31 1.525 1.53206 5.25875
32 1.575 1.44035 5.7075
33 1.625 1.45108 6.18875
34 1.675 1.37994 6.675
35 1.725 1.41817 7.205
36 1.775 1.43417 7.7725
37 1.825 1.39851 8.3575
38 1.875 1.46081 9.0025
39 1.925 1.45306 9.67875
40 1.975 1.54372 10.435
41 2.025 1.64805 11.2837
42 2.075 1.63893 12.17
43 2.125 1.63545 13.0975
44 2.175 1.68736 14.1
45 2.225 1.72899 15.175
46 2.275 1.60575 16.2188
47 2.325 1.66448 17.3487
48 2.375 1.61278 18.4913
49 2.425 1.52496 19.6175
50 2.475 1.54683 20.8075
51 2.525 1.50648 22.0138
52 2.575 1.45905 23.2288
53 2.625 1.495 24.5225
54 2.675 1.47162 25.845
55 2.725 1.4141 27.1638
56 2.775 1.35197 28.4713
57 2.825 1.42676 29.9013
58 2.875 1.49677 31.455
59 2.925 1.45418 33.0175
60 2.975 1.44283 34.6213
61 3.025 1.513 36.36
62 3.075 1.43998 38.07
63 3.125 1.48498 39.8913
64 3.175 1.43661 41.71
65 3.225 1.41729 43.5613
66 3.275 1.4458 45.5088
67 3.325 1.41705 47.4763
68 3.375 1.43217 49.525
69 3.425 1.39321 51.5775
70 3.475 1.35176 53.6275
71 3.525 1.30567 55.665
72 3.575 1.38622 57.89
73 3.625 1.35203 60.1213
74 3.675 1.32728 62.3725
75 3.725 1.36362 64.7488
76 3.775 1.36825 67.1975
77 3.825 1.38442 69.7413
78 3.875 1.36218 72.31
79 3.925 1.38843 74.9963
80 3.975 1.36065 77.6963
81 4.025 1.31108 80.3638
82 4.075 1.34084 83.16
83 4.125 1.3138 85.9675
84 4.175 1.27624 88.7613
85 4.225 1.33152 91.7463
86 4.275 1.26515 94.65
87 4.325 1.28556 97.67
88 4.375 1.3021 100.8
89 4.425 1.29724 103.99
90 4.475 1.29526 107.248
91 4.525 1.23908 110.434
92 4.575 1.25637 113.736
93 4.625 1.26332 117.13
94 4.675 1.24783 120.555
95 4.725 1.25723 124.08
96 4.775 1.24457 127.644
97 4.825 1.24541 131.285
98 4.875 1.20241 134.874
99 4.925 1.27496 138.758
100 4.975 1.23418 142.594
101 5.025 1.25034 146.559
102 5.075 1.22815 150.531
103 5.125 1.19293 154.466
104 5.175 1.18003 158.435
105 5.225 1.15463 162.394
106 5.275 1.21834 166.651
107 5.325 1.20891 170.956
108 5.375 1.20375 175.324
109 5.425 1.20533 179.779
110 5.475 1.18873 184.254
111 5.525 1.19242 188.825
112 5.575 1.16824 193.385
113 5.625 1.16172 198.001
114 5.675 1.14752 202.643
115 5.725 1.1388 207.33
116 5.775 1.15409 212.164
117 5.825 1.16956 217.148
118 5.875 1.13071 222.049
119 5.925 1.14686 227.105
120 5.975 1.12607 232.154
121 6.025 1.14475 237.373
122 6.075 1.13057 242.613
123 6.125 1.09866 247.789
124 6.175 1.15977 253.343
125 6.225 1.1312 258.848
126 6.275 1.11577 264.365
127 6.325 1.11039 269.944
128 6.375 1.08496 275.481
129 6.425 1.0867 281.115
130 6.475 1.11794 287.001
131 6.525 1.07913 292.771
132 6.575 1.10745 298.784
133 6.625 1.07764 304.724
134 6.675 1.08792 310.811
135 6.725 1.09447 317.028
136 6.775 1.08857 323.303
137 6.825 1.07332 329.581
138 6.875 1.08998 336.051
139 6.925 1.03984 342.314
140 6.975 1.07225 348.865
141 7.025 1.08689 355.601
142 7.075 1.0684 362.318
143 7.125 1.04679 368.991
144 7.175 1.06705 375.89
145 7.225 1.07388 382.93
146 7.275 1.05184 389.921
147 7.325 1.03122 396.87
148 7.375 1.0193 403.833
149 7.425 1.05635 411.146
150 7.475 1.02516 418.34
151 7.525 1.02512 425.63
152 7.575 1.03869 433.115
153 7.625 1.03076 440.641
154 7.675 1.0265 448.235
155 7.725 1.01909 455.873
156 7.775 1.01311 463.564
157 7.825 1.01142 471.341
158 7.875 1.03409 479.395
159 7.925 1.00634 487.333
160 7.975 1.02913 495.553
161 8.025 1.02964 503.88
162 8.075 0.992199 512.005
163 8.125 1.01651 520.433
164 8.175 1.00501 528.867
165 8.225 1.01607 537.5
166 8.275 1.00688 546.159
167 8.325 0.99339 554.805
168 8.375 1.01718 563.765
169 8.425 0.994908 572.634
170 8.475 0.986945 581.536
171 8.525 0.976635 590.45
172 8.575 0.991268 599.604
173 8.625 1.00791 609.02
174 8.675 0.977673 618.26
175 8.725 0.959308 627.431
176 8.775 0.971545 636.826
177 8.825 0.989579 646.505
178 8.875 0.980103 656.2
179 8.925 0.989645 666.1
180 8.975 0.969505 675.908
181 9.025 0.986043 685.994
182 9.075 0.936654 695.681
183 9.125 0.996586 706.103
184 9.175 0.975112 716.411
185 9.225 0.954863 726.616
186 9.275 0.979075 737.194
187 9.325 0.949602 747.564
188 9.375 0.953656 758.09
189 9.425 0.948831 768.675
190 9.475 0.952369 779.413
191 9.525 0.968508 790.448
192 9.575 0.945825 801.338
193 9.625 0.939247 812.265
194 9.675 0.948705 823.418
195 9.725 0.938974 834.57
196 9.775 0.941789 845.871
197 9.825 0.96976 857.628
198 9.875 0.929344 869.009
199 9.925 0.928997 880.501
200 9.975 0.948416 892.353
5812 200
1 0.025 0 0
2 0.075 0 0
3 0.125 0 0
4 0.175 0 0
5 0.225 0 0
6 0.275 0 0
7 0.325 0 0
8 0.375 0 0
9 0.425 0 0
10 0.475 0 0
11 0.525 0 0
12 0.575 0 0
13 0.625 0 0
14 0.675 0 0
15 0.725 0 0
16 0.775 0 0
17 0.825 0 0
18 0.875 0 0
19 0.925 0.0814105 0.00875
20 0.975 0.690894 0.09125
21 1.025 2.45323 0.415
22 1.075 3.27235 0.89
23 1.125 3.57772 1.45875
24 1.175 3.20047 2.01375
25 1.225 2.71909 2.52625
26 1.275 2.4182 3.02
27 1.325 2.10878 3.485
28 1.375 1.86873 3.92875
29 1.425 1.79872 4.3875
30 1.475 1.56449 4.815
31 1.525 1.49783 5.2525
32 1.575 1.4564 5.70625
33 1.625 1.46239 6.19125
34 1.675 1.3622 6.67125
35 1.725 1.44159 7.21
36 1.775 1.42786 7.775
37 1.825 1.38357 8.35375
38 1.875 1.47779 9.00625
39 1.925 1.45306 9.6825
40 1.975 1.55903 10.4463
41 2.025 1.62863 11.285
42 2.075 1.60657 12.1538
43 2.125 1.65308 13.0913
44 2.175 1.64318 14.0675
45 2.225 1.72095 15.1375
46 2.275 1.67498 16.2263
47 2.325 1.68657 17.3712
48 2.375 1.57219 18.485
49 2.425 1.54019 19.6225
50 2.475 1.53221 20.8012
51 2.525 1.51428 22.0137
52 2.575 1.46655 23.235
53 2.625 1.51377 24.545
54 2.675 1.47023 25.8662
55 2.725 1.38327 27.1562
56 2.775 1.36489 28.4762
57 2.825 1.45045 29.93
58 2.875 1.46547 31.4512
59 2.925 1.45767 33.0175
60 2.975 1.4462 34.625
61 3.025 1.49994 36.3488
62 3.075 1.45998 38.0825
63 3.125 1.45543 39.8675
64 3.175 1.44451 41.6963
65 3.225 1.42495 43.5575
66 3.275 1.4523 45.5138
67 3.325 1.41255 47.475
68 3.375 1.43916 49.5337
69 3.425 1.37878 51.565
70 3.475 1.36577 53.6362
71 3.525 1.30727 55.6762
72 3.575 1.38466 57.8987
73 3.625 1.37097 60.1612
74 3.675 1.30812 62.38
75 3.725 1.35215 64.7362
76 3.775 1.38501 67.215
77 3.825 1.38102 69.7525
78 3.875 1.36417 72.325
79 3.925 1.38455 75.0037
80 3.975 1.35057 77.6838
81 4.025 1.31231 80.3538
82 4.075 1.33784 83.1438
83 4.125 1.30561 85.9338
84 4.175 1.28994 88.7575
85 4.225 1.33431 91.7488
86 4.275 1.26679 94.6563
87 4.325 1.2829 97.67
88 4.375 1.31146 100.823
89 4.425 1.2703 103.946
90 4.475 1.31265 107.248
91 4.525 1.22839 110.406
92 4.575 1.27397 113.755
93 4.625 1.2582 117.135
94 4.675 1.24327 120.547
95 4.725 1.25321 124.061
96 4.775 1.25766 127.662
97 4.825 1.24883 131.314
98 4.875 1.1999 134.895
99 4.925 1.26183 138.739
100 4.975 1.25308 142.634
101 5.025 1.23655 146.555
102 5.075 1.22853 150.529
103 5.125 1.188 154.447
104 5.175 1.18003 158.416
105 5.225 1.17505 162.445
106 5.275 1.21727 166.699
107 5.325 1.19346 170.949
108 5.375 1.21201 175.346
109 5.425 1.19316 179.756
110 5.475 1.19272 184.246
111 5.525 1.19666 188.834
112 5.575 1.16696 193.389
113 5.625 1.16047 198
114 5.675 1.14196 202.619
115 5.725 1.14154 207.318
116 5.775 1.16274 212.188
117 5.825 1.16663 217.159
118 5.875 1.13561 222.081
119 5.925 1.13354 227.079
120 5.975 1.12998 232.145
121 6.025 1.14859 237.381
122 6.075 1.13543 242.644
123 6.125 1.08566 247.759
124 6.175 1.15533 253.291
125 6.225 1.14301 258.854
126 6.275 1.12714 264.428
127 6.325 1.10243 269.966
128 6.375 1.08398 275.499
129 6.425 1.07947 281.095
130 6.475 1.1158 286.97
131 6.525 1.07866 292.738
132 6.575 1.11435 298.788
133 6.625 1.07764 304.728
134 6.675 1.09685 310.865
135 6.725 1.08501 317.028
136 6.775 1.08987 323.31
137 6.825 1.07759 329.614
138 6.875 1.08514 336.055
139 6.925 1.04316 342.338
140 6.975 1.07 348.875
141 7.025 1.08265 355.585
142 7.075 1.06482 362.279
143 7.125 1.05934 369.033
144 7.175 1.06628 375.926
145 7.225 1.06778 382.926
146 7.275 1.05353 389.929
147 7.325 1.02825 396.858
148 7.375 1.02534 403.861
149 7.425 1.05075 411.136
150 7.475 1.0257 418.334
151 7.525 1.0216 425.599
152 7.575 1.04667 433.141
153 7.625 1.02563 440.63
154 7.675 1.02921 448.244
155 7.725 1.02376 455.916
156 7.775 1.00043 463.511
157 7.825 1.01841 471.343
158 7.875 1.02574 479.331
159 7.925 1.01522 487.339
160 7.975 1.02772 495.548
161 8.025 1.02469 503.835
162 8.075 0.99342 511.97
163 8.125 1.01696 520.401
164 8.175 1.00769 528.859
165 8.225 1.01181 537.455
166 8.275 1.00921 546.134
167 8.325 1.0033 554.866
168 8.375 1.0169 563.824
169 8.425 0.988037 572.631
170 8.475 0.989024 581.553
171 8.525 0.976635 590.466
172 8.575 0.993299 599.639
173 8.625 1.00282 609.008
174 8.675 0.97926 618.263
175 8.725 0.958001 627.421
176 8.775 0.969606 636.798
177 8.825 0.989962 646.48
178 8.875 0.987558 656.249
179 8.925 0.987645 666.129
180 8.975 0.964191 675.883
181 9.025 0.985921 685.968
182 9.075 0.942213 695.713
183 9.125 0.993717 706.104
184 9.175 0.972984 716.39
185 9.225 0.95533 726.6
186 9.275 0.974215 737.125
187 9.325 0.953723 747.54
188 9.375 0.953543 758.065
189 9.425 0.952416 768.69
190 9.475 0.954365 779.45
191 9.525 0.961815 790.409
192 9.575 0.946911 801.311
193 9.625 0.939462 812.241
194 9.675 0.952426 823.438
195 9.725 0.942132 834.628
196 9.775 0.933143 845.825
197 9.825 0.972647 857.616
198 9.875 0.931589 869.025
199 9.925 0.925258 880.471
200 9.975 0.953918 892.391
5813 200
1 0.025 0 0
2 0.075 0 0
3 0.125 0 0
4 0.175 0 0
5 0.225 0 0
6 0.275 0 0
7 0.325 0 0
8 0.375 0 0
9 0.425 0 0
10 0.475 0 0
11 0.525 0 0
12 0.575 0 0
13 0.625 0 0
14 0.675 0 0
15 0.725 0 0
16 0.775 0 0
17 0.825 0 0
18 0.875 0 0
19 0.925 0.0814105 0.00875
20 0.975 0.785106 0.1025
21 1.025 2.4627 0.4275
22 1.075 3.16901 0.8875
23 1.125 3.6249 1.46375
24 1.175 3.08514 1.99875
25 1.225 2.79204 2.525
26 1.275 2.46106 3.0275
27 1.325 2.08044 3.48625
28 1.375 1.86873 3.93
29 1.425 1.77911 4.38375
30 1.475 1.57364 4.81375
31 1.525 1.48071 5.24625
32 1.575 1.48047 5.7075
33 1.625 1.46993 6.195
34 1.675 1.31963 6.66
35 1.725 1.45831 7.205
36 1.775 1.45945 7.7825
37 1.825 1.37161 8.35625
38 1.875 1.47496 9.0075
39 1.925 1.47186 9.6925
40 1.975 1.53607 10.445
41 2.025 1.60678 11.2725
42 2.075 1.62044 12.1487
43 2.125 1.63766 13.0775
44 2.175 1.70419 14.09
45 2.225 1.67269 15.13
46 2.275 1.67498 16.2188
47 2.325 1.70314 17.375
48 2.375 1.54573 18.47
49 2.425 1.54357 19.61
50 2.475 1.53221 20.7888
51 2.525 1.52053 22.0063
52 2.575 1.46205 23.2238
53 2.625 1.51089 24.5313
54 2.675 1.46884 25.8513
55 2.725 1.40605 27.1625
56 2.775 1.32612 28.445
57 2.825 1.49285 29.9413
58 2.875 1.43295 31.4288
59 2.925 1.46698 33.005
60 2.975 1.45857 34.6262
61 3.025 1.47928 36.3263
62 3.075 1.49262 38.0988
63 3.125 1.44014 39.865
64 3.175 1.45043 41.7013
65 3.225 1.42782 43.5663
66 3.275 1.4523 45.5225
67 3.325 1.40895 47.4787
68 3.375 1.41557 49.5037
69 3.425 1.40169 51.5687
70 3.475 1.36494 53.6387
71 3.525 1.31448 55.69
72 3.575 1.36753 57.885
73 3.625 1.36491 60.1375
74 3.675 1.32728 62.3887
75 3.725 1.35358 64.7475
76 3.775 1.37803 67.2137
77 3.825 1.39054 69.7687
78 3.875 1.36019 72.3337
79 3.925 1.37034 74.985
80 3.975 1.34553 77.655
81 4.025 1.32275 80.3462
82 4.075 1.33545 83.1312
83 4.125 1.32901 85.9712
84 4.175 1.27167 88.755
85 4.225 1.32762 91.7312
86 4.275 1.2706 94.6475
87 4.325 1.28822 97.6737
88 4.375 1.30626 100.814
89 4.425 1.29165 103.99
90 4.475 1.28681 107.226
91 4.525 1.24054 110.416
92 4.575 1.27111 113.757
93 4.625 1.25448 117.127
94 4.675 1.24646 120.549
95 4.725 1.25901 124.079
96 4.775 1.25461 127.671
97 4.825 1.23515 131.282
98 4.875 1.20534 134.88
99 4.925 1.25814 138.713
100 4.975 1.2567 142.619
101 5.025 1.22669 146.509
102 5.075 1.23587 150.506
103 5.125 1.19028 154.433
104 5.175 1.17891 158.398
105 5.225 1.19401 162.491
106 5.275 1.19795 166.678
107 5.325 1.19135 170.92
108 5.375 1.22476 175.364
109 5.425 1.18606 179.748
110 5.475 1.19072 184.23
111 5.525 1.19698 188.819
112 5.575 1.17433 193.403
113 5.625 1.1482 197.965
114 5.675 1.15247 202.626
115 5.725 1.15126 207.365
116 5.775 1.1517 212.189
117 5.825 1.16692 217.161
118 5.875 1.13907 222.099
119 5.925 1.13325 227.095
120 5.975 1.12078 232.12
121 6.025 1.15024 237.364
122 6.075 1.133 242.615
123 6.125 1.09441 247.771
124 6.175 1.15272 253.291
125 6.225 1.15123 258.894
126 6.275 1.1231 264.447
127 6.325 1.09148 269.931
128 6.375 1.09084 275.499
129 6.425 1.07633 281.079
130 6.475 1.11842 286.967
131 6.525 1.08311 292.759
132 6.575 1.10031 298.732
133 6.625 1.08649 304.721
134 6.675 1.09596 310.854
135 6.725 1.0729 316.947
136 6.775 1.11567 323.379
137 6.825 1.06541 329.611
138 6.875 1.08177 336.032
139 6.925 1.0552 342.387
140 6.975 1.06222 348.877
141 7.025 1.08265 355.587
142 7.075 1.07118 362.321
143 7.125 1.05875 369.071
144 7.175 1.06261 375.941
145 7.225 1.0592 382.885
146 7.275 1.05936 389.926
147 7.325 1.02473 396.831
148 7.375 1.02955 403.864
149 7.425 1.0475 411.116
150 7.475 1.02979 418.342
151 7.525 1.02899 425.66
152 7.575 1.03297 433.104
153 7.625 1.0347 440.659
154 7.675 1.02245 448.222
155 7.725 1.02527 455.906
156 7.775 1.00142 463.509
157 7.825 1.01971 471.35
158 7.875 1.0182 479.28
159 7.925 1.01553 487.29
160 7.975 1.03367 495.546
161 8.025 1.02917 503.87
162 8.075 0.988535 511.965
163 8.125 1.01425 520.374
164 8.175 1.01067 528.856
165 8.225 1.01019 537.439
166 8.275 1.01401 546.159
167 8.325 1.00186 554.879
168 8.375 1.01832 563.849
169 8.425 0.984812 572.628
170 8.475 0.982372 581.489
171 8.525 0.98088 590.441
172 8.575 1.00115 599.686
173 8.625 0.997069 609.001
174 8.675 0.976879 618.234
175 8.725 0.962185 627.433
176 8.775 0.967797 636.791
177 8.825 0.98485 646.424
178 8.875 0.997794 656.294
179 8.925 0.979148 666.089
180 8.975 0.971729 675.919
181 9.025 0.982621 685.97
182 9.075 0.934599 695.636
183 9.125 1.00173 706.111
184 9.175 0.976294 716.433
185 9.225 0.950769 726.594
186 9.275 0.976876 737.148
187 9.325 0.957157 747.6
188 9.375 0.946861 758.051
189 9.425 0.945805 768.603
190 9.475 0.961904 779.448
191 9.525 0.957976 790.363
192 9.575 0.949734 801.298
193 9.625 0.940107 812.235
194 9.675 0.942218 823.311
195 9.725 0.953708 834.639
196 9.775 0.936164 845.872
197 9.825 0.963677 857.555
198 9.875 0.934856 869.004
199 9.925 0.931422 880.526
200 9.975 0.951017 892.41
5814 200
1 0.025 0 0
2 0.075 0 0
3 0.125 0 0
4 0.175 0 0
5 0.225 0 0
6 0.275 0 0
7 0.325 0 0
8 0.375 0 0
9 0.425 0 0
10 0.475 0 0
11 0.525 0 0
12 0.575 0 0
13 0.625 0 0
14 0.675 0 0
15 0.725 0 0
16 0.775 0 0
17 0.825 0 0
18 0.875 0 0
19 0.925 0.0814105 0.00875
20 0.975 0.816511 0.10625
21 1.025 2.40587 0.42375
22 1.075 3.27235 0.89875
23 1.125 3.48336 1.4525
24 1.175 3.12838 1.995
25 1.225 2.67266 2.49875
26 1.275 2.58962 3.0275
27 1.325 2.07477 3.485
28 1.375 1.88979 3.93375
29 1.425 1.74481 4.37875
30 1.475 1.59193 4.81375
31 1.525 1.49783 5.25125
32 1.575 1.48448 5.71375
33 1.625 1.4247 6.18625
34 1.675 1.35156 6.6625
35 1.725 1.48507 7.2175
36 1.775 1.44997 7.79125
37 1.825 1.32679 8.34625
38 1.875 1.48912 9.00375
39 1.925 1.52021 9.71125
40 1.975 1.53352 10.4625
41 2.025 1.53397 11.2525
42 2.075 1.65511 12.1475
43 2.125 1.67072 13.095
44 2.175 1.67263 14.0888
45 2.225 1.6928 15.1413
46 2.275 1.68267 16.235
47 2.325 1.67736 17.3738
48 2.375 1.53867 18.4638
49 2.425 1.54865 19.6075
50 2.475 1.56633 20.8125
51 2.525 1.49399 22.0087
52 2.575 1.45755 23.2225
53 2.625 1.50222 24.5225
54 2.675 1.4911 25.8625
55 2.725 1.39801 27.1663
56 2.775 1.32612 28.4488
57 2.825 1.50158 29.9537
58 2.875 1.42091 31.4288
59 2.925 1.45302 32.99
60 2.975 1.48444 34.64
61 3.025 1.46405 36.3225
62 3.075 1.49577 38.0987
63 3.125 1.45135 39.8787
64 3.175 1.45833 41.725
65 3.225 1.44121 43.6075
66 3.275 1.41889 45.5187
67 3.325 1.41435 47.4825
68 3.375 1.40071 49.4862
69 3.425 1.40678 51.5587
70 3.475 1.36494 53.6287
71 3.525 1.32009 55.6887
72 3.575 1.34728 57.8513
73 3.625 1.37476 60.12
74 3.675 1.33908 62.3912
75 3.725 1.35645 64.755
76 3.775 1.36546 67.1987
77 3.825 1.40551 69.7812
78 3.875 1.36814 72.3612
79 3.925 1.35418 74.9812
80 3.975 1.34805 77.6562
81 4.025 1.33688 80.3762
82 4.075 1.33305 83.1562
83 4.125 1.32374 85.985
84 4.175 1.26824 88.7612
85 4.225 1.34211 91.77
86 4.275 1.26897 94.6825
87 4.325 1.26587 97.6562
88 4.375 1.29482 100.769
89 4.425 1.31046 103.991
90 4.475 1.2873 107.229
91 4.525 1.23762 110.411
92 4.575 1.27444 113.761
93 4.625 1.25913 117.144
94 4.675 1.23918 120.545
95 4.725 1.26213 124.084
96 4.775 1.25068 127.665
97 4.825 1.23558 131.277
98 4.875 1.20157 134.864
99 4.925 1.26634 138.721
100 4.975 1.24584 142.594
101 5.025 1.23655 146.515
102 5.075 1.22815 150.487
103 5.125 1.18497 154.396
104 5.175 1.19155 158.404
105 5.225 1.20239 162.526
106 5.275 1.19437 166.7
107 5.325 1.18855 170.932
108 5.375 1.22407 175.374
109 5.425 1.18606 179.757
110 5.475 1.19438 184.254
111 5.525 1.1934 188.829
112 5.575 1.16472 193.375
113 5.625 1.16864 198.019
114 5.675 1.14258 202.64
115 5.725 1.1467 207.36
116 5.775 1.14334 212.149
117 5.825 1.16428 217.11
118 5.875 1.14628 222.079
119 5.925 1.14431 227.124
120 5.975 1.11241 232.111
121 6.025 1.14859 237.347
122 6.075 1.12922 242.581
123 6.125 1.10768 247.8
124 6.175 1.14985 253.306
125 6.225 1.15303 258.917
126 6.275 1.12285 264.47
127 6.325 1.08078 269.9
128 6.375 1.09671 275.498
129 6.425 1.08164 281.105
130 6.475 1.10346 286.915
131 6.525 1.09129 292.75
132 6.575 1.101 298.728
133 6.625 1.0883 304.726
134 6.675 1.09953 310.879
135 6.725 1.06828 316.946
136 6.775 1.11654 323.382
137 6.825 1.06285 329.6
138 6.875 1.07524 335.982
139 6.925 1.06081 342.371
140 6.975 1.0565 348.826
141 7.025 1.09435 355.609
142 7.075 1.06661 362.314
143 7.125 1.05954 369.069
144 7.175 1.06164 375.932
145 7.225 1.05672 382.86
146 7.275 1.06481 389.937
147 7.325 1.01786 396.796
148 7.375 1.04364 403.925
149 7.425 1.03793 411.111
150 7.475 1.04066 418.414
151 7.525 1.01809 425.654
152 7.575 1.03331 433.1
153 7.625 1.02905 440.614
154 7.675 1.03022 448.235
155 7.725 1.03277 455.975
156 7.775 0.990387 463.494
157 7.825 1.02085 471.344
158 7.875 1.01435 479.244
159 7.925 1.0195 487.285
160 7.975 1.03899 495.584
161 8.025 1.02176 503.847
162 8.075 0.982582 511.894
163 8.125 1.02691 520.407
164 8.175 1.00963 528.881
165 8.225 1.0043 537.414
166 8.275 1.01546 546.146
167 8.325 1.00201 554.867
168 8.375 1.01633 563.82
169 8.425 0.994628 572.686
170 8.475 0.974335 581.475
171 8.525 0.986906 590.483
172 8.575 1.00156 599.731
173 8.625 0.989041 608.971
174 8.675 0.985741 618.288
175 8.725 0.958916 627.455
176 8.775 0.960687 636.745
177 8.825 0.980632 646.336
178 8.875 1.00411 656.269
179 8.925 0.979773 666.07
180 8.975 0.970617 675.889
181 9.025 0.977611 685.889
182 9.075 0.945235 695.665
183 9.125 1.00256 706.149
184 9.175 0.969791 716.401
185 9.225 0.950535 726.56
186 9.275 0.981851 737.168
187 9.325 0.947198 747.511
188 9.375 0.952637 758.026
189 9.425 0.952416 768.651
190 9.475 0.953478 779.401
191 9.525 0.960389 790.344
192 9.575 0.950494 801.288
193 9.625 0.941611 812.243
194 9.675 0.937752 823.266
195 9.725 0.961391 834.685
196 9.775 0.932831 845.879
197 9.825 0.958418 857.498
198 9.875 0.939653 869.005
199 9.925 0.932938 880.546
200 9.975 0.946516 892.374
5815 200
1 0.025 0 0
2 0.075 0 0
3 0.125 0 0
4 0.175 0 0
5 0.225 0 0
6 0.275 0 0
7 0.325 0 0
8 0.375 0 0
9 0.425 0 0
10 0.475 0 0
11 0.525 0 0
12 0.575 0 0
13 0.625 0 0
14 0.675 0 0
15 0.725 0 0
16 0.775 0 0
17 0.825 0 0
18 0.875 0 0
19 0.925 0.0697804 0.0075
20 0.975 0.826979 0.10625
21 1.025 2.40587 0.42375
22 1.075 3.25513 0.89625
23 1.125 3.55413 1.46125
24 1.175 3.09955 1.99875
25 1.225 2.65277 2.49875
26 1.275 2.54064 3.0175
27 1.325 2.11445 3.48375
28 1.375 1.85294 3.92375
29 1.425 1.74971 4.37
30 1.475 1.60108 4.8075
31 1.525 1.5021 5.24625
32 1.575 1.51658 5.71875
33 1.625 1.44354 6.1975
34 1.675 1.34446 6.67125
35 1.725 1.44493 7.21125
36 1.775 1.46261 7.79
37 1.825 1.32978 8.34625
38 1.875 1.5061 9.01125
39 1.925 1.50678 9.7125
40 1.975 1.53607 10.465
41 2.025 1.51698 11.2462
42 2.075 1.68516 12.1575
43 2.125 1.64206 13.0888
44 2.175 1.67474 14.0838
45 2.225 1.7129 15.1487
46 2.275 1.72113 16.2675
47 2.325 1.62029 17.3675
48 2.375 1.54043 18.4587
49 2.425 1.54019 19.5962
50 2.475 1.60533 20.8312
51 2.525 1.46901 22.0075
52 2.575 1.46956 23.2312
53 2.625 1.47622 24.5087
54 2.675 1.48553 25.8437
55 2.725 1.4275 27.175
56 2.775 1.34033 28.4712
57 2.825 1.48163 29.9562
58 2.875 1.41369 31.4237
59 2.925 1.48327 33.0175
60 2.975 1.45745 34.6375
61 3.025 1.46079 36.3162
62 3.075 1.49998 38.0975
63 3.125 1.43097 39.8525
64 3.175 1.50572 41.7587
65 3.225 1.41729 43.61
66 3.275 1.3994 45.495
67 3.325 1.43505 47.4875
68 3.375 1.38673 49.4712
69 3.425 1.40848 51.5463
70 3.475 1.36247 53.6125
71 3.525 1.34652 55.7137
72 3.575 1.33171 57.8513
73 3.625 1.36718 60.1075
74 3.675 1.36708 62.4263
75 3.725 1.31843 64.7238
76 3.775 1.36685 67.17
77 3.825 1.41775 69.775
78 3.875 1.36748 72.3538
79 3.925 1.35418 74.9738
80 3.975 1.34553 77.6438
81 4.025 1.33688 80.3638
82 4.075 1.32825 83.1338
83 4.125 1.35416 86.0275
84 4.175 1.26824 88.8038
85 4.225 1.32148 91.7663
86 4.275 1.26897 94.6788
87 4.325 1.27438 97.6725
88 4.375 1.28442 100.76
89 4.425 1.31554 103.995
90 4.475 1.2883 107.235
91 4.525 1.25026 110.45
92 4.575 1.2635 113.771
93 4.625 1.25448 117.141
94 4.675 1.23462 120.53
95 4.725 1.27595 124.108
96 4.775 1.24762 127.68
97 4.825 1.23302 131.285
98 4.875 1.20995 134.896
99 4.925 1.25691 138.725
100 4.975 1.23981 142.579
101 5.025 1.24285 146.52
102 5.075 1.23433 150.513
103 5.125 1.18914 154.435
104 5.175 1.18374 158.416
105 5.225 1.19765 162.523
106 5.275 1.19867 166.711
107 5.325 1.18293 170.924
108 5.375 1.22338 175.363
109 5.425 1.1918 179.768
110 5.475 1.18475 184.228
111 5.525 1.20611 188.851
112 5.575 1.16056 193.381
113 5.625 1.16613 198.015
114 5.675 1.14598 202.65
115 5.725 1.14032 207.344
116 5.775 1.14334 212.133
117 5.825 1.16722 217.106
118 5.875 1.15551 222.115
119 5.925 1.12588 227.079
120 5.975 1.12719 232.133
121 6.025 1.14228 237.34
122 6.075 1.12626 242.56
123 6.125 1.11803 247.828
124 6.175 1.15142 253.341
125 6.225 1.15149 258.945
126 6.275 1.11905 264.479
127 6.325 1.08402 269.925
128 6.375 1.08447 275.46
129 6.425 1.09659 281.145
130 6.475 1.0942 286.906
131 6.525 1.09783 292.776
132 6.575 1.09455 298.719
133 6.625 1.08059 304.675
134 6.675 1.10065 310.834
135 6.725 1.07246 316.925
136 6.775 1.12196 323.393
137 6.825 1.07054 329.655
138 6.875 1.06576 335.981
139 6.925 1.05915 342.36
140 6.975 1.06386 348.86
141 7.025 1.09213 355.629
142 7.075 1.05806 362.28
143 7.125 1.06875 369.094
144 7.175 1.0541 375.909
145 7.225 1.06301 382.878
146 7.275 1.06181 389.935
147 7.325 1.01452 396.771
148 7.375 1.04547 403.913
149 7.425 1.04299 411.134
150 7.475 1.04458 418.464
151 7.525 1.00666 425.623
152 7.575 1.03609 433.089
153 7.625 1.02922 440.604
154 7.675 1.02836 448.211
155 7.725 1.03077 455.936
156 7.775 0.99154 463.464
157 7.825 1.02134 471.318
158 7.875 1.0137 479.213
159 7.925 1.0214 487.269
160 7.975 1.04243 495.595
161 8.025 1.01264 503.785
162 8.075 0.987924 511.875
163 8.125 1.02993 520.414
164 8.175 1.0065 528.861
165 8.225 1.00828 537.428
166 8.275 1.01095 546.121
167 8.325 1.00359 554.856
168 8.375 1.01293 563.779
169 8.425 0.997292 572.669
170 8.475 0.980709 581.515
171 8.525 0.976772 590.43
172 8.575 1.00968 599.754
173 8.625 0.978203 608.893
174 8.675 0.992354 618.271
175 8.725 0.963361 627.481
176 8.775 0.95668 636.733
177 8.825 0.979738 646.315
178 8.875 1.00373 656.244
179 8.925 0.981897 666.066
180 8.975 0.9721 675.9
181 9.025 0.969668 685.819
182 9.075 0.959012 695.738
183 9.125 0.995032 706.143
184 9.175 0.974639 716.446
185 9.225 0.946091 726.558
186 9.275 0.974099 737.081
187 9.325 0.958187 747.545
188 9.375 0.953543 758.07
189 9.425 0.943004 768.59
190 9.475 0.956804 779.378
191 9.525 0.963461 790.355
192 9.575 0.945391 801.24
193 9.625 0.946983 812.258
194 9.675 0.938178 823.286
195 9.725 0.959918 834.688
196 9.775 0.935226 845.91
197 9.825 0.958315 857.528
198 9.875 0.932304 868.945
199 9.925 0.93314 880.489
200 9.975 0.949417 892.353
5816 200
1 0.025 0 0
2 0.075 0 0
3 0.125 0 0
4 0.175 0 0
5 0.225 0 0
6 0.275 0 0
7 0.325 0 0
8 0.375 0 0
9 0.425 0 0
10 0.475 0 0
11 0.525 0 0
12 0.575 0 0
13 0.625 0 0
14 0.675 0 0
15 0.725 0 0
16 0.775 0 0
17 0.825 0 0
18 0.875 0 0
19 0.925 0.0930406 0.01
20 0.975 0.868851 0.11375
21 1.025 2.33009 0.42125
22 1.075 3.34124 0.90625
23 1.125 3.45977 1.45625
24 1.175 3.20768 2.0125
25 1.225 2.65277 2.5125
26 1.275 2.43045 3.00875
27 1.325 2.14279 3.48125
28 1.375 1.78977 3.90625
29 1.425 1.81832 4.37
30 1.475 1.60566 4.80875
31 1.525 1.49355 5.245
32 1.575 1.51658 5.7175
33 1.625 1.46239 6.2025
34 1.675 1.32318 6.66875
35 1.725 1.46165 7.215
36 1.775 1.4942 7.80625
37 1.825 1.32081 8.35875
38 1.875 1.47213 9.00875
39 1.925 1.50946 9.71125
40 1.975 1.54628 10.4688
41 2.025 1.52669 11.255
42 2.075 1.63893 12.1413
43 2.125 1.65529 13.08
44 2.175 1.68526 14.0813
45 2.225 1.72296 15.1525
46 2.275 1.70383 16.26
47 2.325 1.62029 17.36
48 2.375 1.54749 18.4563
49 2.425 1.55204 19.6025
50 2.475 1.57608 20.815
51 2.525 1.49399 22.0113
52 2.575 1.46505 23.2313
53 2.625 1.48777 24.5188
54 2.675 1.47023 25.84
55 2.725 1.43956 27.1825
56 2.775 1.32353 28.4625
57 2.825 1.48038 29.9463
58 2.875 1.42814 31.4288
59 2.925 1.46931 33.0075
60 2.975 1.46419 34.635
61 3.025 1.4423 36.2925
62 3.075 1.48946 38.0613
63 3.125 1.47072 39.865
64 3.175 1.49585 41.7587
65 3.225 1.42973 43.6262
66 3.275 1.40497 45.5187
67 3.325 1.40264 47.4662
68 3.375 1.38936 49.4537
69 3.425 1.44412 51.5812
70 3.475 1.31714 53.5787
71 3.525 1.36415 55.7075
72 3.575 1.32626 57.8362
73 3.625 1.38006 60.1137
74 3.675 1.3715 62.44
75 3.725 1.29548 64.6975
76 3.775 1.38711 67.18
77 3.825 1.43068 69.8087
78 3.875 1.35489 72.3637
79 3.925 1.36 74.995
80 3.975 1.326 77.6262
81 4.025 1.33995 80.3525
82 4.075 1.34324 83.1537
83 4.125 1.3524 86.0437
84 4.175 1.26767 88.8187
85 4.225 1.30531 91.745
86 4.275 1.28149 94.6862
87 4.325 1.26906 97.6675
88 4.375 1.28598 100.759
89 4.425 1.30792 103.975
90 4.475 1.30917 107.267
91 4.525 1.23568 110.445
92 4.575 1.26398 113.767
93 4.625 1.2461 117.115
94 4.675 1.24646 120.536
95 4.725 1.26882 124.094
96 4.775 1.26159 127.706
97 4.825 1.23259 131.31
98 4.875 1.19403 134.874
99 4.925 1.25814 138.706
100 4.975 1.24102 142.564
101 5.025 1.24916 146.525
102 5.075 1.22815 150.497
103 5.125 1.19331 154.434
104 5.175 1.18151 158.407
105 5.225 1.20203 162.529
106 5.275 1.18722 166.677
107 5.325 1.20224 170.959
108 5.375 1.21167 175.355
109 5.425 1.18538 179.736
110 5.475 1.19039 184.217
111 5.525 1.20937 188.854
112 5.575 1.16248 193.391
113 5.625 1.17273 198.051
114 5.675 1.13856 202.656
115 5.725 1.1388 207.344
116 5.775 1.14126 212.124
117 5.825 1.16047 217.069
118 5.875 1.16935 222.137
119 5.925 1.12021 227.076
120 5.975 1.14197 232.196
121 6.025 1.13132 237.354
122 6.075 1.1268 242.576
123 6.125 1.10556 247.785
124 6.175 1.15585 253.32
125 6.225 1.17127 259.02
126 6.275 1.10262 264.472
127 6.325 1.08626 269.93
128 6.375 1.08128 275.449
129 6.425 1.09201 281.11
130 6.475 1.10322 286.919
131 6.525 1.10111 292.806
132 6.575 1.08442 298.694
133 6.625 1.08376 304.667
134 6.675 1.10132 310.83
135 6.725 1.07796 316.952
136 6.775 1.10201 323.305
137 6.825 1.07844 329.614
138 6.875 1.07671 336.005
139 6.925 1.05458 342.356
140 6.975 1.07736 348.939
141 7.025 1.07741 355.616
142 7.075 1.06701 362.324
143 7.125 1.06699 369.126
144 7.175 1.05623 375.955
145 7.225 1.05424 382.866
146 7.275 1.07252 389.995
147 7.325 0.9982 396.721
148 7.375 1.05205 403.907
149 7.425 1.04822 411.165
150 7.475 1.04511 418.499
151 7.525 0.997171 425.59
152 7.575 1.04893 433.149
153 7.625 1.02443 440.629
154 7.675 1.0336 448.275
155 7.725 1.02043 455.922
156 7.775 0.989893 463.437
157 7.825 1.0267 471.332
158 7.875 1.01386 479.229
159 7.925 1.01569 487.24
160 7.975 1.04541 495.59
161 8.025 1.01264 503.78
162 8.075 0.99113 511.896
163 8.125 1.02782 520.417
164 8.175 1.00069 528.816
165 8.225 1.01416 537.432
166 8.275 1.01357 546.149
167 8.325 1.00071 554.859
168 8.375 1.01491 563.799
169 8.425 0.997993 572.695
170 8.475 0.982233 581.555
171 8.525 0.978141 590.482
172 8.575 1.00142 599.73
173 8.625 0.980879 608.894
174 8.675 0.989312 618.244
175 8.725 0.965584 627.475
176 8.775 0.958877 636.747
177 8.825 0.979354 646.326
178 8.875 1.0026 656.244
179 8.925 0.981897 666.066
180 8.975 0.974447 675.924
181 9.025 0.964169 685.786
182 9.075 0.964572 695.762
183 9.125 0.994554 706.162
184 9.175 0.973338 716.452
185 9.225 0.943751 726.539
186 9.275 0.974099 737.062
187 9.325 0.960591 747.552
188 9.375 0.947541 758.011
189 9.425 0.947486 768.581
190 9.475 0.9588 779.391
191 9.525 0.960828 790.339
192 9.575 0.949625 801.272
193 9.625 0.940107 812.21
194 9.675 0.941261 823.275
195 9.725 0.958128 834.655
196 9.775 0.945122 845.996
197 9.825 0.953056 857.55
198 9.875 0.927303 868.906
199 9.925 0.940415 880.54
200 9.975 0.944915 892.347
