0.888042
0.809564
0.873153
0.884901
0.720319
0.936148
0.449767
1.0437
0.946635
1.02657
1.01558
0.981896
1.04528
0.998657
0.972258
0.920682
0.969201
1.03552
0.978703
0.869206
0.931834
1.02648
0.928353
0.87402
1.02664
1.03114
0.9758
0.899393
0.721694
1.01426
0.979714
0.943601
0.702514
0.693248
0.527035
0.817459
0.97456
0.567898
0.812232
0.828042
1.03699
0.712689
0.553561
1.03662
1.03316
0.983623
0.905431
0.952099
0.970612
0.761744
0.490934
0.793216
0.68064
0.935908
0.962038
0.515922
0.912822
0.855698
0.910298
0.963314
0.776416
0.773928
0.799969
0.853628
0.847715
0.818908
0.960685
0.582184
0.843638
1.03222
0.85472
0.822532
0.637942
0.873367
0.797945
0.504942
0.708793
0.986017
0.959958
1.00794
1.03514
0.966582
0.636366
0.610157
0.792081
0.985256
0.655608
0.988864
0.672158
0.943123
0.879118
0.840455
1.00472
0.968635
0.973113
0.733
1.04074
0.848917
0.77439
0.831858
0.816403
0.94019
0.950258
0.859235
1.04443
1.01893
0.870955
0.702981
0.951605
0.581269
1.03921
0.936106
0.981329
0.581309
0.957163
1.04089
0.998958
0.984426
0.982904
1.02511
0.840994
0.71925
0.786709
0.720764
1.00888
1.03259
0.835087
1.00322
0.817372
0.927018
0.697012
0.938358
0.70098
0.987563
1.03642
0.694898
0.953386
0.851266
0.802924
0.79522
0.875159
0.783754
1.00726
0.704421
0.816148
0.899921
0.679905
0.639452
0.766596
1.01223
1.04378
0.927244
0.34894
0.780836
0.974749
1.00988
0.734803
0.514589
0.960277
0.896487
0.93659
0.996183
0.563013
0.976949
0.92314
0.299903
1.01019
0.730541
0.852188
0.670668
0.879449
0.992451
0.84524
0.792658
1.02588
0.954801
0.979832
0.500981
0.979246
1.03153
1.01818
0.976823
0.903882
1.01914
1.03359
0.747449
0.979102
0.67855
0.769259
0.858498
0.937165
0.998006
0.722882
0.951394
0.911736
0.97204
0.951985
0.845459
1.01474
1.0425
0.892933
0.81152
0.988575
0.999817
0.921613
0.96352
0.88491
0.795231
0.970735
0.719683
0.749126
0.932803
1.01597
0.96556
0.889121
1.0024
1.01411
0.728679
1.0294
0.620434
0.923516
0.911391
1.01589
0.972346
0.691658
0.8569
0.865966
0.987741
0.977837
0.792624
0.98379
0.733038
0.921594
0.907558
1.03899
0.602953
0.721958
0.871718
0.831602
1.01136
0.930197
0.912787
0.875496
0.880375
0.740669
1.01363
0.781187
0.538927
0.479902
0.722469
0.672349
0.930411
0.962408
1.04047
0.794412
0.996767
0.845235
0.957156
0.924164
0.596307
1.02223
0.808597
0.779098
0.881096
0.992152
0.756517
0.906084
1.02969
0.944378
1.00168
0.993031
0.723019
0.829233
0.745326
0.93808
0.907348
0.549319
1.00345
0.920383
0.596427
1.03958
0.955838
0.949734
0.953912
0.948391
1.01722
0.878679
1.0369
0.915312
1.03678
0.474495
0.87355
0.782611
0.791738
1.00782
0.345936
0.890157
0.832729
1.03057
0.569785
0.692158
0.974337
0.762434
0.887611
1.02074
0.996795
1.03118
1.02979
0.94445
0.895663
1.04288
0.935273
0.658961
0.945666
0.76115
0.977292
0.901487
0.951341
0.965766
1.0436
0.938269
0.971234
0.869334
1.00412
1.03283
0.778646
1.00509
0.864982
0.927569
0.987317
0.885447
0.966993
0.892494
0.956808
0.680992
0.842462
0.882736
0.574167
0.802339
0.518365
0.914267
0.794259
0.944857
0.94735
1.01407
1.0017
0.834439
0.83982
0.883331
1.04475
0.834874
0.431554
0.970041
0.97961
1.00704
0.952552
1.03511
0.95907
0.449941
0.910278
0.870413
0.891368
0.739059
1.01284
0.648409
0.818317
0.751856
0.917621
0.844428
0.894527
0.927943
1.01327
0.976709
0.718203
0.89715
0.934117
1.03707
0.997134
1.02456
0.866126
0.99606
0.777761
0.871381
0.899659
1.03483
0.779673
0.658268
1.02385
1.01916
0.676834
0.870569
0.810218
0.93241
0.936553
0.697446
0.960938
1.01692
0.834741
0.738706
0.767808
0.995568
0.980882
0.610776
0.907904
1.01908
0.921978
0.600531
1.00956
0.833363
1.03836
0.778599
0.667392
0.752752
0.953593
0.936872
0.70841
1.01488
0.966963
0.556718
0.98478
0.99747
0.888441
0.479431
0.849408
0.474594
0.717651
0.409595
1.02138
0.901564
0.746292
0.663328
0.798035
1.02646
0.734256
0.987818
0.997705
0.974673
1.0037
0.953294
0.501016
0.995103
1.01427
0.696554
1.04014
0.906447
0.976028
0.680432
0.848028
0.863876
0.724296
0.648576
0.737744
0.944808
0.674969
0.920452
0.950775
0.801348
0.923642
0.914186
0.98476
0.979958
0.948314
1.0456
0.954726
0.996041
0.987768
0.881352
0.905864
0.933527
0.585973
0.915052
0.846534
1.027
0.957669
0.833457
0.872096
0.849066
0.886668
0.988338
0.983974
0.943424
1.0113
1.02672
0.757998
1.03677
0.887832
1.00538
0.774312
1.04123
0.838984
1.0379
0.974224
1.03412
1.03786
0.841043
0.981958
0.977952
0.990338
0.771298
0.812225
1.0043
0.982287
0.953521
0.98222
0.859858
1.03547
0.700491
0.981597
0.866486
1.0214
0.897922
1.04325
0.983354
0.861535
0.749195
0.971947
1.0052
0.420884
1.02758
1.00003
0.844249
1.01928
0.91108
0.815883
1.01064
1.00953
0.476305
0.930851
0.944383
0.784679
1.01026
0.878373
1.0392
0.900033
0.715163
0.845482
0.881088
0.813254
0.622328
1.00386
0.736997
0.924963
1.00105
1.026
1.02865
1.04418
0.945173
0.985161
0.339095
0.917465
0.925256
0.846007
0.870626
0.561608
0.955132
0.788387
1.02006
0.960951
1.00069
0.904561
1.02236
0.957741
1.02447
1.0153
0.68096
0.579856
0.764377
0.925065
0.841234
0.812589
0.851207
0.914246
1.00619
0.7263
0.879307
0.986233
0.719918
0.49586
0.906169
0.723226
0.925775
0.522999
0.912094
1.0337
0.624515
0.706607
0.748424
1.03704
0.999113
1.04367
0.888922
0.970844
0.954937
0.846056
0.928846
0.987811
0.870223
0.990277
0.81876
0.983538
0.563083
0.959867
0.790705
1.017
1.00336
0.964517
0.94931
1.03891
0.971348
0.666966
0.691546
0.78323
0.702517
0.953807
0.74205
0.767384
0.993016
0.856084
0.735707
0.934094
0.851673
0.94921
0.798006
1.04433
1.03784
1.00298
0.986164
0.853584
0.935712
0.550712
0.658154
0.950035
0.971516
0.845691
0.906424
0.912422
0.444285
0.667835
0.900666
0.975206
0.766643
0.944299
1.03309
0.847005
0.780828
0.685857
0.931695
0.357204
0.906338
0.982947
0.935617
1.01166
0.847865
1.00799
1.01016
0.829297
0.95768
0.940169
0.966963
0.771251
0.952792
0.993695
1.00919
0.832838
0.685564
0.836135
1.00653
0.700566
0.884552
0.822202
1.00996
0.957866
1.02412
0.995469
1.04435
0.698971
1.02462
0.929641
0.703777
0.867355
0.816069
0.976876
0.786296
0.956377
0.925815
0.633975
1.03581
0.74901
0.965035
0.953397
0.873534
0.820644
0.872831
0.788832
0.94978
0.919705
0.934875
0.889215
0.96267
0.354994
0.985949
0.911024
0.959202
0.958323
0.812962
0.957374
0.994973
0.748164
0.757026
1.02795
0.937787
0.906039
0.953315
1.00512
0.693724
0.737076
1.02443
0.63471
0.853643
0.935175
0.977122
0.992266
1.01691
0.681783
0.444536
0.905972
0.957624
0.939377
1.03124
0.824968
0.94082
0.967559
1.00192
0.785532
0.835143
0.648574
1.01987
0.666349
0.810231
0.63348
0.493067
1.01447
0.934474
0.960269
0.968098
0.973258
1.00672
0.938645
0.995207
0.750037
0.720294
0.907936
1.03701
0.500306
0.94766
1.04
0.915092
0.796031
0.930649
0.889863
0.931612
0.713744
0.689608
0.856674
0.865025
0.891212
0.895589
0.804842
0.929439
0.984601
0.848472
0.937121
0.944043
1.02876
0.780289
0.810692
0.950439
0.592989
1.01529
0.871188
0.791524
0.468979
1.02271
0.763809
0.557867
0.912635
0.743118
0.930008
0.990367
0.984472
0.32627
0.834415
1.02108
0.692847
0.971612
0.807954
0.936898
0.718927
0.926315
0.697818
1.02245
1.02324
0.976568
0.908003
1.00477
1.03321
0.99339
0.887186
0.238761
0.955439
1.01009
0.791919
0.960822
0.983524
0.894114
0.97318
0.787782
0.955885
0.795528
0.361367
0.860858
0.797366
0.836942
0.802457
0.864182
0.483953
0.92496
1.0378
0.737787
0.641988
0.653645
0.612202
1.04241
1.0015
0.932003
1.00097
0.986643
0.840956
0.788343
0.986807
1.04002
0.638305
1.04517
0.952897
1.0052
0.893239
0.836085
0.602903
0.650736
0.938271
0.611955
0.899688
1.00971
0.86932
0.983934
0.776049
0.878424
0.810265
0.748748
0.94197
0.85552
0.812756
0.962867
0.848227
0.645618
0.775692
0.720346
1.00926
0.931529
0.87001
0.939742
0.922534
0.904204
0.939025
0.727558
0.824342
0.546503
0.906588
0.856272
0.697792
0.617251
0.886056
0.945319
1.02639
1.00838
0.843545
0.702079
0.794034
0.950633
0.835
1.0112
1.04306
0.946732
0.913144
0.842217
0.973142
0.982545
0.908151
0.922994
0.818404
1.02222
0.686767
1.00697
0.860055
0.975395
1.04383
0.968301
0.985936
0.903373
0.572606
1.0187
0.928807
0.905186
0.903472
0.896884
0.832685
1.00575
0.944319
0.935357
0.889053
1.02957
0.878492
0.884087
0.922309
1.02979
0.992665
0.780761
0.961984
0.801895
0.99187
1.03557
0.723139
1.0216
0.995221
0.922566
0.942992
0.993014
0.769364
0.843614
0.794811
0.801673
0.772078
1.00168
0.987453
0.97394
0.805342
0.61661
0.918969
1.01733
0.957567
1.039
0.999303
0.600861
0.870877
0.838267
1.04336
0.735202
0.932223
0.958794
0.886133
0.838321
0.9444
0.942604
0.773467
0.862599
0.695255
1.00446
0.71973
0.845472
0.724614
0.874115
0.947371
0.861347
0.768899
0.853136
0.631512
0.905131
0.88441
0.945552
0.851336
0.626063
0.935544
0.720172
0.705277
1.04016
0.905168
0.693952
0.711559
0.572839
0.994172
0.938687
0.861931
0.860735
0.740677
0.944731
0.989798
0.826371
0.879102
1.02712
0.960472
