1.05645
1.53892
1.35108
0.888139
0.963278
1.0262
1.17333
0.974076
1.30098
1.08701
2.03935
1.64599
1.97853
0.861028
1.08199
1.04195
1.26665
1.5588
0.921292
1.07658
1.86586
1.20759
0.885599
1.54761
0.986037
1.03414
1.11206
0.882543
1.25729
1.16269
1.0716
0.880177
1.24803
2.26886
0.9793
1.08981
1.71712
1.38868
1.37521
1.33808
1.4397
1.36345
1.39733
1.12119
1.34297
1.19999
0.912322
1.2252
1.46507
0.885858
1.04965
1.10667
1.12717
0.971133
1.09079
0.942251
0.923145
1.08278
1.1016
1.13823
1.45824
1.2492
1.32691
0.908781
0.869027
0.901044
1.25905
1.02237
1.09523
1.04296
1.17834
2.29655
1.0599
0.953602
0.958744
0.870844
1.26119
1.50425
1.25235
1.36857
1.69554
0.871276
0.944709
1.01447
0.974544
1.15962
1.30876
1.53484
0.947218
0.85672
1.25336
0.924005
1.6541
1.02221
1.03048
0.952551
1.14354
1.32778
1.88151
0.938257
1.41319
0.92378
1.36584
0.862231
0.9578
0.952323
0.938249
0.927485
0.960563
1.4917
1.00545
0.888054
0.920896
1.29483
1.43674
1.1601
1.07065
1.08654
1.19751
0.911154
0.850153
1.15215
1.01842
0.958474
0.883579
1.02898
1.05713
1.21685
1.38939
1.46908
1.22597
2.2106
1.01354
1.59703
1.4562
1.26289
0.881431
1.11894
1.01857
1.15586
1.74386
0.903137
0.906045
1.1911
0.896915
1.73153
1.36631
1.51894
0.973824
1.58572
1.15354
1.7504
1.68962
1.21946
0.932923
1.05364
1.87592
1.08896
1.62443
1.00612
0.890805
1.32104
1.35981
1.39571
1.06856
1.37636
0.872967
0.927312
1.12593
1.26983
1.36566
1.05353
0.90451
0.933989
1.26237
1.03834
1.3477
1.02705
0.974893
1.33822
0.950524
1.47325
0.889627
0.861782
1.74474
1.04207
1.31089
1.86131
0.989809
0.91021
0.895321
1.08599
1.14083
1.15825
1.43672
0.928287
1.10874
1.29229
1.91017
1.19419
0.864226
0.92005
1.2125
0.954902
1.88801
1.14912
1.04136
0.946384
0.923182
1.11569
0.872854
0.869186
1.0678
0.861929
1.38065
0.908606
1.2255
0.886687
1.57209
1.2651
0.897635
1.54962
0.967736
1.07543
1.05493
0.910729
1.74314
0.950434
1.05858
1.33012
0.855168
1.06486
0.929327
1.18689
1.11822
0.930484
1.02707
0.896324
1.01589
0.889848
0.923033
1.58396
0.922891
0.917559
0.937945
0.98661
1.63654
0.853863
1.0107
0.894509
1.02002
1.70873
1.97241
0.992122
1.17642
1.06202
2.06632
0.921238
1.34456
1.40762
1.22286
0.911941
1.04539
1.14797
0.949794
1.03168
0.938108
1.14483
1.42735
1.01242
1.10027
0.977783
1.0506
0.93763
1.39179
0.919951
1.05896
1.73743
1.17209
1.77347
0.957552
1.5419
1.2995
0.950631
1.19897
1.11303
0.928692
1.10237
1.0106
1.52286
1.03536
0.87399
0.862769
1.07603
1.54608
1.73072
0.939499
0.875873
1.05154
1.64342
0.903377
1.98877
1.44983
1.24905
1.38689
0.869563
0.920541
1.22626
0.866882
1.32619
1.19533
0.968173
0.906693
1.01195
1.02759
0.856886
1.23373
1.10796
0.869453
1.12669
1.09372
1.10994
1.31505
0.969569
0.875946
0.922709
1.08165
0.971488
1.11639
1.64714
1.15865
1.6359
1.1351
1.21365
1.13394
0.932824
1.58327
1.17818
1.10639
1.34028
0.942302
1.00599
1.09143
0.86182
0.860558
1.32774
1.12023
1.09893
1.49896
0.901098
1.30457
1.2252
1.66426
0.899746
2.17906
1.09239
1.0235
1.08152
1.08665
1.34205
1.11879
1.3512
1.67239
0.876009
0.891045
1.53048
1.23057
1.56905
1.93094
1.3397
1.31101
1.07114
1.15977
1.26149
1.34411
1.03353
0.883274
0.861786
1.2753
0.954203
1.63796
0.879805
1.43922
1.56314
1.09991
1.57495
1.11366
1.01151
0.881431
1.44358
1.54754
0.945214
1.00014
0.954932
0.90588
1.53256
1.00788
0.911146
1.52779
1.20302
1.33592
1.32887
1.32099
0.9623
0.870662
0.86827
0.855809
1.05796
0.928603
1.09654
1.07011
0.993148
1.25431
1.79364
1.03035
1.25518
0.936213
1.44785
1.50143
0.880844
0.935766
1.15508
1.09729
0.874407
1.23
1.06135
0.961225
0.960036
1.04143
1.05679
1.1297
1.24423
1.13406
0.901401
1.01587
1.71384
0.895763
0.996888
0.989792
1.20024
0.980081
1.19439
1.21739
1.51407
1.01293
1.4404
1.36679
1.29618
1.12987
1.17562
2.19289
0.946517
1.63063
1.07286
1.30448
1.04443
0.933083
1.15945
1.38978
0.893171
0.957343
0.987813
1.2628
1.13451
1.16298
1.2456
1.39021
1.25868
1.31379
0.858587
1.324
1.13203
1.27997
1.0359
1.12308
0.998279
1.0776
1.28587
1.36293
1.0365
1.11447
0.855686
0.946268
0.869496
1.1365
1.33267
0.893429
1.36221
1.25999
1.22658
0.951322
0.992676
1.25978
1.49533
1.19249
1.07973
0.991722
0.937011
1.02523
0.861226
0.909401
1.22123
1.04916
1.1994
0.954617
1.05508
0.887681
1.00516
1.9439
1.08708
0.93595
1.31051
0.928329
1.7748
1.14019
1.31713
0.859896
1.02883
1.20895
0.923811
1.58358
1.02414
0.888267
0.881425
1.45153
0.906318
0.978581
1.29312
0.886755
1.21344
0.953487
0.876086
1.35237
1.03121
0.857525
1.41762
0.924719
0.931435
0.934202
1.18628
1.00922
1.13458
1.1465
2.14835
0.925407
0.960924
1.56489
0.978381
1.21458
1.27221
1.03439
1.31034
0.90913
0.926743
0.936729
1.06004
1.08349
1.00223
1.05453
1.63815
1.0132
1.33128
1.12499
1.00516
1.07821
1.45377
1.27043
1.21143
1.33799
0.888852
0.962027
1.06381
1.6853
1.11266
1.09922
1.58179
0.95235
1.00995
0.953212
1.08048
1.18255
0.980793
1.02803
1.0316
1.0115
0.945594
1.07626
1.14074
1.12613
0.908499
0.960634
1.30115
1.09162
1.00931
0.998277
1.09839
1.18946
1.52319
1.13047
1.03579
1.29744
1.26819
1.09715
2.2553
1.05664
1.20442
1.1724
1.14922
0.982873
1.32002
1.04424
1.34806
1.01954
1.13427
1.6352
0.882187
1.34237
0.899326
1.24529
1.50239
0.96626
1.22451
1.20913
1.15257
1.0064
1.09179
1.07693
0.874214
0.851521
1.23464
1.16368
1.04648
0.966474
1.04795
0.859847
1.04899
1.27222
0.934108
1.01886
0.900882
0.954238
1.11146
1.22257
1.20349
0.907627
0.879484
0.975748
0.909425
0.926461
0.873448
1.3446
0.993669
1.50715
1.02726
1.17028
1.2051
0.985064
0.923682
2.27452
0.983632
0.85238
0.920148
0.922746
0.922591
1.04313
0.936073
1.04354
0.887293
1.21552
1.50038
1.01607
1.32073
1.20274
0.891226
1.07957
0.982368
1.11917
1.44638
0.864415
1.0785
1.76582
1.44561
0.901231
1.67155
0.984686
1.10366
1.3631
0.937473
1.34796
0.946595
1.12997
1.70823
0.882293
0.873689
0.857004
0.874637
1.57584
1.33696
0.887745
1.02029
1.31637
1.27468
0.946632
1.05314
0.970706
1.58506
0.918805
0.888514
1.02441
0.884074
1.17607
1.28053
1.24389
1.07555
1.27505
0.965273
1.04926
1.01876
1.71518
0.958778
1.15158
0.969169
1.18417
1.35593
1.77187
0.852617
1.32889
1.02276
1.32567
1.20045
0.920157
0.878925
0.988862
0.875318
0.863389
0.922439
1.22826
1.63774
0.894987
1.39236
1.21771
1.03259
1.50521
1.08352
1.51515
1.6685
0.893347
1.69627
0.892599
1.19313
1.19465
1.10164
1.39196
0.932918
1.28985
0.962182
0.912004
1.27406
1.53309
1.01001
0.87998
1.57869
0.983694
0.986471
0.906692
1.07431
1.11249
1.05717
1.02388
1.19135
1.19972
1.04536
0.878898
1.02568
1.33183
1.07405
1.35328
1.17525
1.0204
1.02767
1.82968
0.987023
2.04551
1.0319
1.02207
1.26635
0.851113
1.15083
0.885336
1.02192
1.09035
0.921378
0.919364
1.6304
0.904044
0.93007
1.74452
1.81362
1.21034
1.0381
1.01064
0.857989
1.67446
1.07592
0.941984
0.976398
1.18559
1.66577
1.15409
1.6495
1.32705
1.1942
1.29846
1.18289
0.857999
1.22743
1.21643
1.10909
1.51264
1.26217
1.26561
1.66818
0.969785
1.27298
1.11964
1.4506
1.23481
0.973318
1.05876
1.46726
0.948583
1.03247
1.19119
0.946228
1.09528
1.1579
1.78153
1.01476
1.08243
1.10057
1.80891
1.76397
1.89702
1.03941
0.978947
1.29617
1.01978
1.30432
1.45919
1.19385
0.992184
1.32925
0.856612
1.45896
1.51062
1.35158
1.63932
1.07478
1.34847
1.61204
0.896764
0.956757
1.03146
0.886394
0.850512
1.53303
0.985548
1.21695
1.52742
0.954709
0.871127
0.96505
1.13978
1.40296
1.49648
0.985148
1.13542
1.51314
1.55384
1.46036
0.852737
1.10884
1.1567
0.930055
1.11355
1.52364
0.918511
1.20295
1.03514
1.06109
1.26653
0.893835
1.13863
1.02751
1.05693
1.15606
0.988608
1.06858
1.2327
0.911467
1.01575
0.870289
0.955566
1.21857
1.51025
1.00621
1.1407
0.857964
0.858482
0.875667
0.979971
1.50906
1.31771
1.36535
0.859132
1.82831
1.21971
0.86433
1.7259
0.902679
0.927754
1.068
1.19344
1.32833
1.31493
1.246
0.865441
1.23396
1.18053
1.54672
1.09561
2.57776
1.41262
1.06139
1.04626
0.915614
0.960498
1.41116
1.18058
1.06673
1.01918
1.96475
1.39486
1.2639
1.56355
1.58463
1.26393
0.923541
0.920919
1.29994
0.858795
0.923576
0.961094
0.952644
1.51741
0.865313
1.33501
1.04959
1.01571
1.01189
1.1031
1.0329
0.856523
1.14691
1.50397
0.877963
1.21779
1.53714
0.987585
1.29084
1.52344
1.02643
1.20797
1.02205
0.853207
1.15793
0.859419
0.87865
1.12081
0.874008
0.965547
1.2951
0.99349
0.861058
1.03965
1.33619
1.2447
1.10814
1.50949
1.45693
1.08327
0.896077
1.1102
1.01198
0.904299
0.915618
1.00922
1.02135
1.39891
1.09041
1.12776
0.914892
1.1244
1.13772
1.05689
2.23832
1.21761
1.15682
0.881306
1.32454
1.63194
1.8007
0.987562
1.18666
0.888441
1.1645
1.67176
1.32193
1.30786
1.01923
0.883164
1.01651
0.866129
1.36718
0.974188
0.918771
0.918687
1.08503
1.02264
0.851912
1.21565
1.21785
1.40528
1.0921
1.39323
0.905768
0.884335
0.857352
1.37478
1.15382
1.18453
1.02355
1.36614
1.12034
1.08104
1.09569
0.922047
0.862886
0.983402
1.03635
1.2946
1.13243
1.10745
1.657
1.03093
1.29077
1.10247
1.28466
0.95386
2.20762
1.10842
0.991453
1.13464
1.50259
1.09579
1.08884
1.24119
0.967698
1.52405
1.18393
0.999372
1.11129
1.1343
1.36588
0.972497
1.11242
1.35701
0.927413
1.71511
0.854623
0.975059
0.955612
0.873653
0.958141
1.37773
1.00133
1.34606
1.17725
0.871306
0.991671
1.04137
1.02568
1.22733
1.75766
0.884868
0.923311
1.01881
0.960758
1.10758
0.940951
1.3317
1.22775
0.86149
1.49768
0.991406
0.869588
1.26283
1.27105
0.978131
1.32989
1.20153
0.854083
0.865674
0.903216
1.28853
1.54773
0.896302
0.90297
1.21105
1.04673
1.22552
0.959648
0.968139
1.3103
0.902638
1.12742
1.14968
0.983184
0.956799
2.01319
1.00027
1.09644
0.953614
1.02827
1.11399
1.17216
0.854308
1.29506
1.1108
0.879701
0.931115
1.1256
1.23479
1.29805
1.01023
1.30072
1.00538
1.14748
1.27241
1.515
1.91527
0.913549
1.11699
0.942179
1.27217
1.1997
1.53206
1.13752
1.08942
1.93392
0.885019
1.83153
1.17294
1.05057
0.927932
0.869602
0.989153
0.869635
1.21785
0.964885
1.11822
0.999939
1.34798
1.09602
0.857269
0.920495
0.935141
0.975277
1.00244
0.852681
1.12331
1.34052
0.874533
1.18742
1.27431
0.901059
2.03343
1.32676
1.01394
1.03228
0.896716
0.897559
1.84358
1.04058
0.895439
1.05832
1.08326
0.978964
1.83233
1.37352
1.084
1.37838
1.34312
1.12371
0.858347
1.23195
0.854382
1.45791
0.916931
1.28217
1.14924
1.66654
0.883879
0.978634
1.07388
0.949228
1.30992
0.944412
2.19149
0.880192
1.26881
1.04062
1.04017
1.13357
0.88682
0.857056
1.06233
0.907208
1.21274
1.13282
0.962427
1.24205
0.993344
1.61156
0.931497
1.10641
1.45533
0.922642
0.908007
1.19172
1.04949
1.2593
1.02585
0.91645
0.853313
0.918446
1.0812
1.44111
1.32356
1.36876
0.936615
1.37567
1.5794
1.33158
1.2668
0.917007
0.907268
1.04957
1.92824
1.17487
1.5055
1.0317
1.39398
0.965688
0.994891
1.29263
0.931802
1.46603
0.859126
1.15037
0.905297
1.11674
1.24384
0.980359
1.25845
0.935175
1.4743
2.06506
0.94258
1.55267
1.307
1.05579
0.85947
1.21424
0.975131
1.19545
0.908165
1.38299
1.02506
1.44826
1.51807
0.872697
1.69619
0.974601
1.35197
1.33922
0.884856
1.08213
0.865378
1.76601
0.984056
0.853488
1.23468
0.851172
1.0083
1.21573
1.43459
1.55203
1.24685
0.918693
1.41656
0.92737
1.29009
1.68027
1.26655
0.886334
1.337
1.01133
1.14065
0.921887
0.857753
1.91213
0.856883
1.06669
0.905513
1.23611
1.59811
1.30404
1.06924
1.23233
1.35096
1.00355
1.76621
0.869932
0.916655
1.22134
1.20823
1.10674
1.19187
1.64085
1.69811
1.18562
1.30657
1.43362
0.858056
1.1473
0.876653
0.872189
1.10528
1.51757
1.12613
1.17481
1.47919
1.04302
1.33653
1.26067
0.869566
1.30798
1.09621
0.995668
1.46907
1.44906
1.01637
1.20977
1.35579
1.26408
1.27385
1.3374
0.886001
1.13584
1.08191
1.37196
0.992703
1.07656
1.26621
1.07886
0.916533
1.11931
1.31172
1.03864
0.877811
0.938891
0.883805
1.01394
1.04034
0.895683
0.967593
1.31413
1.30118
1.15314
1.2061
1.64776
2.10647
1.39922
0.936828
0.940808
0.882643
0.870403
0.870373
1.27348
1.0204
1.00873
1.20323
1.24475
1.4081
1.37566
1.25542
1.60693
0.883329
0.911054
1.26487
0.903309
1.04733
1.39933
0.948746
1.16278
1.24036
0.952901
1.09292
1.00906
1.27736
1.07339
1.5284
0.946011
0.914666
1.55564
0.988432
1.04547
0.985089
0.946546
1.26783
0.998562
1.13321
0.942289
1.62597
1.02767
1.05373
0.919556
1.26307
1.4631
1.5491
0.953102
1.12544
1.20408
0.931219
1.49159
1.25087
1.0736
1.73655
1.23774
1.05555
1.95707
1.33157
0.925743
1.18055
1.69936
1.26321
1.9901
1.37802
0.864812
1.72657
1.20442
1.31583
1.72029
1.12768
1.05786
0.936075
1.40438
0.903145
1.51883
1.00008
1.04224
0.860625
1.24312
1.00577
1.05784
0.868981
0.918615
1.0598
1.24266
1.51644
1.25723
1.19986
0.884433
0.90277
0.931175
1.20838
1.07218
1.00982
1.42449
1.0072
1.14066
1.60176
0.906463
1.83699
1.43578
1.71886
1.34277
0.864194
1.12648
0.980827
1.13827
1.14506
1.57156
0.86705
0.909121
0.896253
1.18697
0.926063
0.940485
1.119
1.10732
1.2942
1.2014
1.123
1.07971
0.919326
1.02304
1.0657
0.986111
1.15479
1.08659
1.22677
0.953583
1.57558
0.980911
2.6266
0.854402
1.2004
1.19837
1.42265
1.30566
1.29407
1.01375
1.06509
1.21564
0.899772
0.92211
1.35059
1.19152
1.38863
1.296
1.19499
0.935958
0.980081
1.12717
0.955041
1.1604
1.15433
1.5023
1.41265
1.12616
0.931847
0.958834
0.998414
1.06193
0.854639
1.18829
0.973192
1.26844
0.961035
1.0631
1.2499
1.09343
0.8711
1.49369
1.4232
1.1919
0.855391
1.0466
0.884139
1.52949
0.880947
0.996998
1.04819
0.858011
1.58623
0.896576
1.33574
1.12062
0.99039
1.34532
1.28599
1.21776
1.19492
1.87535
0.953543
1.01697
0.981658
1.05179
1.67684
1.15913
1.23988
0.867554
1.03344
1.14958
1.1822
0.945714
1.34244
1.11862
1.20028
0.920813
1.18421
1.03742
1.10733
1.54461
0.895155
1.02184
0.919344
1.19627
1.01505
1.40162
1.30255
1.93663
1.73947
0.924276
1.12899
1.13943
1.46359
1.05269
1.02967
1.0459
1.19756
0.973665
1.17785
2.08383
1.16606
1.19222
1.37667
0.939792
1.21341
1.02409
1.28474
1.36152
1.05224
0.912058
0.98049
0.946291
1.29658
1.73443
1.23118
1.16036
1.17328
0.912447
0.951685
1.33876
1.47407
1.71476
1.38353
0.906825
0.860706
1.36557
0.883255
1.07617
1.37343
1.29255
0.896084
1.16771
0.922227
1.01388
1.32374
0.939278
1.67304
1.27563
1.21342
0.913329
1.66321
1.19541
1.18275
0.859262
0.923862
0.9191
0.949524
0.98339
1.04014
0.960887
0.90262
1.25773
1.08803
1.27577
0.959121
1.08469
1.44476
1.26707
1.09231
0.898235
1.77667
0.978362
0.867514
0.990636
1.09482
1.11347
1.26711
1.2784
0.915727
1.44135
1.53893
1.22349
0.901089
1.67124
0.850731
1.43749
0.896345
1.03209
1.16062
1.33858
1.01874
0.973451
1.12744
0.942327
1.32764
1.16583
1.40932
1.25355
1.02944
1.34544
0.965019
0.902883
1.13738
1.24638
1.03278
1.09981
1.77233
1.38932
0.926191
1.47868
1.45094
1.42043
1.34871
1.02374
1.11377
0.965248
0.869532
1.02099
0.978779
1.06367
1.38888
0.977308
1.0232
0.962026
1.1904
1.47766
0.857083
1.10995
0.894306
1.55369
1.27824
0.85472
1.11061
0.936376
1.34271
0.966488
1.19332
1.61075
1.15659
1.27612
1.14522
0.968201
1.07987
1.20191
1.0923
0.96294
1.09917
0.85983
1.37978
1.61518
1.55345
1.00176
1.66007
0.896755
1.11531
0.918749
1.05667
1.17653
0.899625
0.96097
1.75876
0.865926
1.43454
1.12758
1.39605
1.52104
1.0267
0.948197
1.09364
1.27443
1.3475
1.3327
0.987001
1.12773
0.998864
0.974527
0.919149
0.948549
0.949436
1.39535
1.48328
1.11503
1.10482
1.10086
0.852416
0.951703
0.92851
1.97668
1.67422
0.851519
1.09563
0.985676
0.974284
1.12596
1.44997
1.12683
1.20751
0.860585
0.86091
1.04176
0.898532
0.893333
1.08987
1.50704
0.987879
1.15465
1.0958
1.31953
0.854597
0.971201
0.850778
1.50979
0.859399
0.870286
1.23154
0.940312
1.02466
1.69979
1.86451
0.991464
1.08066
1.30609
0.979156
1.43225
1.26139
0.981303
0.887099
1.56958
1.42168
0.851221
0.981752
1.04533
1.24571
1.31596
1.09079
1.41709
1.68223
1.38338
0.908558
1.19286
1.20321
1.27927
0.973478
0.889506
1.40503
0.875479
0.869442
1.14665
1.25233
1.32857
1.51992
1.14063
0.917638
1.28105
0.886345
0.911731
1.12301
1.15353
1.32558
1.05339
1.4599
1.1692
1.34287
1.1056
0.947618
1.2709
0.99511
1.27458
1.05633
1.17921
1.01546
0.988339
1.84861
1.14206
1.44112
0.884194
1.75952
1.64667
1.46053
1.16376
1.02095
0.94294
1.66332
0.983527
1.15842
1.10626
0.948745
0.86519
1.29298
1.79485
1.56319
0.878659
0.956499
1.53202
0.956581
0.879602
1.36365
1.41361
1.35279
1.2604
1.04944
1.91136
0.864041
0.851996
1.55345
1.56408
0.948896
0.958288
1.04944
1.30181
0.99167
1.60782
0.87839
1.01866
1.41327
0.949311
1.10669
0.886134
0.890912
0.889912
0.924944
0.858697
1.3322
1.06843
0.995291
1.5085
0.921005
0.861001
0.920174
0.989045
0.920658
1.02692
0.882417
1.06306
0.996755
1.05257
1.05118
1.06395
1.08598
0.910414
1.16957
0.904999
1.24959
1.02627
1.03975
1.34133
1.37294
1.09927
1.16673
1.11774
1.038
1.36027
1.29568
1.40776
1.5896
1.20479
1.61669
1.10787
1.06363
1.03077
1.74172
1.04263
1.16476
1.6446
0.870664
0.886691
1.18371
0.874464
1.17674
0.96981
1.86943
0.997929
1.43602
1.19539
0.858263
1.05168
1.20626
1.24102
0.873185
1.11858
1.00552
1.59807
1.34463
0.928712
0.958335
0.974387
1.12283
1.3488
0.888744
1.71068
1.65538
0.864171
0.893227
1.08556
0.877149
1.30061
1.16137
0.960804
1.1299
1.351
1.01216
1.06549
0.931726
0.930508
0.918221
0.941326
1.48527
0.898121
1.0066
0.958388
0.85431
0.905003
1.15482
1.07667
1.75538
1.18627
1.57225
1.29338
1.13648
1.00322
1.43498
0.966453
1.17188
1.34231
1.27097
1.14843
1.00748
1.29237
0.995186
1.34204
0.896053
1.12972
0.912562
0.989663
0.911937
0.99157
1.13117
1.13854
0.877916
1.07464
0.958479
1.35241
1.70505
1.2349
0.923426
1.23917
1.21521
0.978506
0.889692
1.10286
1.34697
0.929091
1.13649
1.20374
1.25598
1.06788
1.03892
1.04292
0.901541
1.17058
1.10545
0.906097
1.34047
1.06812
1.36921
0.898902
1.42124
1.3927
1.26023
1.15004
1.57293
0.949543
1.65271
1.14734
1.03807
0.874981
1.42749
1.11022
1.54947
1.30916
1.28979
0.872704
0.963686
1.29691
1.15971
0.864678
1.23826
1.25012
0.873864
1.52564
1.01968
1.0124
0.912902
1.10123
1.40384
0.932361
1.80337
2.05806
1.37266
2.31904
1.86756
0.885469
0.889994
0.962307
0.86733
1.45493
1.07838
1.09652
1.33268
1.2599
0.927063
1.00035
0.968109
0.893789
1.18403
1.60963
0.879574
1.35384
0.93161
0.876798
1.15714
1.19529
0.868974
1.40049
0.890988
1.04298
1.13324
1.00511
0.942747
1.11613
1.24588
1.1375
0.985539
0.908517
1.10773
1.13041
1.04262
1.20853
1.00244
1.59412
1.06386
1.87553
1.16425
1.36345
0.931585
2.69473
1.05086
1.05544
0.85568
0.972327
1.20266
1.41095
0.853583
1.18545
1.13337
0.913795
1.42601
1.70747
0.853576
0.928545
1.54949
0.930193
0.955926
1.25906
0.987853
1.65071
1.49881
1.09171
1.08869
0.960842
0.944993
0.883196
1.04081
0.92961
1.11396
0.896564
1.06837
1.1757
1.00033
0.910145
0.995103
0.876143
0.866721
1.01353
1.48586
1.01172
1.5637
1.41771
0.9002
0.948379
0.963964
1.40215
0.901031
0.896852
2.12508
1.676
1.12541
1.01967
1.24245
1.19073
1.71243
1.01495
0.892141
0.885011
1.063
1.17222
0.902348
1.16944
0.8531
1.19755
1.24712
1.26347
1.07465
1.29104
0.935801
0.887407
1.15457
0.868072
0.92064
1.23945
1.14935
0.911855
1.81752
1.15441
0.896448
1.49426
0.897016
0.885818
0.960662
1.40465
1.7276
0.981352
0.85568
0.976236
1.32351
0.958431
0.973418
0.999995
0.954807
0.963429
0.943335
0.954308
1.26127
1.02823
1.11089
1.06685
1.22787
1.30666
1.04965
0.9568
1.05982
1.1572
0.961758
1.2359
1.23687
0.886983
1.79055
1.37268
1.20428
1.42275
1.24814
1.46229
1.07194
1.22151
1.09506
1.89596
0.928708
0.887196
0.868662
0.870527
1.79755
1.12061
0.953734
1.76833
1.2793
1.3681
1.52421
0.974682
0.857546
1.43507
1.07368
1.38549
1.1646
1.25311
0.958429
1.06232
1.10299
2.00798
1.39303
2.0226
0.86222
1.01826
1.27853
0.852191
0.873653
0.99328
0.925233
1.15891
1.02982
0.98887
0.99318
0.999343
1.27412
0.933738
0.869826
0.952917
0.91811
0.86895
1.119
1.20083
1.76115
1.1442
1.6859
0.964508
1.45117
1.1244
1.27306
1.48817
1.0704
2.11822
1.26691
1.24272
1.7634
0.953535
0.962655
1.47986
0.915589
1.00537
0.965089
0.897214
1.18677
1.14449
0.933389
0.864173
1.05454
0.980377
1.05303
1.26323
1.28215
0.856229
1.11111
1.01246
1.00811
1.89115
0.950521
1.19046
1.14012
1.4807
1.00742
0.913351
0.999928
1.09931
1.15834
1.18636
1.25059
1.12035
0.873992
0.851496
1.96228
1.0341
1.21973
0.901981
1.66827
0.891481
1.31121
1.00851
1.57528
0.86308
0.873811
1.11142
1.83232
1.16855
0.854932
0.908626
0.907957
1.67395
1.39633
0.93494
1.66311
1.00662
1.24481
1.32145
0.984413
2.66964
1.05306
0.989066
1.73039
1.08788
0.882495
0.926115
1.15584
0.948722
1.27128
1.02477
0.858612
1.32572
0.935765
1.08385
1.10116
0.878591
1.49666
1.12588
0.975501
1.0919
1.16015
1.0121
0.852716
1.05345
1.30685
1.17043
1.08094
0.977893
1.02145
1.09079
0.929344
1.2209
1.55228
0.854813
1.38871
0.934132
1.19257
0.982503
1.03698
0.93288
1.14508
1.04642
0.948048
0.998773
0.955723
0.921874
1.00916
0.952165
1.14307
1.01541
0.995894
1.09018
1.13666
0.97796
1.00302
1.09885
0.924561
0.898441
0.905235
1.10632
0.867099
1.32024
1.6736
0.921661
1.20276
1.07267
1.66982
1.1609
1.08471
1.33761
0.931756
1.58572
0.979207
1.09831
1.08438
0.859927
1.01942
0.952707
1.12052
1.31563
0.89036
0.885124
1.00414
1.5315
1.12472
0.862447
0.913092
0.853838
0.946886
0.960711
0.984595
1.13659
1.73365
1.32519
1.13102
1.34128
1.10432
1.20616
1.00082
1.13422
2.15027
0.997955
0.985207
1.20099
1.06372
1.02538
0.903055
1.11897
1.37806
1.42251
1.27085
2.0691
0.968483
2.04151
1.14368
1.12622
0.974533
1.04598
0.986172
0.901774
1.14257
0.948686
1.12532
0.976591
0.883749
1.01158
1.07642
1.01612
0.881332
1.57579
1.45153
1.17784
1.13725
0.941769
0.886208
0.96315
1.49867
1.01788
0.971767
1.16503
1.95106
1.49142
1.03171
0.951143
1.10852
1.92327
1.24023
0.928532
1.16757
1.09386
0.967171
1.03167
1.53063
1.31105
1.31959
0.862709
1.01458
1.06748
1.09382
1.18816
0.948067
1.02508
0.906987
0.933341
1.29381
1.28712
1.10328
1.1082
1.47369
1.09117
0.972718
1.21849
1.32663
1.44032
1.142
1.17133
0.957746
0.898166
1.25255
1.63485
1.55361
1.11367
1.52175
1.18461
1.29746
0.905575
0.956506
1.15763
1.14426
1.42611
1.29994
1.97623
0.867189
0.963093
0.907709
0.948508
0.923861
0.863659
0.932418
1.18768
1.243
0.974783
0.929421
1.07412
1.69196
1.28979
1.15762
1.54706
1.04711
0.898106
0.869699
1.99461
1.39033
1.13265
0.976498
1.17596
1.32472
1.04691
1.04482
0.889673
1.34011
0.85477
1.16816
1.57053
1.91295
1.03377
0.878769
1.20433
1.20666
1.23974
0.872598
1.31111
1.40091
1.05847
1.11012
0.923418
1.01386
1.5063
1.6446
1.48464
0.922253
1.28074
2.23472
1.05362
1.31966
1.32852
0.90574
1.09425
0.939114
1.54159
1.08825
0.903856
1.24213
1.15748
0.859679
1.47858
1.71155
1.02112
1.2641
0.994555
0.897436
1.15834
0.973779
0.965251
0.952486
1.20175
1.72041
1.22498
1.09677
0.972097
1.45369
1.27779
0.909825
1.26334
0.957748
0.976378
0.854258
1.27036
1.07746
1.60227
1.3254
1.40337
1.06812
1.53264
1.57866
1.36772
0.866372
1.36229
1.51266
1.2939
2.03878
0.940484
1.31537
0.995947
1.09879
1.28555
0.884273
1.00366
1.62012
0.9358
1.02959
1.09045
2.28221
1.08039
0.981448
1.2812
1.13073
1.26193
1.0524
0.900687
1.20302
0.981014
1.76966
1.1327
1.18511
1.30421
0.867517
0.889424
1.20233
1.37917
0.965097
0.951486
1.48016
1.11459
1.11838
1.02835
1.16619
1.11645
1.43795
0.972533
1.12414
1.04361
1.02627
1.05416
1.6908
1.18689
1.72411
1.53047
1.01433
1.03354
1.58064
0.88437
0.995535
1.18698
0.986682
1.01837
0.916017
2.32012
1.24094
0.931754
1.09526
0.875909
1.0571
1.41107
1.52358
1.16639
1.92058
1.4048
1.03787
1.20003
0.958142
0.866792
0.858011
0.85266
1.20733
0.876896
1.58349
1.01133
0.85236
1.00852
1.069
0.927936
0.92814
1.32963
1.75615
1.14921
1.10553
0.945399
1.33061
1.4998
1.54846
1.12397
0.921634
0.85056
1.00066
0.952758
1.56295
1.0381
1.32004
1.05126
0.977559
1.68828
1.16362
1.00231
1.04835
1.1136
0.922668
1.35398
1.29014
0.981513
1.38464
1.04475
0.965277
1.15757
1.19398
1.19694
1.41033
1.08115
1.386
0.988157
0.911967
1.36342
0.927632
0.983659
1.17704
1.22828
1.23454
1.25866
1.46803
0.904799
0.882504
1.2869
0.874835
0.971469
1.25697
1.27759
0.961525
1.90469
1.45858
1.72145
0.851449
1.86245
0.884589
1.49012
1.18686
1.3935
0.950362
1.1762
0.865261
1.09148
1.02793
1.44059
0.92548
1.13399
0.912079
1.89391
0.909294
0.981494
1.13114
1.70898
1.10486
1.19449
1.17351
1.44548
1.40633
0.90016
1.17048
0.932067
0.977127
1.29131
0.856078
0.882695
0.9333
1.37532
1.0729
1.30579
2.03289
1.12257
1.03512
1.14623
1.25692
1.11272
0.961205
1.13267
1.11473
1.23989
1.59471
1.20127
1.30033
1.67048
1.42866
0.852667
1.47304
1.27137
1.13259
1.14059
0.851782
0.87439
1.02918
0.94875
1.09312
1.02328
1.05648
1.2657
1.09804
1.44037
1.08197
1.19412
0.957431
1.24226
1.25289
0.981808
0.944892
0.997747
1.01656
1.53969
1.30652
1.38871
0.983517
0.971966
1.64896
1.01985
1.54453
1.21981
1.32227
1.07651
1.0234
1.14556
0.979636
2.47238
1.35026
1.57748
0.94831
1.56045
1.04017
0.932165
1.08156
1.2618
1.36501
0.869609
1.01929
0.857995
1.67815
0.883134
0.956378
0.991149
1.09381
0.966085
1.51657
1.00198
0.990339
1.00837
0.97232
0.911207
1.6975
1.0001
1.53275
0.889433
0.972497
1.89118
1.36396
1.6271
1.43517
0.930063
1.2677
1.09233
0.914778
1.21906
1.01528
0.960853
1.43344
1.36602
1.64802
1.17638
1.19318
1.38821
1.22059
1.52054
0.873695
0.880033
1.01553
1.04539
0.936734
0.940634
1.83596
0.860831
1.25981
0.940279
1.15576
1.00143
0.942972
1.35622
1.07201
1.10987
0.924112
1.28577
0.92854
1.25777
1.85994
0.880156
1.34683
1.30151
1.10818
0.8813
1.04403
1.06204
1.4194
0.934775
1.10249
1.09696
1.28216
1.15935
0.927682
1.15092
1.33724
1.58204
1.14509
0.924474
0.980059
1.13707
0.983871
1.52731
0.886629
0.940471
1.01505
0.867409
0.912812
1.17618
1.4152
0.906689
1.44118
1.00379
0.945912
1.00264
1.09313
1.16866
1.26191
0.891641
1.06271
1.01508
0.894993
0.955254
0.89616
0.903562
1.3847
0.936659
1.24494
0.920325
0.922177
0.86831
0.883781
1.15071
1.31714
1.18207
0.871566
1.31345
1.48189
1.57733
0.938546
0.931056
0.957168
0.926447
1.08883
0.879234
1.33046
1.38185
1.88943
0.851552
0.972396
1.02045
0.913643
1.36309
1.02611
1.38836
0.881499
1.06958
1.55645
0.902375
0.979993
1.60954
1.54473
0.945296
1.0762
0.979986
0.958395
0.96985
0.927543
0.905922
0.971145
1.11084
1.41051
1.93274
1.62569
1.35152
0.959926
0.914014
1.4242
1.33809
0.960469
1.50403
1.18727
1.12519
1.06976
1.61087
1.646
1.47513
1.48137
0.993495
0.880213
1.31528
1.04686
0.965584
1.22554
1.27093
0.867617
1.52291
1.215
0.963572
0.861526
0.854458
1.30263
1.29554
0.947912
1.01528
0.929777
0.976107
1.80027
0.924394
1.19909
1.94383
0.914797
1.13287
0.883266
0.954428
1.42184
1.00959
1.30417
1.14519
0.910209
0.986502
0.858003
1.00492
1.05944
0.88891
1.0858
1.60021
1.04019
1.57009
1.10325
1.32554
0.922226
0.951546
0.904745
1.19739
1.40849
0.985156
0.967055
1.74761
0.956446
0.987955
1.65075
0.897014
1.07508
1.62689
1.76269
1.68592
1.25771
1.52731
0.94129
1.02685
1.33316
1.15781
1.11936
0.925111
0.950877
0.857745
1.19518
1.05163
1.32513
1.24487
1.17339
1.88851
0.878416
1.1005
1.07138
0.935192
1.02076
1.25719
0.969689
1.5594
0.951114
1.0735
1.03332
0.859461
0.870282
1.43202
1.00299
1.07474
1.0806
1.13265
1.36493
0.944253
0.998688
1.36002
0.974862
0.911894
0.979966
1.34742
0.916655
1.53726
1.12712
0.966599
1.32566
1.00594
1.27998
1.18511
1.45792
0.915332
0.901869
1.49374
0.91526
1.33464
0.894899
0.892859
1.36329
1.26497
0.954787
1.32605
1.40863
0.895919
1.07795
1.31657
1.25728
0.909059
1.1305
0.992789
1.0576
1.37773
1.02813
1.15468
1.02113
0.969078
1.03056
1.96925
0.918113
1.1119
1.03241
0.990718
1.23412
1.22272
0.963536
1.39144
0.886209
1.33341
0.863321
1.00376
1.43187
1.22346
1.17108
1.24523
1.5042
1.68322
1.02291
1.08673
1.5099
1.29276
0.905859
1.52626
1.21437
1.02169
1.0875
0.876272
1.38377
1.99403
0.864007
1.47366
0.928434
1.10135
1.17057
1.09401
1.23905
1.07121
0.967195
0.938515
0.853098
1.49433
1.21051
0.863327
1.57822
1.21016
1.09936
2.20551
0.877152
1.07468
1.17668
1.35554
1.38427
1.23596
0.854841
0.92562
0.962931
1.61093
0.877472
1.07499
1.3227
0.952452
0.884442
0.943981
0.927913
0.93953
1.38173
1.35761
1.36296
1.18178
0.986381
1.28365
0.991522
0.850121
0.854985
0.895298
1.19725
1.07717
0.871739
1.45833
1.24048
0.882598
0.876545
0.884131
1.15091
1.08273
1.48558
1.21312
1.26734
1.33987
0.880322
1.02185
1.61037
1.00495
1.39702
1.01956
0.967809
1.02524
1.71927
1.56666
1.00969
1.12127
1.23994
1.00626
0.86483
1.40923
1.54533
1.19962
0.96422
1.08237
1.30154
1.06727
0.916222
1.84601
0.993464
1.11684
0.963395
0.975641
1.16206
1.28864
1.14018
0.936156
1.47762
1.16537
1.37854
1.12999
1.33689
1.09815
0.969088
1.10395
1.46012
1.30733
0.908787
1.00957
1.42066
0.917201
1.6744
1.00228
1.10189
1.06016
1.14985
1.1066
1.07068
1.09506
1.0719
1.17287
1.08145
1.02814
1.33264
1.30103
1.3783
0.909638
0.919569
1.0264
0.957844
1.46794
0.964243
1.17541
1.44178
1.07114
1.44049
1.11219
0.885322
1.33961
0.916778
0.954825
1.40749
0.916955
1.76719
0.861887
1.31323
1.13503
1.16133
1.01478
1.26846
1.21901
1.00917
0.904124
1.0488
1.05568
1.37626
0.926995
1.17978
0.989719
0.899472
1.8719
1.1265
0.882212
1.13386
1.37882
0.907923
1.01542
1.09354
1.08183
0.971766
1.11507
1.07908
1.09904
0.856522
1.18163
1.91398
0.922058
1.18166
1.34041
1.09323
1.08976
1.07466
1.47527
1.24804
1.23931
0.910307
1.05257
0.917025
1.02942
0.945322
0.905601
0.905458
1.02697
1.29553
0.873132
1.29946
1.00869
1.2794
0.87714
1.13721
1.1128
1.48134
1.85557
0.915621
0.869324
1.16282
1.36546
1.00505
0.963474
0.948542
1.9691
0.87418
0.901424
1.09109
1.05558
1.17959
1.39303
0.860785
1.20927
1.09471
1.38296
0.901241
0.888159
1.966
1.59094
1.62032
1.1983
0.953338
1.31026
1.01294
1.17706
0.925748
1.46689
1.03156
1.0966
1.56027
1.45549
1.70418
1.06884
1.38254
0.853208
1.0981
1.01031
1.4405
0.854514
0.959375
1.19669
1.37727
1.60756
1.02159
0.97462
1.81519
1.3057
0.926628
1.18406
1.03887
0.93337
1.11642
1.10263
1.19186
1.61402
0.858838
1.05442
1.39593
0.96093
0.980357
0.917756
0.965755
0.86446
1.03702
1.10387
1.10327
1.00565
1.0711
1.13865
0.989208
1.02036
1.11774
1.37378
1.22546
1.32386
1.43183
1.09026
0.901512
0.99174
1.14762
0.880132
0.976116
1.17494
1.42255
1.24226
0.957766
2.19573
1.46841
1.40592
1.2924
1.15373
1.28164
0.980571
0.930893
1.03432
1.05111
0.998964
1.45404
1.58603
1.20183
1.17933
1.46973
0.893556
1.15257
0.899808
1.21852
0.897962
0.893403
1.62259
0.871226
1.04651
1.26081
0.964501
1.20266
0.878489
0.942555
0.880539
0.889992
0.928566
1.00961
0.979586
1.21793
1.39218
1.6702
1.36541
0.864486
0.97452
0.889938
1.30317
1.00178
1.55691
1.07932
1.36311
1.17061
1.0409
1.15439
1.02169
1.4231
0.863233
0.927007
1.2129
0.864537
1.30187
1.00391
0.864102
1.01712
1.08402
0.944517
0.939706
1.22742
1.18765
0.912383
0.942571
1.008
1.23679
1.21733
0.969581
1.19225
1.04824
1.13121
0.988315
1.02679
1.08978
1.00896
1.40953
1.3558
1.09116
1.00892
0.861037
0.96085
1.1394
1.0731
0.903169
1.02307
0.865211
0.864198
1.31705
0.898185
1.00989
0.926847
0.909431
0.875471
1.16936
1.32355
1.25225
1.06184
0.965769
1.10359
1.75216
0.884685
1.17578
1.19919
1.22312
1.52956
1.28487
0.850609
1.71595
0.905747
1.25096
1.55008
1.19708
1.15765
1.37568
1.13745
0.965073
1.13257
1.11246
1.98683
1.6904
0.878925
1.1567
1.11429
1.45547
1.0495
0.893722
1.08779
0.928665
1.44991
1.30513
1.32514
1.08702
0.926496
1.13104
1.45401
1.37425
0.881095
1.03308
0.982085
0.996084
1.09878
1.23808
0.850797
1.21886
1.23991
1.02348
0.935772
1.18616
0.864193
1.13877
1.0463
0.937616
1.8611
1.16716
1.19455
0.968081
1.5642
0.928175
0.954876
1.12293
0.876149
0.853373
0.868491
1.39014
0.90016
0.932976
1.37136
1.01363
1.46978
0.993176
1.03158
0.893974
1.09256
1.57964
1.54688
1.39307
0.959631
0.862346
0.938911
1.33509
0.947616
1.13544
1.42135
1.42977
1.09009
1.11482
1.50417
2.32035
1.02428
1.00105
0.872933
1.86201
2.0982
1.25445
0.88116
1.32621
1.654
0.88072
1.29021
0.876041
0.868166
1.58881
0.910125
1.18353
0.966781
1.01799
1.08555
0.906369
1.16198
0.993379
1.12624
0.960287
1.29551
1.85035
1.01356
1.35162
0.90407
1.31684
0.913339
1.4994
1.41533
1.38232
1.46958
0.987497
1.14681
2.07205
1.14174
1.08755
0.98499
0.907776
0.931114
1.50281
0.942878
1.1333
1.11908
1.12502
1.41559
0.954894
0.855093
0.891528
1.13282
0.907821
1.23842
1.42505
0.966827
1.58188
0.900698
1.08254
1.06698
1.17794
0.915744
1.53372
1.13882
0.990493
1.47648
1.15467
1.33745
1.06482
1.39759
0.885581
1.27605
1.02132
1.11832
1.05673
0.888059
1.30271
1.18319
1.35591
0.937618
0.976626
0.87809
1.01666
1.55189
0.980806
0.962606
1.30964
0.956221
1.57201
0.944961
0.966086
0.962717
1.31366
1.26449
1.10977
0.923337
0.928947
1.71153
1.09551
0.924363
0.89414
1.12624
1.70434
2.05908
1.09469
1.21444
1.0939
1.27642
0.995495
1.16695
1.28457
1.17189
1.39279
1.01154
0.932161
1.42237
1.34573
1.16426
1.1827
0.896213
1.14491
1.03406
1.3632
1.44947
0.974934
1.59483
1.34092
0.989271
1.4541
1.2544
0.947115
0.856106
1.06774
1.18842
0.96945
1.88951
0.886517
1.22575
1.06905
0.888459
0.998963
0.929287
1.35069
1.25159
1.35636
1.29025
0.932527
1.02335
1.54156
1.04156
0.954558
0.914639
0.910315
1.01206
1.16007
0.893743
0.910692
1.13611
1.71786
1.98403
0.863794
1.05645
1.01676
1.61166
0.878713
1.1997
0.931141
1.63911
1.11274
1.41732
1.02049
0.972756
0.878155
0.96314
1.72092
1.19406
1.48593
1.01909
0.939104
0.869908
1.29459
1.18431
1.96642
0.994701
1.27741
1.44171
1.04163
1.23755
1.0228
0.972165
1.00073
0.957889
0.977601
1.24978
0.912915
1.30559
0.947307
1.39929
1.24116
1.06845
1.01861
0.896147
0.980883
0.951385
0.926625
1.148
1.16214
0.980078
1.07292
0.880756
0.865411
1.73154
0.856836
0.99493
1.2251
1.18458
0.980696
0.859695
0.852273
1.07875
0.943774
1.32656
1.1311
0.88974
0.868187
1.02678
1.05602
1.09998
1.35336
1.33351
1.18339
0.929674
1.51633
0.954355
0.85772
0.922245
1.16585
1.0087
1.45782
1.23661
0.925612
1.62325
1.84759
1.12127
0.852321
0.977191
0.944497
1.02365
1.11314
1.07332
0.989209
1.0838
1.65991
1.41603
0.942932
1.63839
1.3489
0.878744
0.865083
0.929005
1.17327
1.00487
1.14055
1.11714
1.03922
1.27473
1.19294
1.09032
0.919079
1.36668
1.37462
1.17529
0.942035
0.92888
1.10797
1.27017
0.950665
0.897831
1.10314
1.00245
0.858588
1.06423
1.18979
1.30141
1.03381
0.941717
1.1668
1.59983
1.34921
1.22243
1.08634
1.08011
0.990892
1.47556
1.45462
1.50787
1.09545
1.54921
0.911395
1.73366
1.02694
1.50912
1.21215
0.907697
1.24287
0.951993
1.17047
1.06658
0.918899
1.31072
0.935313
0.995144
0.88672
1.18398
1.04071
0.928008
1.00421
1.44235
1.11341
0.884496
1.47615
0.888517
1.1906
1.36799
0.939004
0.883055
1.20156
0.957796
1.38574
1.33126
0.864849
0.850875
1.02056
0.914583
1.34343
0.865099
0.955916
1.30039
0.984955
0.984618
1.15259
0.94657
0.88505
1.06314
1.25492
0.921791
1.09345
1.33694
0.913991
1.90531
0.865063
1.07971
1.68378
1.00447
2.00658
0.865126
1.4843
1.62557
0.983809
0.873068
0.882037
1.41659
1.1434
1.49435
1.48757
1.18362
1.7417
1.34556
1.14851
0.886159
1.26299
1.19478
1.2134
1.29381
1.64741
0.888759
0.859362
1.0021
1.68104
1.11563
1.10921
1.05741
1.01589
1.37122
1.28978
2.03529
1.05096
1.82581
0.907164
1.39653
1.36089
1.30605
0.91078
0.860156
1.13509
1.28752
0.911903
0.993612
1.19775
1.22324
0.924621
1.54272
0.974431
0.994177
0.956232
1.11755
1.80694
0.884301
1.72458
1.06628
0.918796
1.2963
1.18168
0.994279
1.10409
1.10582
0.938201
0.978886
1.22634
1.27257
0.870489
1.15651
1.18724
1.16282
0.945073
1.50105
1.66521
1.37878
1.01333
1.43554
1.39225
1.13369
1.77461
1.34072
1.16994
1.34396
1.10438
1.03751
1.05485
1.111
0.862019
1.49401
1.02148
1.35402
1.02754
1.46684
1.24899
0.951999
0.940573
1.38678
1.02968
0.932635
1.5109
1.25174
1.21891
1.30464
1.40477
1.63268
1.24496
1.43095
1.28667
1.4386
0.979704
1.5855
0.955166
1.35019
1.82242
1.43267
1.1561
1.17371
1.19254
1.24762
1.46671
1.71568
1.53955
1.19874
0.984847
1.02937
0.869618
0.906696
2.18194
0.978635
0.88744
0.880533
1.33811
1.0408
1.19165
1.01725
1.05601
1.01587
2.00099
0.850959
0.868431
0.95198
1.67035
0.90198
0.989334
0.881651
0.855152
1.10503
1.79463
1.01038
0.898494
1.22616
1.66403
0.982791
0.854028
1.58725
1.06407
1.44311
1.31627
1.18365
1.04816
1.03729
0.922172
1.21204
1.88584
0.984325
0.9189
0.861589
0.974977
1.74391
0.900232
0.96127
1.01294
1.17114
0.945461
1.02546
1.13792
0.912495
1.03327
1.71332
0.907775
0.872814
1.21962
1.1716
0.88189
0.925743
1.09011
1.8227
1.23081
1.51728
1.28347
0.937102
1.02874
2.552
0.876034
1.01532
0.963342
1.43205
1.23465
0.900492
1.20466
1.40936
1.00994
0.895325
0.873543
0.872065
0.961011
1.30032
1.02343
1.04381
1.77712
1.07068
1.22681
1.17611
1.20445
1.94267
0.976097
1.29034
1.02579
1.22638
1.18169
1.83674
1.41347
0.922877
1.29597
0.850124
1.12415
1.33089
1.22034
0.9636
1.06299
1.58722
1.26139
1.27764
1.06038
1.53133
0.871828
0.909022
1.14637
1.51257
1.07868
1.37757
1.32364
0.877575
0.997111
0.932895
1.2965
0.881396
1.15942
1.23439
1.03823
0.955822
0.905046
0.850886
1.01994
0.913409
0.8867
1.15503
1.05382
0.995574
1.06606
0.904335
1.24786
1.25127
1.28715
1.19569
0.91855
0.969281
0.91368
1.22085
1.07077
1.38069
1.07014
1.2653
1.10741
0.893681
0.943476
1.26881
1.46305
1.49357
0.938701
0.906538
1.04504
1.14762
1.24749
1.3764
1.63737
1.11451
1.38096
1.42389
1.54788
1.69003
0.9136
1.43829
0.983678
0.853531
0.936616
1.03098
0.976186
1.77914
0.910026
1.22117
1.25206
1.18527
1.50827
0.935529
0.981957
0.982827
1.33898
1.02263
1.20169
1.28296
0.994215
0.954901
1.01924
0.977543
0.993806
1.16074
1.33615
0.956794
0.853945
1.89815
1.12425
0.92608
0.985028
1.04624
1.09792
1.1615
0.996375
1.41451
0.901943
0.862141
0.970024
1.08204
1.1538
1.63548
1.9445
1.52815
1.45326
1.22159
0.884833
1.08229
1.04374
1.30758
1.93492
1.94878
2.12697
0.999639
0.966387
1.66505
0.996372
1.08069
0.891768
1.0654
1.19671
1.37631
0.879828
0.998411
1.29016
1.26349
0.897876
1.94232
0.888695
1.64977
0.928787
1.19659
0.86031
1.15651
0.915409
0.855678
0.877291
1.37173
1.58937
1.17245
0.925912
0.879749
1.23661
1.24631
0.883559
0.912786
1.01433
0.948969
0.885366
1.60265
0.871308
1.01249
1.05852
0.874134
0.863482
1.49162
0.884828
1.12992
1.08193
0.880334
1.42893
1.02123
1.08126
0.865797
0.867788
1.71926
1.0582
1.59556
1.21719
1.2763
0.890602
1.16998
0.941016
1.03154
0.906884
1.32405
1.19036
2.06292
1.08514
0.884405
0.87362
1.47388
1.34902
1.52481
1.06855
0.871247
1.30934
1.20564
1.11858
1.12972
1.50201
0.903121
0.934572
1.00642
0.92508
0.976371
1.06889
1.30105
0.941622
0.850819
1.00269
0.882884
1.09177
1.54404
0.979365
1.32055
1.58168
0.885715
1.10073
0.916636
0.941593
1.0115
1.18699
0.857713
0.856983
1.29009
1.38097
1.39658
0.939491
1.31051
0.930902
1.07106
0.93056
0.970647
1.1259
1.03694
1.0304
0.937223
0.986269
1.20602
1.61837
1.33901
0.897552
1.15767
1.09982
1.02872
0.866823
0.888317
1.04672
1.51017
0.957403
1.78156
1.07416
0.942322
1.52405
0.971187
1.32353
0.972242
1.07151
1.33551
0.945443
1.22457
1.81629
0.945241
0.906212
0.868128
0.91969
1.57982
1.75642
0.891461
0.901143
1.00865
2.02298
1.14946
0.905826
1.02048
1.30361
0.851302
0.877473
1.2167
1.70389
0.864407
1.25648
0.936587
1.03741
1.28889
1.42965
1.02637
1.29027
0.969207
1.21685
1.085
0.911937
0.959217
1.19585
0.898989
1.10816
0.956774
1.43799
0.954728
0.867343
0.911426
0.927355
1.45115
1.82905
0.929821
0.865138
1.39171
0.933916
1.38137
1.48789
1.02704
0.931811
0.973943
1.15622
0.998189
1.18904
1.15396
1.19435
1.32622
1.24598
1.2748
0.924782
1.10217
1.03855
1.04515
1.0629
1.36484
1.19829
1.15353
2.14784
0.929427
0.903002
0.883569
0.917053
1.16385
1.19528
2.16663
0.95264
1.35045
1.15078
1.33016
1.01222
1.3644
1.7231
0.884384
1.07165
1.04658
1.22314
1.07606
0.937998
1.18665
1.18061
1.46062
0.87767
0.932645
1.05027
1.12869
1.34074
1.17363
1.39088
0.895065
1.95053
1.10641
1.5588
1.28007
1.17807
1.45631
0.992716
0.966627
1.12269
1.2787
0.918386
1.27692
1.14608
0.882931
0.850848
1.49829
1.00396
1.05973
0.953575
1.00165
0.850125
0.936119
1.72383
1.13343
1.44449
1.00666
1.36968
0.908659
1.30812
0.887655
1.0552
1.81831
1.8779
1.62697
0.879733
0.873092
1.26325
1.22554
1.71836
1.39386
0.88852
1.00786
0.851702
0.892356
1.37794
1.03006
1.35533
1.25115
2.23955
1.11415
1.24428
0.995248
1.03571
1.24097
1.14871
0.916969
1.01274
1.07686
0.883686
0.886201
1.07564
0.956829
1.6623
1.44651
1.16916
1.03836
1.7067
1.4936
1.43728
1.2216
1.1477
1.56766
1.24976
1.0924
0.929747
1.56719
1.57125
1.18983
0.992571
1.16281
0.890409
0.857957
1.43789
1.18831
1.43722
1.20244
0.996664
1.45965
0.905317
1.40677
1.35052
0.96317
1.25019
0.921841
1.2461
1.33577
1.24816
0.914287
2.0551
0.861504
0.866881
1.50622
1.6707
1.48164
0.945298
1.36845
0.975138
0.945322
1.16883
1.11452
1.13051
1.63465
0.858836
1.06936
1.92473
1.15593
1.12726
1.18912
1.13794
0.916286
1.35408
0.855848
1.21603
0.912609
1.8636
0.892252
1.28723
1.26341
1.25167
2.14351
1.32918
0.986383
1.45013
1.03874
1.08072
1.20288
1.19842
1.0617
1.66694
1.50969
0.975253
0.988235
1.55528
1.6037
0.907764
1.33547
1.27519
1.17091
1.16354
1.79251
1.09276
1.02408
1.34564
1.39884
1.06903
1.08818
0.886474
1.11556
1.15627
0.94878
1.60197
1.09605
0.9591
1.26862
0.870556
0.917614
1.07072
1.32635
1.02713
2.02127
1.19876
1.49912
0.895865
1.25556
1.11408
1.18282
0.922692
0.870557
1.43267
1.33235
1.43418
1.39494
0.860686
0.96858
1.14303
1.03681
0.985608
0.88879
1.63569
1.14997
1.09454
1.17864
0.872687
2.00241
1.09567
1.71319
1.2242
0.971158
1.33405
1.29455
1.0769
1.20824
1.84669
0.975249
1.05312
1.40631
1.01963
1.22034
1.03284
0.883739
0.95018
0.861659
0.93536
0.855473
1.34201
1.04277
1.07142
0.876574
2.135
1.04557
1.42981
0.860383
0.95203
0.881119
1.40935
0.90536
0.985459
1.78364
0.870173
1.18043
1.7299
1.26226
1.21258
0.87241
1.14035
0.928572
1.20187
1.0767
1.60053
1.36035
1.31112
1.21869
0.906581
1.14537
1.38564
0.966642
1.61188
0.964503
0.947755
1.09814
0.944785
0.919969
0.872952
1.07229
1.06918
1.37379
0.90278
0.900448
1.02564
1.19349
1.10361
1.5808
0.887362
0.876028
1.49243
2.18793
0.928686
1.22864
1.13415
0.979326
1.06673
1.21753
1.06897
1.35531
0.856891
1.05196
0.855731
1.92032
1.24516
0.865395
1.39425
0.858372
1.32689
0.984977
0.998142
0.882563
1.17442
0.873734
1.60465
1.09997
0.977213
0.918525
0.919447
1.09211
0.935207
0.911838
1.37674
1.13633
1.34205
1.13953
1.44282
0.943933
1.76271
1.02111
1.34749
1.43988
1.28824
1.3281
1.00353
0.912236
1.02384
1.0176
1.0537
1.04656
0.885735
1.30659
1.42515
1.00265
1.19017
1.21472
1.02577
1.2811
0.863617
1.57644
1.4411
1.08587
0.878689
1.49187
1.08433
1.07083
0.910029
1.27617
1.26524
1.25798
1.3496
1.52397
1.36474
1.3051
1.20502
1.10031
1.46279
1.32201
1.32074
0.953491
1.37841
1.04972
0.939701
0.895327
1.2677
0.995075
0.880325
1.47283
1.42628
0.894289
1.04869
1.52801
1.10564
1.01448
1.05369
1.33468
0.877707
1.15192
1.10907
1.25449
1.25088
1.56377
0.993771
1.89132
1.41797
1.24273
0.9267
0.880203
0.972271
0.856277
1.42792
1.05695
1.12065
1.53126
0.997323
0.850714
1.67702
1.05091
1.05043
1.11647
0.909647
0.87315
0.867547
1.07396
0.987136
1.29815
1.72171
0.918965
1.17533
1.09266
1.00122
1.07486
1.04501
0.945233
1.37853
1.71965
1.43224
1.14095
1.23981
1.39045
1.01435
1.55356
0.931414
0.946637
0.955416
1.04668
0.901798
1.32571
1.14265
1.21917
1.08897
1.87711
1.2906
1.09991
1.42926
1.65507
1.44712
1.54079
1.13809
0.934602
1.33668
1.05653
1.04971
0.881445
1.23519
1.60265
1.30727
0.947997
1.11298
1.54049
1.47054
0.902511
1.00039
1.34967
1.12413
1.45627
1.46151
1.66621
0.879337
0.936233
0.9184
1.52461
1.18993
0.931074
1.44693
1.1412
1.09113
1.41037
1.444
1.2712
0.868946
1.05021
1.16956
0.990394
1.46338
1.2151
1.21227
0.850443
1.22565
1.15334
0.996366
0.891888
1.6807
0.876896
0.903065
0.892919
0.872114
0.886906
1.77781
0.905295
1.47736
1.16659
0.856502
1.11307
1.23573
1.28177
2.6026
1.33462
0.877119
1.28746
1.61379
1.31087
1.03216
0.941
1.03495
1.13313
1.32762
1.11159
0.908913
1.21474
1.25356
1.64982
1.1056
0.956209
1.19531
1.33234
1.0395
1.36058
0.873361
1.21918
1.14804
0.899743
1.29717
1.28792
0.860932
1.37516
0.866013
1.09335
1.20338
1.34805
0.9019
1.12992
0.931247
1.34787
1.02794
0.878812
1.18265
0.910502
0.868556
1.34634
0.866669
1.34846
1.34
0.907986
1.24097
0.863341
0.997628
1.10627
1.24452
1.24874
1.00684
1.1028
1.80609
1.79295
0.889654
1.05398
1.60386
1.21394
1.0336
1.0153
1.38478
1.07996
1.07203
1.11044
1.32788
0.875845
0.958576
1.08881
0.890796
1.08151
1.84703
0.856997
0.85304
1.10345
1.30073
1.02996
1.05629
1.09647
0.899514
1.43038
1.71226
1.34302
0.884186
0.979603
1.05531
1.02042
0.953205
0.889355
1.10167
0.916114
0.967384
1.19134
1.21132
1.09214
1.08351
1.30899
1.36339
1.716
1.03693
1.13066
1.22863
1.0836
1.12048
1.00712
1.23566
1.27929
0.965055
1.05334
1.11571
1.177
0.942334
0.854434
1.35974
0.951023
0.940819
0.975259
1.07119
0.89863
0.853538
0.913033
1.54951
1.1106
1.06447
1.28651
0.908336
1.12226
1.28818
1.81427
1.098
1.11919
0.929995
1.26895
1.39907
0.857072
1.13665
1.4015
1.14792
1.2226
0.885277
1.2647
1.33584
1.10642
1.90661
0.899409
1.10469
0.988496
1.03567
1.04259
1.61474
1.00366
0.981996
1.5286
2.08443
1.02009
0.911874
1.326
1.15856
1.72825
1.21359
0.972216
0.986657
1.57971
1.67502
1.75847
0.852928
0.892477
1.23015
0.912738
1.18063
0.86021
0.913151
1.18682
0.900002
1.12686
1.28399
0.860626
0.88423
1.19112
0.865934
0.963133
1.05616
1.54257
1.45669
0.956155
0.977289
1.27488
0.949035
0.910582
1.19158
1.366
1.06315
1.04073
1.50805
1.2653
1.5499
0.852504
0.913073
1.07326
1.02461
1.1975
1.00331
1.08906
1.04476
1.15268
0.993906
0.915717
0.897622
1.00723
0.887244
1.84014
0.934628
1.49744
1.14238
1.2268
1.07878
1.8301
1.42043
1.0448
0.963151
0.883401
1.07073
1.26609
1.25197
0.950307
0.872745
1.17237
0.895298
0.872446
1.15793
0.922405
0.985896
0.904165
1.06218
0.906306
1.21007
0.870026
1.94867
0.880125
1.13965
1.10988
1.23729
0.979385
1.01643
0.896379
0.948625
1.06244
0.885183
0.961278
0.900623
0.880948
0.946033
1.00713
0.935377
1.04568
1.1831
0.912246
1.115
0.954252
0.980518
0.883273
2.34168
0.88101
0.906546
0.953266
1.3054
0.853977
1.09926
0.853138
1.20808
1.35609
1.5806
0.922833
0.890197
1.37031
0.857238
1.25331
0.976269
1.72558
1.25378
1.14519
1.01089
0.952551
0.986044
1.0429
1.02872
1.41992
1.43474
1.40526
1.3431
0.937865
1.02309
0.874498
1.45491
0.908694
0.934768
1.78543
0.930461
1.03573
1.31992
0.921424
1.07276
1.24088
0.999754
1.03945
1.0988
0.895988
1.07901
1.18997
1.04677
1.18122
1.35061
0.958907
1.35038
1.74766
0.947321
1.11479
1.22334
0.957216
1.84106
1.24556
0.955924
0.938653
0.945589
1.03404
1.28037
1.53441
0.904259
1.00893
1.01072
1.13038
0.983298
1.67077
1.28822
1.11937
1.0697
1.38524
1.32203
1.20282
0.880494
1.07144
1.40501
1.08147
1.45104
1.28996
0.926895
1.13588
1.70428
0.975708
0.934748
1.18126
1.32796
1.08505
0.961671
0.998814
1.15459
1.13407
1.46741
0.938886
0.854784
1.25193
1.35175
1.04974
1.08775
1.66869
1.09775
1.58237
0.911309
0.993204
1.019
1.06535
1.22139
0.923756
2.2841
0.876457
1.29131
0.862655
0.961399
1.25315
1.20053
1.18001
1.27538
0.929109
1.03942
1.04282
0.909071
1.25102
1.38415
1.17956
1.24684
1.0336
0.959222
1.44022
1.02336
1.53996
1.00275
1.08524
0.882589
0.871472
0.89591
0.866103
0.923059
0.883223
0.910847
1.3036
1.26604
0.934845
0.912948
1.23566
1.06274
1.14385
0.927574
1.02363
0.899577
1.22228
1.12282
1.20857
1.82524
0.957446
1.0015
1.09844
1.76122
1.13449
0.852313
1.09765
1.11284
0.880813
1.622
1.06484
0.957241
1.03139
1.59992
1.21408
0.959769
1.16705
0.882005
1.08371
0.873053
1.17801
0.980343
0.988427
0.952665
1.4267
1.2077
0.860401
1.07046
1.11231
0.972989
0.861471
1.17733
0.866796
0.92828
1.12296
0.925773
0.863891
1.46241
1.07488
1.0707
0.99643
0.854514
1.29656
0.860112
0.892161
1.0425
1.51233
0.898467
1.43873
1.335
1.19727
1.34651
1.2299
1.23265
1.02932
1.74879
0.875403
0.906423
0.947124
1.13805
1.09589
1.09875
0.935071
1.19685
1.41133
0.858459
1.02628
1.0427
1.24155
0.883934
1.11932
0.850353
1.29695
1.40694
0.956217
1.21399
1.39573
1.12327
1.19976
0.998384
1.43646
0.866654
1.23501
1.08009
1.03232
0.917655
1.07687
1.21532
0.926683
1.16569
1.05437
1.08009
0.987746
1.00597
1.38469
1.35513
1.34829
1.72017
1.45366
1.13393
1.22093
1.04031
1.48819
0.850036
1.12155
2.15509
1.05261
1.11393
1.43176
0.855895
1.77547
0.914
1.27483
1.19261
0.855654
0.977827
1.30199
0.902401
1.34477
1.62474
0.86438
0.894506
1.23496
1.05284
1.12929
0.906656
1.0212
0.909745
1.57094
0.902835
1.18622
0.877745
1.03688
1.26184
1.00973
1.50445
0.871798
1.04052
1.60026
1.03993
1.29102
0.872061
1.11012
0.946024
1.2667
1.32763
0.90346
1.04457
0.941356
0.851304
2.63448
1.8817
0.904872
1.10297
1.29956
0.873663
0.886537
1.18584
0.968037
1.43071
0.960673
1.41983
0.975932
1.73561
0.94541
1.33286
0.985698
1.28259
1.94463
1.10357
1.07348
1.25456
1.66345
1.57235
1.47801
1.28839
0.899678
0.918277
1.12593
1.38328
1.35083
0.901865
0.886772
0.936846
1.16869
1.14077
1.20261
1.08805
1.14871
1.355
1.24126
0.905939
0.953368
1.57195
1.60895
1.28069
1.1907
0.894566
1.50765
1.44393
1.10962
1.6998
1.19737
1.02256
1.74154
1.18929
0.969034
1.00817
0.925172
1.1248
0.943568
0.955337
1.14899
1.29855
0.977499
1.10624
1.84965
0.853878
1.40359
1.54265
0.913028
0.959669
0.917785
1.04313
1.15375
1.55338
0.999791
1.15348
1.40789
0.932676
0.921186
0.98889
0.996238
0.900712
1.06413
1.26964
1.11913
1.41801
1.25408
0.875844
1.41571
0.973366
1.07973
1.03364
1.0597
0.991742
1.25541
1.09738
0.92535
0.878945
0.914149
1.60107
1.56366
1.4392
1.32396
0.94427
0.919458
0.917219
1.04218
1.15044
0.85782
0.917838
1.05309
0.881666
1.02658
1.41514
1.03125
1.05056
1.26492
0.976572
1.28363
1.07747
0.993884
1.16131
2.20632
1.1681
1.04326
1.08376
0.851282
0.898915
0.998956
1.16432
0.96903
1.02115
1.5739
0.935181
1.29801
1.13253
0.868685
1.14084
0.910397
0.901335
1.22352
0.900084
1.11686
0.975663
0.861023
0.99157
1.53311
1.16699
0.959215
1.43439
1.54376
0.88255
1.16839
1.20437
0.946268
0.936003
1.20615
1.41509
2.01899
0.913656
1.24798
1.07976
1.14382
0.953925
0.927583
0.999784
0.955212
1.47431
1.0141
1.28376
1.43543
1.3001
1.09403
1.16604
1.75568
1.00193
0.978725
1.42134
0.978394
1.08678
1.25171
0.921028
1.74652
1.8504
0.905468
1.22234
1.1078
1.13156
1.76767
1.46901
0.876443
1.0901
0.89076
1.35535
1.21857
1.41587
1.4291
1.49334
1.15062
0.877197
1.24813
0.888636
2.09056
1.17337
0.869742
0.856217
0.942669
1.42906
1.10234
1.63941
1.23693
1.91033
0.855641
1.59484
1.05399
0.953725
0.916912
1.21819
1.06176
1.29148
1.0282
1.28919
1.38061
1.25018
0.973787
1.59007
0.915234
0.941964
0.90674
0.91856
1.36712
0.886725
0.88938
1.08566
1.46336
0.860821
1.42696
1.69512
1.14435
0.864415
1.71813
1.38792
1.07533
0.957196
1.13029
1.04358
0.992657
1.02047
1.20711
0.893249
1.58784
1.44019
1.09509
1.72649
1.37713
1.16724
0.897291
1.05186
1.03581
1.10478
0.9671
1.38784
1.06277
0.882252
1.4161
2.05904
1.36628
0.910067
0.891363
1.45335
1.15444
2.20949
1.00157
1.44359
0.998076
1.17106
1.96439
0.869398
1.17447
1.29268
1.57003
1.74298
0.962828
1.19785
1.03184
0.917493
0.903236
1.21547
0.974749
0.91779
1.12086
1.50539
1.24441
0.922073
0.879463
1.32865
1.09379
0.990814
0.867217
1.21817
1.76159
1.16665
0.90256
1.38309
1.14922
0.861139
1.50248
1.19679
1.05423
1.05353
0.983041
0.860196
1.11301
1.14915
1.12244
0.868853
1.01987
1.24942
0.952293
1.37696
1.18946
0.976661
1.95149
1.23518
0.891108
1.09476
1.03753
0.930551
0.908956
1.11845
0.965546
1.23978
0.915041
1.33756
1.32098
0.92829
0.939521
2.069
0.896475
1.70313
0.985384
1.17047
1.31071
1.44589
1.28066
0.956757
1.13168
1.43808
1.15255
1.04492
1.82686
0.898032
1.03309
0.933706
1.30342
1.20385
0.999449
1.02509
1.33861
0.856585
1.0182
1.15164
1.08287
1.77222
1.24804
0.85783
0.887753
1.42943
1.52743
1.06269
1.20488
0.981691
0.901728
0.967837
1.71417
0.881964
1.30993
0.962212
1.28036
0.89602
0.953104
0.868431
0.857244
1.17626
1.09658
1.40471
1.10465
1.11031
0.884136
1.17538
1.04479
1.32774
1.01678
0.954217
1.3936
0.850294
0.923985
1.11786
1.43653
0.972581
1.37401
0.85288
0.922604
0.924221
1.05649
0.912874
0.881137
1.14004
1.11545
0.857849
2.06969
0.913647
1.04276
1.48827
1.08042
1.06265
0.898807
1.16322
1.32219
0.9868
0.934539
0.876476
1.72302
2.01177
1.68259
1.08413
1.11614
1.08233
1.28526
1.18854
1.32617
0.983385
1.33878
1.14431
1.76582
0.969066
1.3855
0.90133
1.81296
1.00909
1.12528
1.19239
0.873586
1.06869
1.22544
0.889668
0.878436
0.928162
1.57166
1.00418
0.928568
1.00347
0.868446
1.05438
1.25458
1.19307
1.94708
1.14242
1.20593
0.897575
0.968403
0.936248
1.24608
0.933084
0.938845
1.2074
1.11672
1.01915
0.875344
0.957232
1.0464
0.955681
1.21912
0.875758
1.09847
1.15293
1.25926
0.894791
1.00095
0.953625
0.886483
0.92156
1.0053
0.95262
0.971203
1.02052
0.878894
1.27495
1.12477
1.2728
1.03356
0.986829
0.977775
1.51788
1.20924
1.4502
1.78368
0.964775
0.938997
1.04872
1.2198
1.61049
1.40965
1.00739
1.0359
0.927946
1.00517
0.945788
0.868331
1.64679
1.21089
0.988234
1.53193
1.21889
0.898054
1.96112
1.05077
0.92063
0.963565
1.75638
0.999404
0.961351
0.966809
1.08443
1.27102
0.855819
0.850206
1.11585
1.31601
2.10243
1.18019
1.1654
0.950483
1.023
0.871197
1.37533
1.50306
1.76342
0.936981
0.950157
0.935128
0.898594
1.04622
1.48162
1.20098
1.29945
0.973204
1.08107
1.09696
0.964524
1.07047
1.2224
0.935758
1.08198
0.93289
1.26338
1.01769
1.65078
0.851512
1.38977
1.23557
1.26662
0.937253
1.26807
1.0366
1.08604
0.87225
1.26943
1.64302
0.981255
0.864347
1.00638
0.916819
0.893016
1.04612
1.18333
1.0578
0.851938
0.949818
1.36535
1.32651
1.08336
0.903537
0.955605
1.00036
1.20065
0.971511
0.950677
1.30288
1.3581
0.921806
1.11194
0.893524
1.28029
0.860588
0.856097
1.0729
1.08799
1.10415
1.06686
1.1321
1.12841
1.28361
1.22747
0.954228
1.49695
1.053
0.981677
0.894487
1.84082
0.883522
0.983292
0.987728
1.15799
0.978805
1.14601
1.12413
0.928256
0.987071
1.12164
1.42127
1.01119
1.11448
1.01479
0.922923
0.969784
1.11026
1.03354
0.903512
0.876832
1.3781
1.15602
0.862277
0.987682
1.27915
1.57836
1.01524
1.47936
0.868211
1.00393
0.974517
1.10144
1.6525
1.25021
0.903885
0.917324
1.40041
1.03785
1.03995
1.53275
1.32445
1.43839
0.962184
1.08745
1.06626
1.07686
0.892125
1.07861
1.13513
0.873327
1.20573
0.863839
0.942554
1.07424
1.29793
0.942673
0.966306
1.41549
1.46253
0.855227
1.12501
1.07908
1.76976
1.23872
1.21013
1.21645
0.879843
1.28901
1.64673
1.05657
0.864938
0.860411
0.865453
0.974035
0.894761
1.40108
0.921327
1.27865
1.16307
0.880402
0.865014
1.40529
1.32024
1.29809
1.17409
1.30061
1.0605
1.3896
0.869157
1.07265
1.17214
0.873287
0.996085
0.917398
1.48588
1.02243
1.02421
1.13427
1.16235
1.69882
1.26139
1.48286
1.14737
1.25012
1.09259
1.7474
0.878688
0.85694
0.958517
1.33517
1.77312
0.995601
1.24797
1.34073
0.914989
1.09692
0.931535
1.47808
0.855527
1.05276
1.47506
1.2589
0.930864
1.20042
1.03664
0.906862
1.42168
1.13311
1.23726
1.54401
1.38731
1.35193
1.08313
1.07891
1.05535
0.909108
1.00746
1.75216
0.885123
0.911949
1.04143
0.890535
1.34518
1.297
1.04418
1.49066
1.01112
1.09195
1.05883
1.08779
0.93883
0.886017
0.877337
1.21318
1.3991
1.05599
0.977949
0.850788
1.56208
0.855022
0.864154
0.928214
1.02819
1.08717
0.981183
0.906664
0.86016
1.55684
0.916777
1.4392
1.24335
1.13143
0.918958
1.63105
1.22919
0.874868
1.84557
1.00682
1.6443
1.29303
0.996136
1.11955
1.12199
1.04221
1.18209
0.872301
0.884342
1.37516
0.982597
1.05393
1.06388
1.12778
0.938229
0.935141
1.29822
1.11925
1.12976
0.926315
1.05778
1.10328
1.82506
1.19024
0.946611
0.961259
1.52968
0.940337
1.68619
1.03471
1.05253
1.53063
0.857712
1.18456
1.05384
0.923018
0.863507
1.14847
1.44844
0.877276
0.850146
0.940283
0.949213
1.17908
0.875626
1.03935
1.55508
0.896036
1.12831
1.49245
0.9056
1.06493
0.991293
1.40268
1.38843
1.20185
1.01948
0.902884
1.41231
0.858434
0.872483
1.34021
1.03164
0.990058
1.36045
0.897401
0.921833
1.17432
1.32838
1.07772
1.03529
1.01586
0.964866
1.20391
1.09079
1.30203
0.910382
1.33797
1.14064
0.966559
0.983246
1.43795
1.15438
1.67948
0.964477
0.945314
0.947209
1.04644
0.894676
1.15144
1.05206
0.850917
1.03369
0.914344
1.04865
1.4175
0.857574
0.893461
0.864192
1.10512
1.08133
1.14411
1.33862
0.966089
1.17738
1.01613
1.11547
0.937527
1.00572
0.896215
1.14413
1.38228
0.900587
1.43224
1.06305
1.06651
1.3447
0.963581
1.10768
0.869628
1.04747
1.01271
1.79401
1.15296
1.12696
1.15004
1.00888
1.05374
1.18357
0.850677
1.27852
1.94218
0.926152
0.857002
1.3067
0.930741
0.87061
1.23269
1.26077
1.01374
0.962
1.03012
1.1728
0.851429
1.26668
1.45776
0.8654
0.868681
0.875098
0.90143
1.14631
0.88201
1.11545
0.874206
1.26541
1.08022
1.21426
0.945137
1.29525
1.26996
1.41343
1.41164
1.3708
0.894719
1.26219
1.15266
1.43003
0.930568
1.30372
1.40633
1.05922
0.85237
0.918777
0.954941
1.2087
1.09024
1.19102
0.86756
1.41343
0.96978
1.12676
0.850372
0.928251
1.55372
1.07972
1.5701
0.893402
1.03108
1.156
0.955375
1.10024
1.38897
0.936825
1.60363
1.05713
0.999594
1.14493
1.56366
1.30693
0.964155
1.14081
1.21403
1.06916
1.29987
1.09683
0.869204
1.65314
1.42991
1.16124
1.25982
1.27132
1.02279
1.20366
0.897206
1.53317
0.877003
1.16955
0.923634
1.44336
1.2262
1.09184
1.07782
0.966588
1.00941
1.3978
1.20729
0.928394
1.45092
1.79812
1.16366
1.17849
1.827
0.850436
0.968987
1.21694
1.03612
1.06711
1.13285
1.57243
1.01172
0.938806
1.06771
1.08752
0.883417
1.20056
0.902431
1.31359
0.922843
1.59743
1.09859
0.958126
1.16186
0.859796
1.40355
0.91774
1.6514
1.18986
1.07274
0.976038
1.54198
1.19864
1.47518
1.27136
0.943002
0.8697
1.00451
0.876204
1.31636
0.93007
0.996929
1.00422
1.10772
0.865385
1.14369
1.29181
1.57973
1.03884
0.922052
1.08969
1.00032
1.58409
1.10429
1.06848
1.18074
0.924615
1.25855
0.891273
1.10069
0.97383
1.05511
1.40464
1.60013
0.91855
1.42528
0.972537
0.937999
1.0111
0.920596
1.57843
0.852646
0.912436
2.0139
0.963359
1.48294
1.14063
0.923834
0.963357
0.870655
0.939893
0.927857
1.02787
0.964166
0.866456
0.851157
1.51559
1.30624
1.2567
0.925776
0.924515
0.993133
1.60329
1.12527
1.80814
1.08324
1.04131
1.07869
0.943889
0.9399
0.87917
0.887806
0.85934
1.24347
0.909991
0.852896
1.40063
1.09389
1.32375
0.923777
1.02845
0.850368
0.854531
1.62739
1.1555
0.991012
1.27941
0.920361
1.87995
1.22078
1.69809
1.07592
1.0585
1.16162
1.44045
0.901392
0.865596
0.933028
1.36549
1.41563
1.29611
1.51707
1.34945
1.23499
0.902107
1.15671
1.06577
1.04265
1.04667
0.864192
1.72423
0.921496
1.55317
1.9558
2.11498
1.0836
1.25175
1.32025
1.20839
1.38508
1.99917
0.894808
1.14203
1.58782
0.974794
1.84296
1.43579
1.12335
1.00862
1.14032
1.19288
0.965681
1.02144
0.925276
1.32075
0.917103
1.34505
1.54805
0.908955
1.23044
1.26079
1.00489
1.4658
0.934305
0.901635
0.964245
1.05233
1.26084
1.06412
1.00869
1.42729
0.886387
1.19115
1.02984
1.54722
1.335
1.65458
1.31028
1.109
1.35127
1.41727
0.910485
1.5728
1.25643
1.00329
0.911927
1.39099
1.30454
0.968528
1.46287
0.89352
1.35741
1.01371
1.19071
0.885632
1.75983
1.14154
1.33404
0.90246
0.870902
1.06475
1.17994
1.14458
0.935267
0.850678
0.864759
0.938875
0.979797
1.03448
0.871914
0.85511
1.41205
1.04116
1.00577
0.970228
1.23583
1.48516
1.42652
0.95818
1.50945
1.88705
0.852351
0.887585
0.905269
1.18121
0.94462
0.853141
1.22766
1.63468
1.37451
1.12406
0.938853
0.884984
1.07049
1.42053
0.949807
0.972201
0.990571
1.00195
1.23539
0.881618
1.05754
0.926643
1.4531
1.04293
1.1862
0.933866
1.37645
1.11967
1.02931
1.37869
0.873143
1.40854
0.930984
1.15085
0.970795
1.32864
1.41103
1.18572
0.899495
1.55165
0.949211
1.13674
1.39593
0.918802
1.65197
1.23628
1.61233
0.943817
0.968413
1.23447
1.49189
1.22336
1.14259
0.940621
1.01116
0.931598
1.20646
1.27995
0.997266
1.06106
1.0325
1.02152
1.03713
1.00743
1.01756
0.905487
1.25474
0.875545
1.58496
1.00056
1.06367
1.39235
1.04397
0.865413
1.16133
1.03456
1.14428
1.54892
1.08172
0.978485
1.12724
0.887632
0.960843
0.868284
1.37096
1.18426
1.84317
0.913614
1.00981
1.30658
1.49863
0.928027
1.02615
1.06056
0.878217
1.07906
1.05785
1.06346
1.0141
0.963706
0.86887
1.36668
1.3051
0.979154
0.887079
1.15929
1.05952
1.94719
0.85407
0.983169
0.987111
0.890776
0.96712
1.28087
0.879621
0.91758
1.61316
1.19454
0.972293
0.935619
0.874856
1.44156
1.20682
1.01553
0.927195
1.09262
1.92914
1.05595
1.21633
0.938462
0.855374
1.32481
1.44572
1.01186
0.939874
0.913088
1.16184
1.11047
0.921673
1.18365
0.944052
1.28861
1.01581
1.033
2.1437
1.22022
1.25065
0.878673
1.48118
1.2868
0.859468
0.956116
1.41017
1.00592
1.05491
1.38616
0.889719
1.04943
1.33118
0.921904
1.61348
1.00104
0.879839
1.06191
1.3701
0.917635
0.861272
1.6162
0.990243
1.50678
1.46699
1.39776
1.00749
1.33343
1.51367
0.917545
0.967645
0.852091
1.52947
1.04841
0.851256
0.861827
1.10302
1.31844
0.997407
1.46973
1.44028
1.07569
0.857106
0.875639
1.15979
1.16774
1.72645
0.960993
1.2873
1.8033
0.951511
0.883141
1.14901
1.87098
1.33198
0.899007
1.06079
1.05534
1.05794
1.13331
1.08514
1.49841
1.7607
1.46876
0.964397
1.04211
1.13046
1.56171
1.01307
1.38128
0.914377
1.68364
1.8712
1.42774
1.56509
0.866269
0.903676
1.91979
1.10344
1.4836
0.938754
1.10053
0.866332
1.00963
1.57367
0.92733
0.979278
0.878644
1.49808
1.36211
0.922774
0.890415
1.23728
0.909764
1.25114
0.938119
1.05786
1.27171
1.44886
1.3445
1.15767
0.891016
1.1285
0.980393
1.01957
0.98742
1.53828
1.05164
1.29128
0.990187
1.3799
1.6131
1.12083
1.08285
0.939751
1.14973
1.27872
1.1081
1.63881
1.10177
0.967533
1.34224
1.67814
1.0987
1.26189
1.00476
1.1688
0.959498
0.943925
0.988063
0.883942
0.872063
1.02988
1.49879
1.70219
0.88476
1.36504
1.24413
1.15853
1.02937
0.900933
0.931513
0.920675
1.06324
0.968667
1.20637
0.987645
1.22885
1.74766
1.47094
1.04767
1.9949
1.3235
1.85941
0.990562
0.900848
0.95158
1.12888
0.879936
1.16337
1.14959
0.944516
0.910283
1.08711
1.08636
0.996657
1.01082
1.23265
0.942603
1.43728
1.23501
1.41765
1.56962
1.13431
0.881471
1.76683
2.55324
1.09048
0.908898
1.1483
1.01636
1.12022
1.45239
1.61118
0.894491
1.10598
1.08509
0.854284
1.06399
1.1226
1.31093
0.900752
1.17485
0.966015
1.07759
0.975201
0.966522
1.57024
1.04149
0.875678
1.28663
1.09693
1.11867
0.94296
1.3075
0.961816
0.90552
1.02809
1.85092
1.78085
0.863745
1.16434
0.950219
0.881914
1.18216
1.33817
1.23502
1.40352
0.962861
1.48286
0.862988
0.963831
1.09748
0.953068
1.09061
0.894284
0.952068
0.87012
1.49263
1.67678
0.979137
1.59232
0.851827
0.905263
1.20509
1.27125
0.978221
1.27253
0.877242
1.12907
1.00324
1.75358
0.888319
1.72909
1.00657
0.867882
1.10154
1.0795
1.13379
1.01012
1.07744
1.07719
1.60642
0.876166
0.883062
0.914006
1.72973
1.37252
1.33363
1.41507
1.18371
1.95835
1.03589
0.868781
1.07993
1.12288
2.21719
1.08193
1.17062
1.40188
0.852212
1.37146
1.12365
1.76039
1.46942
1.16267
1.05464
1.19233
1.79522
0.99231
1.09904
1.08512
1.49324
1.40061
0.912882
0.904009
1.17872
0.945755
0.992812
1.05917
1.28787
1.01316
1.1473
1.76103
1.0364
1.15885
0.868121
0.884299
1.30505
0.909031
0.866515
1.07504
1.14187
1.2129
0.863088
1.48817
1.16766
1.91191
1.2235
1.01126
1.53428
1.19625
0.968939
0.877383
1.01808
1.11806
1.42795
0.921032
0.88967
0.891501
1.13963
0.867218
1.04519
1.07372
0.99203
1.35697
0.859435
1.48964
1.10544
0.928455
0.855586
0.952676
0.982722
1.28403
1.29683
0.904437
1.28854
1.36522
0.876138
0.90501
1.70153
1.11969
1.13156
1.18634
0.882255
1.28269
1.02892
1.55499
0.895643
1.54361
1.34623
1.26729
1.02777
1.88369
1.0998
1.50114
0.996733
1.23829
0.920104
1.06221
1.18323
0.85908
1.52291
0.970017
1.53533
1.50964
0.930409
0.87867
0.955639
1.07123
1.98738
0.918355
1.02343
0.911271
1.46924
0.930471
1.3129
0.920813
1.57614
1.40697
0.875186
1.57322
1.5916
