0.977016
0.886132
0.857159
1.0625
0.964825
0.989557
0.624386
0.573763
0.667259
0.994296
0.911185
0.76705
0.829715
0.964451
0.862989
0.812359
0.569053
0.91996
0.892759
0.690061
0.804757
1.05526
0.937481
0.971083
0.727578
0.659024
0.884423
0.921117
0.944955
0.839628
0.671454
0.6588
0.970301
0.887377
0.523073
0.721603
1.06108
0.656059
0.749214
0.499187
1.00752
0.953011
0.776468
1.05416
0.614745
0.92643
0.736547
0.66684
1.03628
0.93449
0.762091
0.464655
0.904285
0.977945
0.973015
0.941196
0.992646
1.04831
1.04549
0.743305
0.74972
1.05738
0.793919
1.00201
0.853233
0.80439
1.02405
0.824017
0.839734
1.0487
0.830669
1.05726
0.913038
0.904525
1.04049
0.926693
1.02796
1.06125
0.946992
0.985901
0.91698
0.985688
0.987694
1.02227
0.814464
0.807397
0.833983
1.03769
0.686027
0.722639
1.05984
0.80971
0.584775
0.742562
1.04388
0.867372
0.871636
0.991004
0.950814
0.961307
0.958897
1.01093
0.939073
1.05216
0.697428
0.876904
0.887912
1.04402
0.852271
1.03246
0.945251
0.996256
0.925493
0.722052
0.923185
0.986253
0.864949
0.992446
0.935172
0.897597
1.01569
0.914809
0.964455
1.02177
0.95398
0.918064
0.632039
1.02975
0.5985
0.964019
0.885311
0.968121
0.847304
1.02611
0.937757
0.886421
0.704213
1.02652
0.808879
0.892435
0.979169
0.998899
1.06788
0.462193
1.02135
0.918895
0.987987
0.614537
0.621313
0.680076
0.912382
1.02438
0.938902
1.05536
0.962159
1.06251
0.884978
0.974632
1.02075
0.898558
0.736617
0.694896
1.05125
0.899531
1.04198
0.89952
1.00247
1.05791
0.764611
1.04402
0.86087
1.01309
0.961149
0.854749
1.01461
0.866586
0.998657
0.897019
0.884051
1.00808
0.923393
1.00884
0.943394
1.04536
0.989016
1.06971
1.03703
1.05972
0.974316
0.977968
0.872981
1.00252
0.997901
0.814655
0.596384
0.956823
0.967869
1.00974
0.93524
1.00361
0.974204
1.01232
0.919159
0.723363
1.06585
0.760819
0.909709
0.992899
0.945603
1.00723
0.893152
1.04931
0.917973
1.03265
1.02204
0.569906
1.03241
0.979571
1.06395
0.909601
0.798083
0.855906
0.658575
1.03732
0.938995
0.708591
0.894779
0.442516
1.02891
1.02832
1.00484
0.902772
0.954994
0.713934
0.9388
0.947761
0.829758
1.03808
0.753417
1.00676
0.962596
0.940151
0.978195
1.05692
0.859488
0.895546
1.0612
0.696379
1.0576
1.05498
0.937842
0.735087
0.804874
0.955712
1.05814
0.992759
0.980507
0.864297
0.994052
0.911912
0.680417
0.889175
1.01852
0.974763
0.92506
0.818647
0.659896
0.99201
0.611712
0.801686
0.889195
0.972884
0.99253
1.05392
0.951455
1.05247
0.853381
0.935448
1.0667
0.811517
0.904832
0.931578
0.873235
0.967597
1.05964
0.838291
0.807867
0.964336
0.956102
1.0369
1.05506
0.975763
0.786701
0.999279
0.777515
0.975874
1.04425
0.819775
0.825613
1.05117
0.910297
0.965687
0.941617
0.540715
0.938063
1.06252
1.05567
1.01097
0.920658
1.05224
1.05171
1.02471
0.894111
0.816651
0.884371
0.867611
0.929201
0.954538
1.03521
1.05863
0.890676
1.01755
0.95751
0.950262
0.919833
0.998592
0.681303
0.859225
1.04404
0.864252
0.794475
0.845014
1.03478
0.991225
0.854417
0.861598
0.980284
0.805523
1.06713
1.06948
0.7122
1.04867
1.02417
0.928659
0.708604
0.714019
1.01102
0.957428
0.980568
0.963228
0.937239
1.05619
0.861458
1.0637
0.924529
1.00239
0.989747
0.947704
1.05978
0.950008
1.02226
0.743005
1.01589
0.976856
1.01857
1.06851
1.04173
0.892119
0.799647
1.03855
0.891037
0.855471
1.01364
0.732573
1.00549
1.03247
0.812206
0.918719
0.885339
1.02739
1.05768
1.02495
1.01042
0.822094
1.01721
0.757324
1.04777
0.904577
0.984973
1.03648
1.04241
0.906359
1.0587
0.979325
1.06059
1.0041
0.977141
1.03104
0.554228
1.02086
0.992542
0.899437
0.536516
0.902619
0.938665
1.00932
0.794807
0.995122
0.735669
0.949693
0.930024
0.623085
0.855867
0.771743
0.846226
0.308728
0.85835
0.758417
0.904815
1.04644
1.06145
0.832011
0.846323
1.04977
1.03284
0.813937
0.975773
0.914352
1.06897
0.981158
0.774752
0.991169
1.06038
0.788379
1.0686
0.91981
1.04434
0.788897
0.651818
1.0646
0.995743
0.947549
0.493058
1.05358
0.98887
0.851656
1.05369
1.04933
0.911069
0.864475
1.02328
0.89151
0.952991
0.499557
0.835584
0.879556
0.821032
1.03136
1.00774
0.817461
0.917277
1.03977
1.03742
0.895951
0.393818
1.03588
1.0195
1.04484
1.06711
1.03079
1.03884
0.991717
0.866525
1.04081
0.967286
1.05238
0.731217
0.939511
1.0299
0.947757
1.01679
0.971639
1.03466
0.84114
0.974607
0.63756
0.966908
1.02553
1.04073
0.845191
1.06531
0.845894
0.710041
1.03204
0.979587
0.713446
0.990408
0.892809
1.06179
0.986271
0.768514
1.02939
0.847948
0.925727
0.993412
1.02953
0.887223
1.01815
0.850514
0.752192
0.834906
1.06795
1.00373
0.634916
0.83452
0.850906
0.714161
1.0243
0.591596
1.0581
0.518635
0.407438
0.8038
0.726972
1.03269
1.02406
0.808585
0.932303
0.736636
0.772439
0.65234
0.845682
1.05796
0.874995
0.999191
0.975812
0.720232
1.06787
0.884038
0.896196
0.739867
0.966687
0.891405
1.02893
0.979208
0.971258
0.635983
1.00236
0.889232
0.691192
0.985767
0.894972
0.695943
1.02903
0.933439
1.04821
0.971475
0.989909
0.885817
1.00006
1.02407
0.907938
1.05338
1.00906
1.00149
0.975428
0.865039
1.02335
0.972175
0.981926
0.741833
1.00137
0.772422
0.935053
0.941134
1.01508
0.445763
0.95551
0.920458
0.891568
0.977074
0.543419
1.00267
0.997266
1.03271
0.749743
0.965524
0.906159
1.01885
1.0438
0.614829
0.957779
0.840874
1.06021
0.830272
1.0529
0.959749
0.95246
1.00183
0.707833
0.723079
1.02763
1.02119
0.841593
0.837899
0.830836
1.06379
0.841036
1.01446
0.907189
0.97445
0.878622
0.914044
0.848167
1.06312
0.816461
0.905138
0.954017
0.97325
0.743178
0.904406
0.983297
0.989817
0.982728
0.968264
1.04037
0.955963
0.687504
0.895185
0.806039
0.783522
0.932509
1.06412
1.05328
1.00213
0.817274
0.761072
0.993582
0.931172
1.04258
0.518947
0.447792
0.790691
0.919076
0.851201
0.756966
0.982398
0.988025
0.990103
0.793057
1.01582
1.06864
1.02396
0.902173
0.980776
0.88385
0.821432
0.731549
0.91382
0.967822
0.867944
0.966222
1.06744
0.850861
0.93754
0.998695
0.937156
0.977701
0.876779
1.04859
0.93256
0.882952
1.04965
0.982978
1.01237
0.775646
1.01451
0.88346
1.02327
0.900247
0.947652
0.9525
0.89721
0.849912
1.04281
1.05915
0.973971
0.673303
0.63403
1.06216
0.9853
0.88865
0.953113
0.981558
0.977417
1.06127
0.853484
0.605674
0.963937
0.971517
1.05498
1.0651
1.04665
1.03315
0.97557
0.980983
1.0619
0.876146
1.05344
1.01321
0.997426
0.916053
0.830732
0.42959
0.994565
0.696979
1.05993
0.82767
0.769618
1.06788
0.797589
1.01949
0.883443
1.00118
0.895908
1.05094
0.989015
0.983252
1.05727
0.78727
0.790733
1.04138
0.763483
0.6241
0.998582
1.00978
0.991536
0.98716
0.481626
0.966862
0.893051
0.999522
1.05867
0.97058
1.00057
0.978117
0.991592
0.986448
1.03044
1.02481
0.98338
1.06445
0.959678
1.05512
0.993511
1.04447
1.0347
0.857501
0.942717
1.01964
0.927265
0.990854
0.982448
0.970145
1.00091
0.855024
0.856166
0.877241
1.04685
0.860629
1.041
0.828499
1.05812
1.02805
1.02495
0.983844
0.906856
0.920913
0.830571
0.795462
0.803139
1.03547
0.769701
1.00809
1.01791
1.02646
0.972867
0.971254
0.637611
0.606507
0.879633
0.942925
0.999356
1.0529
0.576128
0.891373
0.795368
0.868929
0.992759
0.640873
0.970737
0.948902
0.85574
0.95111
0.862099
0.61107
0.726602
0.994376
0.933571
0.883454
1.03371
0.988051
0.769786
1.06118
0.88485
1.04742
1.01565
1.04839
0.933067
1.02576
1.05484
1.01954
0.846407
0.977757
0.997583
0.859889
1.05455
1.03633
0.970333
0.969944
1.04577
0.745355
0.630278
0.76519
0.984715
0.882762
0.795173
1.00958
1.06265
0.985274
0.570096
1.02505
0.837572
0.789631
1.01416
0.96849
0.63055
0.939043
0.931447
0.947323
0.839682
0.899779
0.837833
0.946323
1.05824
1.04887
1.01944
1.04197
1.01138
0.877687
0.921531
0.9786
0.92554
0.936621
1.01275
0.585577
1.02332
1.04891
1.01589
1.0142
0.952471
1.02111
0.952824
1.01476
1.05463
0.833925
0.864388
1.06251
1.00363
1.01137
0.933454
1.05419
0.682225
1.00124
0.915992
0.416645
0.971151
0.772864
1.04268
0.861619
0.935489
0.857448
1.04301
1.04454
1.01174
0.97639
1.04988
0.946914
0.941893
0.989452
0.822302
1.06326
0.91107
1.00936
1.00604
0.874684
1.0569
1.06436
0.853518
0.985444
1.00397
1.00787
0.961125
1.01981
0.90669
1.05501
1.02059
1.05699
0.671977
0.98532
0.819847
0.955775
1.04637
0.670791
0.908198
0.979854
0.992796
0.858485
0.687866
0.733541
1.04981
0.86369
0.682063
0.862108
1.06663
1.0217
0.97487
1.0534
1.01467
1.0372
0.959872
0.922272
0.962112
0.642597
0.788469
1.05113
1.06381
1.05392
1.03695
0.58825
0.960555
0.600546
0.964244
0.917872
0.718874
1.05322
1.06789
1.01533
0.801555
0.668148
1.03808
0.685631
0.892101
1.05155
0.895136
0.883817
0.99824
1.05423
0.836649
0.913429
1.01874
1.01984
1.03031
0.862249
1.03021
1.06223
0.798749
1.02281
1.04562
0.378461
1.02888
0.916427
0.606658
0.887924
1.02947
0.756786
0.841458
1.02701
1.04246
0.923465
1.03959
1.00571
0.947611
0.802159
0.980176
1.03629
0.951704
0.849674
1.01775
1.01385
