1.44926
-0.151142
0.927355
0.449756
1.05852
0.795828
-0.0735002
-0.371391
-0.0787827
0.23956
-1.36336
-0.584145
0.0737679
2.12157
0.790379
-0.424247
-0.718174
1.86738
-0.245856
0.999392
0.691014
-2.29024
0.356024
0.289368
-0.831206
0.296212
1.00084
-1.49216
0.134459
-2.25933
-0.370212
0.06292
-0.156538
0.836335
1.37177
-0.976551
0.420787
1.30142
0.53575
-0.273142
0.810705
0.501749
-0.0271549
2.72907
1.08229
-0.906857
-0.147582
0.865349
1.53587
1.53509
-0.751816
-0.366157
0.881928
-1.5378
-0.27277
-1.36956
0.43574
0.557217
-0.0305466
1.28329
0.797202
-0.870117
1.3256
2.04549
-0.0413556
-0.669773
-1.21298
-0.729864
-0.491072
0.798641
-0.316304
0.485028
-1.39236
1.00041
-0.795773
-0.944059
-1.30512
-0.0908113
1.09266
1.01865
-0.198161
-1.48238
1.39519
-0.0757883
-1.67117
0.916052
-0.433341
-0.693645
-0.554674
-0.164232
-0.308973
1.07253
0.198044
0.426934
1.4216
-0.00663136
0.722649
-0.134656
1.60775
1.28292
0.0508272
-0.26799
0.886114
1.33831
0.0779028
-0.00170926
-2.22435
0.98278
0.0275888
-0.773777
0.45029
2.1246
-1.73119
0.477414
0.109356
-1.69928
0.620617
0.424624
-0.463596
-0.842349
-0.107607
-0.622099
1.84403
-0.410949
0.663371
-0.240779
0.486195
0.0999187
-1.11326
0.0677023
1.19432
1.36527
0.0953961
0.435299
-2.76494
-1.49829
-0.493501
-0.489117
0.715558
1.07247
-1.29717
0.681271
0.685085
0.149313
0.314777
-0.435852
-2.31588
-0.739969
1.65048
-0.299995
-0.0416643
-1.72758
0.373659
-0.876732
-1.09585
0.445812
0.652351
0.615462
0.932099
-0.558166
1.53872
-0.692058
1.91089
1.38121
-0.270733
1.14558
-1.05585
1.31879
0.0766187
-0.00393069
-0.985086
0.474248
-0.0792968
-0.417848
2.29727
0.887211
0.57803
1.77956
-2.3506
0.185111
-0.642506
-0.773202
-0.0258752
-0.24793
0.158012
0.73422
-1.9573
0.211151
-0.420781
-0.146609
-0.819944
-0.329521
0.0793989
0.690138
-0.615119
0.131472
0.857464
-1.02051
1.44071
-1.10665
0.345536
0.271256
1.73667
-0.122243
-0.23321
-1.73494
-0.488876
0.788787
1.19594
0.697167
-0.148548
-1.0864
0.0565634
0.271387
0.318175
-1.75297
0.192255
0.0237895
-0.511421
0.443838
-0.188522
-0.129074
-0.54815
-0.220435
-1.57778
2.22552
-0.712182
0.892827
1.10668
-0.133332
0.894775
-0.0612314
0.4696
-1.5936
-0.286176
-0.983658
0.093885
-0.164434
0.754052
0.865178
-1.02976
-0.284229
-1.79914
-0.386549
1.6477
-1.06057
-0.158103
0.0320317
-0.520185
-0.965126
0.48802
-0.883303
0.336685
1.31008
-0.495114
-0.92053
-0.867615
-0.239702
-1.53178
0.815393
-0.0801231
0.165599
0.057989
0.781066
0.191566
0.461013
0.6028
0.262017
0.24316
1.79691
-1.01131
1.14769
-0.766371
-0.927628
-0.449674
1.11272
-2.63493
0.65818
1.73513
0.959494
-0.609786
0.0795737
2.92501
-0.593
-1.65286
-0.0912262
-0.167039
0.959554
-0.727565
2.029
1.61567
0.621416
-2.38791
-1.4547
-4.09782
-0.281123
0.96713
2.61845
-0.204816
-0.962789
2.07352
-0.108505
0.304039
-0.456436
1.07432
0.545688
-1.58477
-0.352251
-1.01569
1.45834
-0.103608
-0.977956
-1.0844
-0.485717
-0.801463
0.247782
-0.130207
0.250916
-2.17263
-0.202013
0.624506
1.45085
-0.94766
0.450487
-0.484778
0.319421
-1.34143
-0.390528
0.770671
2.7293
-0.616563
0.373419
-0.225839
1.17361
-0.944675
-2.09685
-0.399789
0.150053
-1.19955
0.887309
-0.995229
-0.0319112
-0.191667
0.350599
-0.966525
3.31033
-1.13239
1.40872
-0.00873828
0.446621
-1.05963
-3.62767e-05
1.90309
-0.109823
0.569101
1.0467
-0.997765
-1.90907
0.252386
-0.273173
-1.4025
-0.170416
0.0749083
1.22992
-0.653939
1.09073
1.01657
0.944789
1.24141
0.837356
0.192438
1.29618
-0.722391
1.60666
2.54596
0.10611
1.84802
0.17987
1.57902
-0.506543
0.0926866
0.124371
0.0107543
-0.721117
-1.0064
1.10468
0.326513
-2.30203
-0.921712
2.10413
0.204259
-0.864544
-0.276713
1.81836
-0.71907
0.654531
0.544712
0.925207
0.837526
1.34608
-0.19244
-0.218312
-1.15
0.384061
-1.04643
1.81655
-0.521845
-0.69817
-1.87973
0.155435
-0.0909675
0.93026
1.41807
-1.08829
0.628901
0.0607699
-0.583494
-0.46325
-0.597048
0.0846616
-0.909117
0.398999
1.0664
-0.836454
0.00358317
-0.353082
-0.437886
1.39112
0.148041
-1.05517
1.18376
-0.256496
-1.17844
0.998788
1.60964
-1.75914
-0.595521
0.0555313
-0.504819
0.209362
-0.820944
-3.22237
0.221423
-1.82814
-1.50331
-0.638279
0.382087
1.63046
1.03578
-0.967678
-2.31831
-0.238299
1.7361
1.32765
0.544014
-0.179782
-0.304011
-0.668612
-0.691489
-1.33688
0.217083
0.15504
0.792194
0.13139
-1.26577
-0.497319
-0.0289637
1.13583
0.479361
0.260159
0.672966
-0.316388
0.443219
-0.975744
1.07921
0.561417
-1.23393
-0.57579
0.177105
0.915069
-1.13222
-0.0472358
-0.2454
0.473457
-1.45881
-0.391457
-0.130855
1.20533
-0.963877
1.05685
0.949814
-0.214982
-0.0083106
-0.674437
1.46401
0.3655
-2.11938
-0.331373
-1.10183
2.19978
-0.625303
-1.31728
-1.20037
1.64293
1.1932
0.272454
1.01101
-0.830725
0.0178382
1.00115
0.0967142
-0.368627
-0.493177
-0.0682835
-0.0474452
0.803888
1.38078
-0.243707
-0.0684775
0.157128
-1.10401
0.995527
-0.561464
-1.09862
-0.483233
0.0397325
1.17439
0.332233
-0.171948
-0.875891
-1.13815
-0.0165389
0.447952
1.52991
0.198935
0.921496
3.54556
0.286323
-0.0874129
0.430689
-0.275136
1.15557
-0.636031
-0.208928
0.361719
-1.21564
-0.489738
-0.826149
-0.290953
0.729789
-0.823567
-1.16723
0.827126
-0.477337
-2.01429
0.0233036
-0.31204
0.0847524
-0.104128
1.01807
-0.334394
-1.82797
-0.736597
0.165979
0.359664
0.297851
-1.02548
-0.91447
1.03349
-0.465146
2.35927
-1.05562
1.76782
0.0801407
0.425512
0.385283
2.05296
-1.06148
-1.00289
1.44363
0.0954252
1.47503
-0.959547
0.11439
-1.34102
1.40156
-0.446007
-0.0840861
-2.0815
0.577986
-1.27681
0.855493
-2.05734
-0.821276
0.0409102
-1.23176
-1.97658
0.11193
-0.198254
0.416552
0.397266
-1.06955
0.849373
1.38692
0.0525482
-0.866331
0.0369329
-1.47772
-1.33159
0.101426
0.573729
2.30752
0.210308
-0.244697
-0.41393
-0.469093
-0.389888
-0.8175
0.439798
-0.851835
-0.842212
-1.08897
1.67279
-0.75134
0.148134
0.635023
0.665876
0.0872913
-1.24911
-1.4095
-0.562655
-0.699655
-0.731239
0.496202
0.266207
-0.251554
-2.04191
0.133537
-0.296663
1.29479
0.0751767
1.1355
-0.772475
-0.0646815
-2.13514
-0.401063
-1.70099
-1.02771
-1.28256
1.45918
-0.664605
-1.46888
-0.130664
0.494287
0.0715269
-0.65224
-1.05188
0.759433
0.0988922
-0.905363
-0.913283
-1.69374
-1.1558
-0.585053
0.247424
1.22545
-0.80963
-1.53205
1.12782
0.758758
0.627368
0.438601
0.293978
1.66396
0.295722
1.59555
0.0302538
1.05049
-0.412203
0.282484
1.04993
0.0834905
0.341948
1.00591
0.36262
1.05396
-0.0873172
-0.229933
-0.0327906
1.85686
0.163507
-0.31384
0.47545
-0.085457
-1.47213
1.44686
0.152089
1.41672
0.0505206
-0.499853
0.0545734
0.911636
1.8282
0.351339
2.31421
-0.148756
0.373504
2.18794
0.122373
0.448524
-1.81286
1.65754
-1.02806
0.548008
-1.01833
-1.46711
1.39282
0.979538
-2.06832
-0.276163
0.228472
-0.553397
-0.295942
0.645117
1.66294
0.154553
-0.19557
0.70472
-0.448884
0.143113
0.99853
-2.15812
-0.659677
0.0852679
3.01936
-1.95154
-2.62412
-1.16392
-0.111334
-0.0648336
0.220839
0.49141
0.658161
-2.20715
-0.990996
0.356263
-0.816654
-0.732846
0.882405
0.808844
-0.779854
0.990208
-0.0789792
-0.899797
-1.05361
0.689915
1.81606
0.516372
0.755468
-0.135735
-0.610822
-0.633234
-0.293462
-0.0194584
-2.29025
0.24429
0.68459
-1.61941
0.134603
1.08944
0.367389
-1.01219
0.00322468
0.327952
-0.451978
-0.423409
-0.522949
-0.521777
0.33799
-1.01353
0.796149
-2.03793
-1.79668
-0.89365
-1.58316
-0.776079
-1.12169
0.315698
0.251112
-0.191436
-2.0427
1.45574
-0.874573
1.74273
-1.18289
1.55211
1.58124
-0.00519315
1.076
-1.57486
-0.525603
-0.295262
1.28922
0.145069
0.873221
-1.98839
0.203429
0.848793
1.29487
-0.555563
-1.79274
-1.66778
0.0318451
2.59598
1.14316
-2.24866
-0.429109
1.64479
-0.970715
0.141251
0.260349
-0.463884
-1.6231
-1.19347
-0.0932374
1.35334
-2.08466
0.584238
1.64034
-0.485217
-0.287285
-1.29364
2.02615
-0.820508
-1.94629
1.48525
1.11359
0.637046
-0.817865
-1.21102
1.50406
0.891526
0.908994
0.826263
-0.560067
1.00086
-2.09352
0.176842
2.34654
0.820611
-0.489762
-0.900949
-0.05966
0.638817
-1.05364
1.35038
-0.412158
-1.16406
0.620395
2.40634
-1.31418
1.5525
-1.63572
1.07331
1.25513
-0.552298
2.21137
-0.231883
-1.37672
0.214972
-0.552109
-0.627573
1.47245
1.24028
-0.888939
-0.608495
-1.29985
-0.642565
-0.224162
0.442493
-0.626856
1.33439
0.146117
0.446832
-0.0714085
-1.34
0.164559
2.20092
-2.90419
-3.6402
-1.49005
0.942212
-0.00952365
0.47097
1.57594
-1.19445
1.57249
0.542506
-1.17945
-0.16418
-0.290629
-1.4413
0.0796066
-0.170128
-0.8148
-2.06116
0.751864
-1.41921
-1.55857
0.0827941
0.934159
-0.771707
0.147779
-0.131515
-0.523537
0.552811
0.702138
-0.613537
-1.13582
-0.31536
0.177719
-0.185494
-0.525631
-0.964437
-0.701539
0.788939
-1.38671
-0.435114
0.165709
1.2997
0.381641
-0.28966
0.362867
2.42157
-1.42638
-0.932857
-0.936756
0.725458
-1.2591
0.666901
0.099664
-1.79898
0.0910788
-2.2121
-0.776046
-0.910521
0.752824
1.26428
-0.0800191
-0.105029
-1.99921
0.921013
-1.33186
-0.864856
0.650568
-0.739998
-0.802985
-1.30215
-0.0389245
1.25328
0.0962679
1.09999
-0.540927
-0.980509
1.15967
-1.83413
0.130772
1.78637
-1.2085
-0.693794
-1.47158
-0.684923
-1.00818
-0.180809
-0.250446
0.900943
0.769974
0.578009
-0.703938
1.0798
0.787226
-0.061928
-0.408515
-0.858405
-0.997544
-2.25544
1.40079
-0.449901
0.955146
-0.875385
-1.13246
0.540991
0.216691
0.292513
-0.648246
-0.926733
-0.305194
0.827325
-1.27779
1.31927
0.968792
-0.779923
0.259794
0.387734
-0.61836
0.56083
-0.0666602
0.845716
-1.29758
1.25352
-0.827562
-0.471138
0.0116162
0.259945
0.265059
-0.0218667
-0.913915
0.320862
1.10347
-1.97708
-0.836058
-0.742663
-0.534661
0.504333
-0.464679
1.06602
-0.554559
-1.65806
1.02896
-1.1392
-1.96383
0.643144
0.105575
2.37458
-1.60954
0.66996
-0.563117
-1.56028
-0.598926
-0.300465
-2.67646
-1.24275
0.250001
0.318443
0.772618
-1.31228
1.41782
0.214215
-1.63834
0.0246941
-1.99625
-0.324678
0.105493
-0.0318284
0.159172
-1.10625
0.398386
1.43808
0.921459
0.267355
-0.432534
0.989806
-2.30108
-1.54404
0.7779
-0.0939998
-1.42518
-1.03177
0.0647605
0.278374
0.0674492
0.227587
0.584181
0.359558
1.4035
0.44467
-1.28643
0.152414
1.80568
-0.402467
-0.68181
0.6435
0.371566
0.20254
-1.32233
0.75255
-0.0923825
0.597253
-3.14921
-1.83855
-0.708288
-0.841528
-0.921955
0.129043
-0.578384
-0.251045
0.452939
-0.500296
0.247527
-0.0469377
-1.01242
0.667701
-0.653537
0.113915
0.6501
-0.804993
-1.46121
-1.13872
-0.186278
0.442028
0.782723
0.323945
0.573114
0.200794
1.85185
0.712492
0.801208
-1.94106
-0.667866
-0.454081
1.19969
-0.40754
-0.302769
1.04887
-1.38438
-1.59817
1.01433
0.370897
0.371702
-1.08963
-0.626387
0.591239
-1.02478
1.29666
-0.766167
0.140022
0.505335
-2.25288
-0.23917
0.157471
-0.324747
-0.918947
1.86662
0.577303
-1.11921
0.431253
-1.02848
-0.290898
1.314
0.603448
1.23203
0.70958
0.217348
2.03513
-1.57776
-0.328753
1.13908
-0.875318
0.19089
2.10212
0.834449
-0.394256
1.02476
-0.397027
1.25433
-0.313963
0.353116
0.276655
-0.224081
-0.370313
-0.0556281
-1.58078
2.77095
-0.870572
0.156442
0.582611
-0.246964
0.0838148
0.634757
-0.769674
1.90854
0.0529422
0.704658
1.72118
-0.592292
1.21063
1.17032
0.102666
-0.00653195
-0.235372
-0.417562
0.627716
2.28694
1.18661
0.0272114
0.913146
-1.58523
-1.45769
-0.0349002
-0.486957
2.37775
0.238152
-0.509031
0.406325
-0.83476
1.80814
0.0497893
-1.51644
2.21997
-0.576326
1.02816
0.359159
-0.0981988
1.40529
0.135294
0.785492
-0.540446
-2.08116
0.871049
-1.46025
-0.397593
0.40637
-0.105463
-0.114441
-0.135953
0.970122
-0.350898
0.0419425
-0.847855
-0.121375
-0.811981
0.343004
1.59866
-0.768233
-0.78227
0.118647
2.84851
0.614252
-0.404305
0.0840774
-0.978459
-1.03691
-0.555287
1.86096
0.29041
-0.848971
-0.315626
0.51258
0.455265
1.03173
1.54907
0.718213
-0.169935
0.477681
2.29937
-0.40862
0.482912
-1.28363
0.366138
-0.218273
0.288714
1.4243
-0.169547
-0.425823
-0.412024
2.48276
-0.333964
0.725116
1.51128
-0.0862075
0.864823
0.0855415
0.0376425
2.60742
-0.184942
2.51413
-0.969666
-1.24637
0.947888
0.440229
-0.88202
-1.27675
-0.466083
-0.308345
1.47344
0.417426
-0.0763179
-1.69686
0.601593
1.28204
-2.04491
0.443337
-0.54279
1.58352
0.101546
2.34904
0.0445854
1.5329
-0.629408
-1.11844
0.854677
1.70495
-0.572583
-0.393355
-0.141939
0.996527
0.489952
0.344508
0.135586
-0.839317
-0.40929
1.07832
0.831322
0.468523
-0.258574
-2.11732
1.78734
0.820201
0.662685
1.12539
1.54408
-0.403269
-0.695775
0.128577
1.132
0.609218
0.284949
-1.03424
-0.0947272
-2.14628
-1.38228
0.274581
-1.06813
0.436218
2.37895
-0.290914
-0.208394
0.0224129
-0.381264
-0.692522
-0.127004
-1.21693
0.71044
-0.838125
1.98567
-1.15835
0.612883
-0.659343
0.0901042
0.215218
-0.0768206
-0.613558
0.181018
1.19352
0.243467
1.07142
0.353248
-0.1251
0.841866
-1.25075
-0.725733
0.717715
-1.43232
1.42376
-0.617853
0.807085
-0.727792
-0.108651
0.1401
-3.04035
0.237389
-0.608217
1.23773
-0.320827
1.36388
-0.315817
0.638224
-0.0343257
0.162732
0.36747
-1.50111
0.285157
0.872464
-0.378687
0.439443
0.264822
0.546682
-0.608678
-0.625541
0.601261
0.170438
0.447553
1.00424
0.135308
-0.0900984
-0.342204
0.340902
-0.85628
-0.427094
-0.187826
-2.35444
0.477111
-1.45712
0.521992
-0.600071
-0.721409
-0.272978
1.23161
-1.79439
-0.411518
1.1004
0.0634791
-1.2176
0.789618
0.0210551
-0.663982
-0.715748
-1.40194
-0.521259
-0.558163
-0.229125
-0.367829
-0.368077
-0.431477
-0.815528
-0.658081
-1.04381
0.107162
-1.35316
-1.11288
-1.35509
-1.22332
0.572804
0.543798
0.180316
-2.08077
-0.770166
0.93004
-0.64734
-1.56348
0.192371
0.443529
-0.808283
0.939951
-0.416596
0.0472182
0.394944
-0.324662
-0.307958
0.873124
0.871454
-0.662688
-0.102416
-0.506147
1.827
0.817333
0.576705
0.37898
0.492456
-0.674722
-0.468302
-0.198507
1.2959
0.511003
0.797942
0.0578931
0.905503
-0.406343
-0.00478107
2.22111
-0.612439
0.865076
0.0235626
0.955418
0.07864
-0.246476
-0.712642
-0.22197
-1.37878
-1.03661
0.300305
-0.712943
-1.24425
0.923052
-1.22582
0.893121
0.697658
0.271918
-0.759769
0.108437
-0.166998
1.06015
1.60343
-1.14467
1.40585
0.00521746
0.364914
-0.0476879
1.25868
0.722835
-0.0687799
-1.24291
-1.41358
1.66263
0.490654
0.583388
-0.745888
1.4016
0.882205
-0.430928
-1.11365
-0.139117
-0.310271
-0.133515
0.416109
-0.489733
-0.8733
-0.955836
-2.19605
-0.452532
-0.955616
1.49185
-0.913315
-1.40219
-0.862769
-0.392442
2.51143
-2.40495
1.06703
-0.108044
-0.475984
0.269444
1.26969
-0.940341
-0.585598
0.276707
-2.61041
-0.312965
-0.269175
1.03421
-0.907982
0.461211
-0.073699
0.432408
-0.726385
-0.831801
-1.30273
-0.965938
0.332808
-0.266176
-0.729379
0.860533
-2.31892
1.52173
0.0214501
-0.716224
0.594539
1.37743
-1.60881
1.083
1.46271
0.0535129
0.0947224
0.981986
-1.49007
0.468287
2.03702
-0.831453
0.411334
-0.0837587
-0.0489983
-0.322024
-0.0222861
-0.243345
2.10617
-0.556929
-0.896389
0.85002
-1.63545
0.387264
-0.74942
0.483247
0.0192483
0.0810188
-0.484544
0.521381
0.403632
0.347279
1.09927
1.04386
-0.967987
0.955879
0.528489
0.545603
-0.654511
-0.749131
-2.39244
-2.14053
0.47377
-0.495914
1.48249
-1.37594
0.983951
-0.299182
-0.609003
-1.10106
0.141722
-0.790766
0.615253
-0.434914
-1.44888
-0.353286
1.11514
-0.504911
-0.913465
-1.03027
0.518347
1.68117
-0.940062
0.602036
0.599892
0.198741
-0.172558
-0.278907
1.43827
-0.978245
-0.39842
0.431092
0.170722
-0.753755
1.48446
0.766234
1.85284
2.10088
-2.03525
-1.60844
0.178321
0.574959
-1.64363
1.11564
0.370106
1.75847
0.0148635
1.06972
-1.02105
0.997227
0.301782
-0.021407
-0.937928
1.7456
0.00878348
-2.16657
0.861271
-2.33541
2.25701
-0.90364
-0.93624
0.180909
0.674028
-2.28769
-2.26234
-0.842928
0.00323498
-0.705375
-0.154978
0.903103
-0.0949889
-0.158452
-0.643844
-0.183102
1.22097
1.93891
-0.221293
-0.748266
1.70114
-1.66638
0.737712
-0.800133
0.098625
-0.647605
1.6613
-1.23707
-0.233555
1.28671
0.601554
-1.70742
1.16943
-1.05542
0.858505
1.52669
0.29944
-0.779929
-1.15991
-1.26581
0.515687
-0.463357
-0.587663
-1.22401
-0.162937
-1.8279
-0.449452
-0.907859
-2.06991
0.687396
-0.83204
1.94747
-2.26529
0.19581
0.0845062
0.426387
1.02911
0.118466
-0.626475
-0.903346
-0.323571
-1.90522
-0.163242
-0.747577
0.257796
-0.0777732
-1.14445
-0.145675
-0.962029
-0.752339
-1.12825
1.32096
0.329707
0.0678718
1.03068
1.6923
-0.709582
0.152556
0.590897
-0.127277
-0.167228
-0.73011
-0.363338
0.717708
-0.774597
0.441803
-0.0279271
-1.51056
0.839218
0.112483
0.392746
0.983728
1.86823
0.324354
0.331778
-0.830408
0.520296
0.882167
-1.39934
-1.39982
-0.121403
1.28121
2.10854
-0.224567
1.11062
-0.0124395
-2.25594
-0.0518716
-0.651191
-1.78736
-0.181507
0.231131
-2.64786
0.756486
1.96814
-1.98368
-0.0897468
0.166528
-1.02152
0.402069
-0.0484451
-0.178723
-2.92416
0.330158
-0.735026
0.861818
-0.591169
-2.24996
-0.140028
-0.447303
-1.41696
-1.43822
0.738887
0.565544
-0.611716
-2.24751
-0.414739
-1.71611
0.484616
0.283575
-0.206011
1.33369
-0.630717
-0.478211
-1.09697
-0.638308
-1.4825
1.12834
-1.39677
1.74572
-0.873377
0.302595
1.63947
-1.53849
1.26086
0.834442
1.61206
-0.00995822
-0.618316
2.25359
1.66076
-0.773469
-0.458707
-1.56007
-0.148536
-1.04944
1.43479
1.62342
0.328842
-0.461243
0.894881
0.657305
-1.50751
-0.784134
-0.123531
-1.50125
-0.852822
0.643606
-0.325357
-0.688243
1.51692
-1.09819
-1.67163
0.246897
0.597539
0.0641039
0.431089
-1.0446
1.8927
-0.874877
-0.712704
0.417348
0.458142
0.268531
-1.27198
1.28822
0.201494
-0.81046
1.67643
-0.15928
-1.07354
-2.34142
-0.0679024
-0.186971
-0.817411
-0.500888
-1.84488
0.238917
-0.0914726
0.421824
1.79343
0.155007
0.742326
0.826312
-1.29884
-0.587492
0.842215
-0.55947
0.301671
-0.486233
0.489992
-0.169947
-0.811262
0.780042
-1.38649
-0.361582
-2.17745
-0.935283
0.455924
-1.08564
1.77215
0.411915
-0.845901
-0.294812
-0.701064
-0.611195
-0.31141
-0.507726
1.08248
0.120976
0.467913
0.0162911
-0.497078
-1.35909
-0.215201
-0.490108
-0.388055
0.0918636
1.04616
0.41869
0.387647
-0.85095
-0.451164
-0.354009
0.171954
-1.05656
-0.292031
-0.610615
-1.02971
-0.425703
0.800639
-0.236075
0.0569064
-1.86235
-0.482454
-1.60036
-0.687573
-1.98139
0.77565
0.194593
0.0949343
0.865424
-0.0118512
-0.399019
-0.635942
0.312876
0.0877368
1.83383
-0.429057
-0.481606
0.922007
-0.670033
1.69582
1.52788
1.09441
-0.759242
0.369551
-2.14104
-0.671933
-0.200686
-0.469344
0.892756
0.869854
-0.439978
-0.023256
-0.540026
1.17228
0.329148
-1.03981
0.49925
0.731304
-0.327882
-0.174638
-0.652898
1.53799
-0.437895
0.906759
-0.8521
0.273104
-1.04897
1.24589
-0.901987
0.686105
-0.800573
1.24651
0.455186
-0.161522
0.519309
0.480565
-0.135145
1.38898
0.57772
0.827139
-0.216239
0.138017
0.356177
-0.132497
0.708556
-1.37796
-0.451588
-0.424723
1.0096
1.65373
0.399989
1.4414
0.040674
-0.845373
-1.87598
-0.742003
-0.150043
0.117044
0.219094
-0.851454
-0.455561
1.4005
-2.37432
1.36546
-1.82373
-0.880843
0.773511
0.487124
-0.892419
-0.281488
0.750339
-0.36653
0.134412
0.129579
-0.445206
-0.568773
-0.686766
1.065
0.301742
0.394705
-0.643235
0.650152
-0.0357749
2.30201
0.801814
-0.176457
-0.109707
1.00753
-0.865996
0.121113
-0.617654
0.185614
0.943761
0.433402
2.27526
-1.44146
2.21526
-0.6793
1.72046
-1.65315
-0.0651044
0.114386
1.0028
0.776327
0.113864
0.351361
1.36226
0.43436
-0.249725
2.15767
-1.88896
-0.544841
-0.226142
0.856184
-0.88447
1.26114
0.691194
0.196606
0.657935
-1.39228
0.381279
0.966325
-0.386642
0.373339
1.43569
-0.14331
-0.843773
1.10995
-2.22029
1.64036
0.532452
-0.337145
1.18796
0.701829
-0.521526
0.115297
-0.486551
-0.37736
-0.302981
-0.624887
-1.13887
0.743936
0.724128
0.290842
-0.684575
-1.64788
1.394
-0.100784
-0.927257
-0.123268
1.22917
-1.04997
0.780091
-1.39078
0.012439
0.14106
0.232006
-0.272437
0.0642242
0.985953
-0.186639
0.776816
-0.209566
-0.267576
-0.0550211
-0.439818
-1.1825
-1.42212
-0.354951
0.777329
-0.17421
-1.42399
1.24619
0.224387
-1.25253
-0.582449
-0.443165
-0.988651
-0.0592018
0.0164118
-0.559143
0.216296
1.86534
0.126477
0.520448
0.544673
0.366991
1.25271
-0.368689
0.655247
-0.96034
1.26898
0.89959
2.13573
0.590607
-1.34728
0.754636
0.20122
0.39166
0.956232
-0.697162
-0.5642
0.621586
0.0616115
-1.17312
-0.26402
-1.90287
-0.194617
-0.424574
-0.727874
-0.670551
-1.32791
-0.0607832
-1.33109
-0.954767
-1.68105
0.258429
1.05418
1.60967
0.740252
0.582092
-0.742379
0.570698
0.0465615
-0.902527
-0.228963
1.23428
0.829648
0.761668
1.482
0.402051
-1.10705
-0.0376138
-2.25323
1.55655
0.328493
1.50354
0.0160186
0.971379
-0.742665
-0.141794
0.956781
-0.0610516
-1.58848
-0.251189
-0.538187
1.34202
-0.213191
-0.27919
0.189658
-0.355424
-2.76241
0.968214
1.01481
0.208189
0.0664448
1.33157
-0.760103
1.37205
-0.215965
-2.10261
-0.020968
-2.54965
-0.628152
-0.189424
1.78154
0.734668
-0.551982
0.597598
2.1046
-0.816571
1.32369
-0.706618
-0.116311
0.755519
0.654208
-0.724546
-1.90201
-1.32292
1.35664
-1.12793
-0.0449177
1.42548
0.250396
0.395034
-1.49608
-0.690058
-1.62542
0.621372
0.353862
0.392447
-0.542343
0.738653
-0.374029
-1.53698
-0.363695
-0.360926
-0.521608
-1.12348
0.198986
2.07906
-0.522921
-2.93927
-2.20288
-0.287888
-1.3791
0.663411
0.615366
-0.713133
0.520567
0.731588
-0.0268695
1.2579
0.426573
-0.747325
0.830859
-0.884817
-1.12086
0.757543
0.676323
-1.35807
1.75696
2.1688
0.216884
0.275235
0.800701
1.10448
1.40465
0.459112
-0.31328
0.974921
-0.733271
0.36363
0.992132
0.639077
-0.116399
-0.38966
0.0495794
-1.11165
1.48413
0.223184
-0.872621
1.19046
0.48227
-0.978141
0.403501
0.00959372
-1.03035
-0.187345
-0.448125
0.875017
-0.425036
-0.160419
0.309389
-1.09466
1.1183
0.102917
-0.0494984
0.805019
-0.965588
-0.187093
-0.198274
-0.185566
0.0185848
0.029046
0.768182
-0.0567883
0.674483
0.570389
1.43917
-0.179352
2.38614
0.467853
-0.59436
0.86483
-0.0446439
0.347088
1.70622
0.853812
0.362821
-0.036673
1.25715
1.75306
-0.260905
-0.000180024
0.533223
0.0902555
0.0985246
-0.878866
-0.807635
0.369511
-2.78215
0.489322
0.604901
0.314368
0.809009
0.169513
-1.43141
-0.107323
-1.4728
0.150853
-0.852393
0.494872
1.19275
0.453386
-0.0102797
2.1346
-0.205565
1.17949
1.94288
0.46406
-0.00296027
-1.0359
-0.228265
0.464277
0.961176
-0.582295
-0.845969
0.825282
1.33188
-0.349162
0.935788
-1.33173
0.375592
-0.699794
-0.209959
0.0563123
0.378094
-0.950601
-0.665302
1.07987
0.579702
0.497334
1.6001
-0.760221
0.161106
-2.13808
0.656311
0.00563711
0.546716
1.70077
1.14873
-1.04178
2.03386
-0.238891
1.00748
-1.74102
-1.0151
-0.875005
1.22061
-0.083457
-1.20931
-0.49318
-2.2483
-0.466967
0.256834
-0.569394
-0.660121
0.624805
2.09447
0.34093
-1.18916
0.181998
-1.55845
-0.827891
-0.729992
0.488164
0.424906
0.283616
1.18653
1.3341
-0.135835
1.44554
-0.109388
-2.33415
-0.736205
-0.677325
1.56038
-0.130801
-0.296916
0.152626
-0.321364
0.192337
-0.293089
-0.0169915
0.538627
1.36643
-1.93557
1.5391
-0.422606
-1.68537
-1.5675
-0.539759
-1.39508
-1.24296
-1.23849
-0.993695
-1.28565
-0.15191
0.513414
0.468807
-0.112608
-0.773836
0.256628
1.65416
-0.96413
0.965823
0.123156
0.433056
-0.568119
0.169576
-0.559342
0.867516
2.51976
-0.543836
-0.903359
0.940038
1.18806
0.63997
-1.61354
-0.0402125
-1.17416
0.530883
-0.176962
-0.1555
0.475248
-0.115312
0.956569
-0.0154799
-1.68292
-1.24874
-0.2865
-0.394839
0.0323817
0.279726
-0.751323
0.421023
0.827018
1.49511
-0.491218
0.163826
-1.79922
-0.590309
-0.683844
0.516305
0.560488
0.468299
0.277131
-1.1053
0.454441
0.734808
-0.562336
0.371938
1.26045
0.238526
-0.661391
-0.371104
-0.0908635
0.188507
-0.554908
0.0388817
0.613283
-0.382575
-0.0406995
1.79659
1.83351
0.0927872
0.66132
2.02359
-0.153642
-2.15219
1.74389
1.16677
-0.0768497
0.868939
1.30991
0.106089
-0.60101
-0.822194
1.67162
1.30543
-1.71794
2.79602
1.15801
0.796534
2.04596
0.837374
-0.212453
-0.470693
1.65572
0.778229
0.142682
0.617663
0.394804
0.110943
-0.312951
-0.205968
-0.46665
1.00236
-0.0366298
-0.873623
0.803528
0.262252
-1.53454
-0.475308
-0.682607
-1.78055
2.37526
-0.511512
-0.178058
0.318374
0.582552
0.755831
1.62379
0.643598
-0.0470292
0.0235567
-0.668502
-0.497662
0.0687342
-0.663379
1.81402
-0.427752
0.746397
0.366666
-0.160311
0.511173
-0.604244
-0.829166
1.06224
0.287017
-0.0195294
1.47348
-0.819755
0.680985
0.932106
-1.55678
-0.109322
-1.16431
0.20353
-0.187796
-0.631022
-1.05479
1.28446
-1.55686
1.80191
-0.791372
1.08807
-0.997136
-0.645406
1.63762
-0.650953
2.90844
0.000766589
-0.889449
0.0548269
0.842886
-1.40124
1.74588
-0.220995
-0.742085
-0.485142
0.779024
-1.1662
0.816546
-0.697963
-0.359129
0.480364
1.27288
-0.0803774
-0.632805
0.495753
0.0704876
0.399494
1.22245
0.720156
0.0881251
-1.514
1.00274
0.605715
-1.04042
0.376301
0.432474
-0.47486
0.90237
0.591298
0.508051
-0.264426
1.63968
-0.297792
-0.0174761
1.03364
0.681818
0.445937
0.253758
-0.467275
-0.0753446
-0.665827
1.67794
-1.7927
-1.7744
-0.270263
1.18866
1.47534
0.931915
-0.0385458
-0.129922
-0.626089
0.777351
0.718997
1.06239
0.857726
-0.610451
-0.0373769
-0.322156
0.220354
0.519658
0.620118
0.357092
0.763251
-0.535276
-0.299387
1.08368
-0.317562
1.01033
0.341913
1.593
-1.86688
-1.08735
0.564637
0.413133
-0.382269
-0.732436
-0.966343
0.662454
-1.24345
1.4316
0.435108
-0.488475
-0.368331
-1.63411
-0.659096
-1.37383
-0.0772774
0.762345
-0.933471
0.932796
0.766116
1.27663
-0.816637
0.159459
0.845422
1.3536
-0.975426
-0.040843
-0.521726
-0.141474
0.80027
0.157706
-0.357516
1.61769
-0.440061
-0.147125
0.169616
-0.110855
0.329297
0.245477
-0.355033
0.857165
-0.411324
0.214637
-1.55045
-1.70524
0.0633355
-0.451582
0.0620831
-2.1999
0.454114
0.984288
-0.130729
0.722605
-0.804712
1.36658
0.328946
1.06984
-0.278218
-0.360867
-0.507422
1.15247
-1.08168
-0.482963
1.63859
0.716876
2.20031
0.907627
-0.288377
0.399657
1.41174
-1.19079
-1.7385
1.85829
2.03708
0.741452
0.304843
-1.40705
0.4526
0.496082
-1.43519
-2.25651
-0.142658
0.212597
0.733062
0.23463
0.652158
1.08528
0.559033
-0.623514
-0.0887371
0.130445
0.345086
-0.478071
-0.17474
0.683078
-1.37186
-0.24346
-1.48152
2.40559
1.21935
-1.49879
-0.808658
0.842034
-0.704136
-0.217294
0.209445
0.738757
0.232063
-2.10588
0.597875
1.38
1.39866
0.658637
1.26906
1.84276
-0.751863
-3.33504
0.259919
0.649201
1.78233
1.42285
-0.274846
0.165852
0.505088
-1.19667
0.77245
0.583725
-0.0968895
-2.24909
1.28079
-0.020847
-0.495361
-0.660436
0.259571
1.05051
-0.579382
-1.89318
-0.174196
-2.17698
-0.167346
0.118419
-0.0846881
1.00354
0.330982
0.529708
0.640169
-0.190602
-0.912521
0.123187
0.0103827
-0.484309
1.79807
0.270646
1.50933
1.09851
0.82576
-0.451311
-0.0329348
-0.467368
0.761334
-0.604663
1.50165
-1.12172
-1.83776
0.224001
0.628083
-0.912778
-0.779725
-0.904783
0.235751
2.20661
0.754928
1.26076
1.16759
0.956742
0.933036
1.2216
-0.822016
1.24149
-0.0185134
0.888963
-0.920063
1.0164
0.386991
-1.65851
0.68632
-2.05033
-0.0075544
-0.794196
1.81867
3.14149
0.774587
-0.856588
1.73816
0.637369
-1.71132
-0.857538
-0.521937
-0.518822
0.302158
-0.468156
0.2315
-0.422987
-1.00158
0.251906
-0.0723828
-0.699113
1.44694
0.709305
0.143903
-0.201233
-1.43443
-0.00904852
-1.11416
1.72924
2.00708
-1.62797
1.43367
0.843758
0.214867
0.136213
0.370595
0.390343
0.553106
0.43579
-0.369876
0.187548
-0.658273
0.358045
-0.839292
1.16337
-0.669999
0.923566
1.68151
0.801816
-0.960136
-0.557643
-1.06895
0.121057
-0.299304
-0.668403
-1.14831
0.182963
-0.919857
-0.171081
0.41216
-0.9163
-0.0930709
-0.317519
0.540938
0.357284
-0.905356
1.28691
0.429461
0.191524
2.35982
0.189245
0.1128
-0.28623
0.831196
0.22529
-0.0349997
-0.452613
-0.515347
1.32295
1.45709
1.3143
-0.252428
0.505651
-0.462265
0.0431532
-1.40905
1.95228
1.64758
0.962274
0.718163
0.138928
0.669347
-1.16451
-0.23816
-0.379162
0.0605415
1.99845
-0.776779
-1.85659
1.59147
-2.09243
-0.929473
-0.387346
0.121025
-0.10328
-0.256919
-0.951481
-0.16925
1.00641
0.0885271
0.157549
0.934216
0.997853
-0.452935
2.32947
-0.146589
-0.330672
-0.414364
0.800269
0.382167
-0.236425
-0.0674689
-0.877341
-0.326226
0.708717
0.925503
1.08557
0.799753
-1.71403
0.0362462
-0.905032
-0.20651
0.268075
0.170742
-0.710766
-2.86369
-2.01676
0.561862
0.316284
-2.22673
0.44691
0.0416066
0.31405
0.317307
0.47229
-1.73169
-1.20811
0.551818
0.486467
0.163656
0.416424
0.510792
0.778717
-0.249958
0.976917
-0.905079
0.285447
0.0827111
-0.212681
-0.0824407
0.120309
0.145182
-1.73995
-1.51915
-0.95558
-2.3175
-0.392595
1.88678
0.537293
1.7488
0.295587
0.836857
-0.320599
1.24065
-0.963377
-0.124916
0.428973
2.10554
-0.0877633
1.53467
0.708319
-0.0731102
0.0501076
-0.745902
-1.42099
0.038059
-0.832632
1.79431
-0.616733
1.19599
0.152766
0.487844
0.550781
0.685936
-0.791954
0.328953
1.61624
0.677382
0.695006
-0.201796
-0.598003
0.0706121
-1.11891
-0.0364851
-1.17151
0.344744
-0.156958
-0.388077
-0.619677
-0.836017
0.492151
0.202768
0.167022
-0.00715617
-0.257428
0.672447
-1.83818
0.047477
0.214872
-1.05939
-0.440513
-0.0634738
0.0854596
1.39223
-1.75451
2.40863
-1.00779
1.54952
-0.696666
1.52291
-0.834645
-1.57247
-0.290268
1.25004
-1.13412
0.765653
-0.221439
0.729395
-0.928198
-1.25905
1.68474
-0.413861
-0.695507
1.02266
1.78566
-0.507756
0.0197601
-2.58877
1.18502
-0.0425409
0.0475074
-1.44357
-1.44275
1.40102
-0.0900253
-1.51216
-0.522524
-1.09277
1.57904
0.500649
0.229307
0.260735
0.267736
-0.241716
-0.640168
0.126965
-3.04342
0.4732
-0.878593
-0.902528
-1.51736
0.283731
-0.516481
-0.869257
-0.652631
0.445397
-2.2193
-0.452391
0.512627
-1.09092
0.245905
0.199776
1.49266
1.09981
0.554333
0.172531
-0.371587
-0.199047
-1.70032
-1.26877
0.781929
1.47206
-1.90265
-0.0505288
-1.46662
-0.351832
-2.51273
0.897664
0.384711
-1.01691
0.620498
-1.08337
1.4522
1.22119
0.721491
1.19495
-0.832556
0.537342
0.00781758
0.339963
-1.28957
0.280598
-0.25087
-1.50065
0.405776
0.727542
0.450516
-0.989773
1.11974
1.0804
0.317516
-0.814297
0.786375
0.285472
1.43084
0.687592
0.619217
0.0799577
1.07886
-2.04666
0.214192
1.01305
-0.454721
1.7631
-0.50349
1.31597
0.37823
1.32508
-0.490494
0.48063
1.34242
-0.52281
-0.0345018
0.18457
-0.790768
0.701138
0.812325
0.33413
0.449645
0.310523
-0.500598
1.09865
1.7481
-1.19894
1.1571
0.0536426
0.0503278
0.663407
-0.542725
-0.583899
0.138123
0.367776
-0.345521
-1.02945
-0.810526
-0.537431
0.294791
0.538578
0.752592
0.344919
-0.787946
0.0892107
0.11419
0.183071
1.3932
0.507163
-0.721124
-0.158351
-1.06864
-0.730746
-0.0577802
0.01628
0.471032
1.28343
-0.9568
-1.01855
0.456848
-1.32741
-0.809024
-0.266233
-2.03971
0.186773
0.364444
1.30348
0.104539
-1.03835
-0.0229564
-0.186961
0.235591
-0.904544
-0.420183
-1.31486
0.446199
0.251235
0.482625
-2.44106
0.719689
1.79462
1.04155
1.51661
0.539934
1.92856
0.165526
0.237765
-0.552855
-0.0257768
0.0852556
-1.73768
0.29591
0.212948
1.70084
-1.70955
-0.261796
-0.453873
-0.738075
-1.32453
0.399886
0.188425
-0.689882
-1.40121
-1.22969
-0.147252
0.831648
-2.24352
-0.928885
-1.06517
-0.906346
-1.1393
-0.540817
0.374407
0.0186138
0.0424455
-1.63963
-2.36285
0.779336
-0.461905
0.753049
-0.255921
0.0854994
-0.715203
0.507369
0.742244
1.15353
-0.315413
-1.2047
0.4848
-3.13676
2.50582
0.0352673
-0.407199
0.610954
-0.208449
-1.83956
-0.11177
-1.38138
0.495747
-1.41981
0.390803
0.776863
-0.336114
-0.64962
0.133314
1.5971
-1.03781
0.0441766
-0.730537
-0.0708161
-0.334592
-0.849854
1.15071
-0.766504
-0.659063
1.589
0.0443529
0.234157
-0.702546
-0.806437
0.599923
1.84214
0.648552
0.276553
-0.140265
-0.80752
0.60763
-0.89047
-0.704269
-0.517207
-1.25439
-1.47424
0.302094
0.430846
0.00141729
-0.0152898
0.00180046
0.80919
1.55971
-0.163317
-0.0276049
1.17584
0.484505
0.200487
0.49491
0.895765
0.0237373
1.49
0.590916
-0.485381
-0.0991691
-1.09711
-1.53661
0.665434
-1.36178
-0.577239
2.81759
1.38819
0.444128
1.43127
-1.04373
-0.045915
0.418671
1.20119
0.141877
0.251625
-0.761196
-0.095765
-0.027692
0.114209
0.165015
-1.38314
0.516084
-1.26006
0.343993
-0.00106457
0.169458
1.32657
-1.13669
0.373438
0.648512
-2.709
-0.95155
2.55176
1.88357
0.608692
-0.183986
0.824264
1.56857
0.0787401
-0.960412
-1.34394
-0.546118
-0.609812
1.18893
-1.81207
0.283155
-0.963528
-1.46239
-0.443713
0.0389262
0.133101
0.0644128
0.59879
-0.286445
1.16927
0.77544
0.631905
1.61558
-0.197154
0.777333
-1.03436
-0.472037
1.25064
0.6993
1.74829
1.3117
0.504988
-0.744337
-0.43544
0.311025
0.302107
-0.879479
-0.339128
-1.66767
0.158405
-2.39558
-0.816633
-0.0426233
-0.483034
-0.144728
-0.647862
-0.997059
0.29165
0.260036
-1.70545
1.80706
2.05554
0.0108582
0.36137
-0.565673
-0.673589
-0.0445765
-1.78559
-1.17238
0.623829
0.324565
0.488458
0.941634
-1.5642
0.829212
0.546048
2.27
0.569378
1.8064
-0.217302
0.386808
-0.920559
-1.01801
-1.58366
0.903066
-0.414204
0.635017
-0.87177
0.242086
0.640627
0.654963
-1.26672
-0.635989
-1.23131
0.322961
-0.95557
-0.874675
-1.19075
-0.744171
-0.527791
0.326435
-1.42454
0.54821
-0.275943
1.33908
0.763769
-0.675779
0.50145
-0.596573
-2.0901
0.9222
0.739433
0.681654
0.770275
0.667255
-0.354484
0.109871
1.37485
0.323589
0.752007
0.469839
-1.4902
-0.212582
-0.819227
1.04961
-0.16559
-1.86969
-0.15965
1.11941
2.52212
-0.762541
0.243237
0.644784
1.34202
1.3448
0.377882
0.426849
0.996987
1.64937
0.510647
0.103194
1.86116
-1.35812
-0.696615
-0.0998829
-0.149144
0.104484
0.450169
-0.384783
-0.396169
-0.682558
-0.698583
0.698084
-0.24013
-0.362996
0.710427
-0.457141
0.696229
-0.314435
-0.298292
0.445456
-1.18598
0.62257
-0.38641
-1.731
-0.119867
-0.379427
1.89287
0.672682
-2.10807
-0.0604601
0.835547
0.479889
0.900607
-1.20103
0.128705
-0.140399
0.0674471
-0.173091
0.0229128
-0.3443
-0.889965
1.20374
-0.601612
0.49228
0.0268818
-0.678766
-0.031699
1.16712
0.686664
0.615252
0.710521
-1.8513
1.41395
-0.489326
1.10873
-0.902889
-0.731454
0.496405
-0.543913
-0.395901
-1.06745
-0.765404
2.04891
-0.277122
0.959885
0.184763
0.206416
-1.08939
-1.2029
-1.73835
-0.100038
-0.38186
0.463333
1.04995
-1.19862
-1.91857
-2.63229
1.13647
0.0192416
-2.36227
0.588723
0.495296
0.699266
0.0819309
0.124357
2.92035
0.149596
1.3575
-0.554834
-1.56311
-0.397434
0.0157687
-0.120138
-0.827852
1.4313
-0.380506
0.607989
0.339121
-0.434632
1.32551
0.735031
-1.0526
1.67235
-0.529496
0.579981
0.487008
0.379361
-0.164413
1.70571
-0.926544
-0.154282
0.526095
0.989796
-2.0796
-1.3974
0.903663
-1.1009
-1.21897
1.21662
1.18767
0.296906
-0.740328
0.766566
0.380386
-0.213127
0.757896
-0.152154
0.381312
0.533906
-0.279307
0.391796
-1.39607
0.226864
1.18904
0.888435
-1.53315
-1.02997
1.36368
-0.377806
0.191604
0.98601
-0.0976156
0.815716
-1.3388
0.747191
0.0797484
0.766648
-1.00723
0.626467
0.327312
1.31526
-1.32625
-0.34053
-0.835702
-0.251826
1.03302
-1.61803
0.98106
0.268154
0.41435
-0.934667
-0.902897
-0.237912
-0.261199
-1.43861
-0.540021
0.136048
1.57868
0.762399
0.561714
-0.570895
-1.23383
-0.334146
-0.84009
0.53011
-1.22921
-1.41501
-0.879807
0.680235
-0.166031
0.497372
0.63786
0.107256
-0.802014
0.13311
0.643673
0.376375
0.832604
2.63155
-1.93451
0.52258
-0.641436
-0.0453537
-1.05268
1.38981
0.122191
0.134678
1.70668
0.146092
-1.25453
0.398045
-0.692288
-0.852654
1.07934
-1.27671
-0.952326
1.64751
1.64031
0.470264
-1.54376
0.0565457
-0.551514
0.252299
0.156016
0.159148
1.02683
1.01692
0.343685
-0.416576
0.0335114
-0.553477
1.56668
-1.17999
-0.156829
1.49794
-0.437007
-0.769402
-0.102343
-0.333247
-1.09134
-0.405654
-0.595025
0.178947
-2.93128
-1.14732
-0.377804
-0.781282
-1.99241
0.241106
-0.00477133
0.855931
-0.141039
-0.117912
0.038337
1.62987
0.755952
0.413579
-1.62293
-1.05158
1.464
0.551653
0.517106
1.69718
-0.0175047
0.264144
-1.31045
-0.937977
0.656157
-0.584554
0.86207
0.262897
-0.0258981
-0.063259
-1.49295
-0.319284
1.43741
-0.688525
2.31982
-0.0508626
-1.51519
0.174093
0.419444
-0.377025
-0.778932
-0.445158
0.816397
-0.435262
-1.84856
-0.837348
-0.973574
-0.35617
1.04754
-0.14439
0.731571
-0.735417
1.59192
0.919267
-0.701338
-1.19603
-1.68401
1.63758
-0.297238
0.30139
1.64893
3.08243
-0.431712
-0.635673
0.958492
-1.39089
1.83054
-1.27978
1.94101
1.80304
-0.736817
-0.210996
1.0331
-0.309638
0.336092
-1.5552
-0.073589
-0.658551
0.747545
-0.568555
0.0565433
0.022114
-2.09362
0.0377594
-0.709844
0.544132
0.123118
0.958165
0.375296
1.23221
0.846596
0.413582
1.10889
0.163942
-1.80654
1.09599
-1.0745
0.787845
0.447272
-1.67672
-0.698925
-0.164285
0.212045
-0.367612
-1.25296
1.20745
0.776886
1.39204
0.878486
-0.508903
0.477218
-0.73357
-1.66811
1.48844
-0.320375
-2.80821
1.61514
-1.32029
-0.885791
-1.08529
-0.388238
-0.176163
1.55241
-0.882875
-0.557586
0.626384
-1.77156
-0.977252
-2.09479
-0.0529448
-2.07989
0.4121
-1.22525
1.96041
0.267446
0.944845
-0.40385
0.718069
-1.72712
-1.76597
-0.606061
1.29867
0.0457542
1.50356
-0.207605
1.48839
0.775541
-0.0340348
0.52734
-0.731188
-0.631608
-0.0583536
0.750248
-0.834274
-0.438618
0.668222
-0.264062
1.77864
-0.0306457
1.36118
-1.28349
0.158378
0.357364
-1.25637
-0.143051
-0.880192
-1.01474
-0.765498
-1.64987
-0.015196
0.8427
-0.530588
0.0926353
-0.506104
0.115676
-1.07525
0.0697071
-1.66114
-1.718
1.43541
0.471218
0.396222
0.227826
-1.34306
0.680991
-0.869714
0.00158371
0.588121
-0.17042
0.151969
-1.27841
0.792232
-0.875227
-2.23064
-0.218853
0.0259211
1.40437
2.784
-0.4746
-1.37306
0.670349
-0.689149
0.957647
-0.487409
-0.578919
-0.486811
1.17525
-1.28152
0.393658
-0.117813
-0.326699
0.326814
-1.50455
-0.541709
0.51195
0.301714
-2.37165
-0.009311
-1.32799
-1.80467
-0.669215
-0.363425
-0.0789767
-1.10412
-0.266145
1.8652
1.89139
1.20949
0.585583
-0.188428
2.18109
0.588568
-0.311965
0.963862
-0.00290485
-0.446474
3.32406
0.123053
0.0332419
-0.368931
1.21825
1.33204
0.138211
-1.00132
-1.63103
1.10857
-1.21571
0.199001
0.0680628
-0.486216
1.21583
0.422942
-1.05314
-0.0363376
-0.0665703
0.504065
1.06646
1.22691
0.343465
-0.958355
0.697152
0.488586
-0.567928
-1.67477
-0.355784
-0.33362
0.480293
-1.89381
0.700685
0.858609
-0.595418
-0.218791
-0.431859
-0.341284
-0.698365
0.980587
-1.80673
0.435089
0.947788
-0.0934917
1.58078
0.210713
2.58224
-0.964929
-0.398199
-0.306207
0.644856
0.462679
1.97919
-0.740765
2.02714
0.376615
0.569144
0.0862907
-0.670449
-1.33564
0.787854
1.11813
-0.407309
-0.618136
2.74802
0.567591
-0.193019
0.478467
0.13151
1.33361
-1.38581
-1.02123
1.72356
-0.511425
-0.84114
-0.370077
-0.118565
1.09602
-0.822724
-0.326374
1.54842
0.644243
-0.594085
0.0722637
1.26211
2.49675
0.863857
0.966778
1.74134
1.80918
0.96496
-0.148803
-0.279192
-0.447075
-0.263524
0.304631
-2.17567
-0.939697
1.19167
0.0199894
0.435364
-0.109719
0.0456284
1.05441
1.23689
0.42845
-0.570004
-0.476618
2.5342
0.0674897
-0.313822
-1.15817
-0.763684
-0.341665
-2.03279
-0.140068
-0.5748
-0.21935
0.112295
1.21803
-1.94901
1.25791
-0.0615141
0.862942
-0.926947
1.2748
-0.108197
0.866327
0.174524
-1.17243
-0.532599
-0.4933
-3.08061
-0.345485
-0.961344
-0.0920453
0.384445
0.796321
-0.421735
-2.11015
-1.10814
-0.791981
0.32198
-1.02336
0.389057
1.83909
0.737596
0.866815
-0.787427
-0.262083
-0.698245
-1.22694
-1.52891
-1.00076
-0.839712
-0.488426
0.837184
0.38922
-0.110092
0.885128
0.00445373
0.668735
1.5739
0.215141
-0.382783
-1.21499
0.0169098
0.0885161
0.0495114
0.175971
0.503752
-0.0832064
0.920696
0.202733
0.176253
-0.670262
2.48326
1.17143
0.521415
-0.685126
0.527206
-0.680191
-0.336102
0.294003
0.0668697
-0.340709
-0.642138
-1.1556
1.06189
-0.241116
0.0416714
-0.391859
2.21471
-0.0210806
2.1421
0.654597
-0.760118
-1.06439
-0.648593
1.34609
0.0363542
0.00847759
0.312137
0.601274
-1.54592
1.08688
-0.491494
-0.114727
0.815118
2.29718
0.0320113
1.82591
-0.596215
-0.483092
-0.364551
-0.417495
-0.813755
-0.84893
-1.06477
0.0384656
-0.823869
-1.94173
0.286607
-1.09782
0.336508
-0.586617
0.929553
1.83023
-0.326586
1.60241
0.432952
-0.981938
0.542913
0.0438648
0.031429
-1.48266
1.06455
-0.499286
0.427256
-0.787841
-1.39198
0.0650796
1.33961
-0.251381
-0.234578
2.54352
1.55306
-0.102096
-0.462347
1.03682
-0.51908
0.647495
0.388682
0.595954
-0.684374
0.43812
-0.970805
0.856171
0.643623
-0.0391461
-0.181006
-0.48446
-1.67226
0.270854
-1.58824
1.98548
-0.181017
0.398833
0.640092
0.114248
2.15049
0.0542945
-2.54454
-0.747273
-0.475299
0.0839334
0.75098
-1.06597
0.612343
-0.465961
0.299359
-0.741141
-0.399163
0.335545
0.846332
-0.89039
-2.4695
0.0533997
-0.92407
-0.487989
0.0236614
0.102087
-0.463589
-0.129968
-0.118403
-0.383993
1.49455
0.173837
0.0441572
-0.25799
-1.61952
-0.132866
0.266741
1.11263
-1.25016
0.0599305
-0.281898
0.381879
-1.70964
1.97386
1.43878
-0.180102
0.0198951
0.698844
0.257871
1.25851
1.9111
0.837772
0.526882
-0.59384
-1.73518
-0.355542
-0.599057
0.263839
0.464588
-1.81428
-0.611805
-0.768425
1.17143
-0.287692
-2.03003
-0.611972
1.73814
2.34218
-0.36756
0.274027
1.4836
-0.558085
0.216863
-2.08208
0.0757077
0.340982
-1.46589
1.98448
0.228473
-0.924183
-0.438131
0.922025
1.92312
-0.851546
0.157141
-0.473557
1.78167
-0.96304
-0.865985
1.22297
1.23715
-0.820171
0.47746
0.972702
-0.291551
-0.490321
-0.104714
-0.770344
1.27412
1.503
-1.27296
-0.236931
1.24075
-0.175136
1.40385
-0.989701
-0.57552
-0.179961
0.799737
0.121495
0.376425
0.512071
-1.0675
0.378335
2.48731
-0.268142
-0.803359
1.52046
0.394418
0.157851
-0.888304
1.30522
0.776579
0.103054
-0.540313
0.120371
1.1769
-1.3872
-0.329777
-2.65329
2.18323
-1.53723
0.333625
-0.188807
1.78256
-0.0130094
1.27053
-0.279595
2.29113
-1.37743
0.900231
1.67953
-0.169094
-0.52123
0.202294
-1.84327
2.1548
-0.336933
1.12012
0.890504
-0.0351902
-2.0124
-0.638558
-0.429941
0.988632
0.466181
1.06091
0.572966
-1.03649
0.55482
-0.580827
-0.553507
0.627535
1.80146
1.5179
-0.249214
-1.13979
0.0911728
-0.500238
0.466774
-0.0050719
0.353348
-0.476785
1.17975
0.231835
-2.18929
-0.686702
0.141676
-0.549147
0.298934
0.400571
0.326532
0.216802
-1.16281
-0.955098
0.171085
-0.376783
1.07486
-0.801329
1.97262
1.31285
0.258751
1.14128
-0.486285
-0.195952
-0.100886
-0.560835
0.345645
0.300472
-0.218047
0.587328
-1.07255
-0.79882
1.44789
0.616337
1.84064
-0.445821
-1.27379
1.46309
0.197051
0.0957422
0.711111
-0.729345
-0.383739
-0.604454
0.238368
-1.57408
-0.23217
-0.947157
-0.152198
0.268225
1.38256
-0.857297
-1.11152
-0.973485
-0.429751
-0.725919
-0.895293
0.538276
0.0292914
0.626929
1.40012
1.61874
0.696226
0.875085
1.34033
0.634161
1.47962
0.0418967
-0.115552
1.47684
1.38841
0.805366
0.189501
0.768248
0.656232
-0.215243
0.0288449
1.09297
0.312012
0.365135
-1.10373
-1.19451
0.9722
0.559569
-0.618669
0.666798
-0.301593
1.90731
2.31233
-0.988334
0.971583
0.410359
-0.945008
-2.22228
0.703987
0.600494
0.614506
-0.327873
-1.02735
-0.286195
-1.09893
-1.16961
-0.0846318
0.919117
0.86559
-1.54184
0.2193
-1.45852
0.583762
0.152756
0.440243
0.883648
-0.366024
-2.06375
-0.0495922
0.752896
-0.549451
0.327731
-0.768169
-0.839291
2.40088
1.33613
-0.329564
-0.445312
2.22607
0.61774
0.728606
-0.230511
1.07281
0.654747
0.18656
-0.450935
0.563384
-0.138627
0.0993894
0.248407
1.83047
-1.87063
0.32069
-0.215185
-0.439252
-0.28806
-1.27503
-1.74372
0.248286
0.219971
1.97207
0.198067
0.965991
2.00365
0.02582
-1.13749
0.855505
-0.308598
-0.145584
-0.398359
-1.08479
-1.12288
1.00181
1.77396
-0.089904
0.507801
0.667194
0.302513
-1.52599
-2.06344
-0.90458
0.516598
0.535274
-0.336248
-1.03989
0.472061
-1.00024
0.759341
-1.94657
-0.0437597
-0.125284
-0.421528
-0.0626535
1.12978
-0.455342
0.308101
0.869395
0.985843
1.05679
0.529011
-0.150477
0.0352811
1.07672
-0.0411931
-2.3375
0.502871
-1.0667
0.177374
-2.23282
-0.468215
0.794984
-2.71778
0.68701
0.356742
0.697652
0.156216
-0.777814
-0.0624334
0.362768
1.41636
-0.0202723
-0.191786
-0.355037
1.4731
-2.22161
0.813945
0.957024
-0.171923
-0.950759
1.92387
-0.0252504
0.0865797
0.0770845
-0.771088
-0.662922
-0.676571
0.680243
0.581995
0.151015
1.79524
-1.22442
-0.445928
-1.06469
0.31218
1.7281
0.964607
0.619466
-0.0770002
-0.844418
-1.82234
-0.270887
1.63327
1.12579
-1.10433
0.487398
-0.261434
0.126697
0.969402
0.0333386
0.950491
1.8679
0.534192
-1.77379
0.511429
-0.822973
0.408835
-1.06529
0.52286
-2.15119
-1.77826
-1.3807
0.443611
-1.90181
1.25156
1.30037
-0.0358084
0.256618
-1.23315
-1.09046
-1.16736
-1.01346
0.955229
-0.551663
0.513759
0.303161
-0.00447995
-1.32965
1.28169
1.75412
-1.53353
-1.98231
-0.0664651
1.31075
0.923634
0.662288
0.7808
1.78286
-0.0187611
-0.320876
-0.12561
0.701672
-0.655951
-0.386293
-0.495867
-0.229576
-0.443292
1.04333
-0.606337
-1.50502
-0.333946
2.07102
1.49721
1.01378
-0.0071708
-0.687594
-1.0506
2.33587
-0.984145
0.227476
0.545117
1.06608
0.514482
0.646988
-0.565288
-2.33942
-0.846396
-0.295702
1.86824
0.135361
-1.3077
1.33611
-1.24401
-0.64728
-0.35469
0.367926
2.4331
-0.248503
2.69013
0.93723
0.683996
-0.915338
-1.08896
-0.861335
-1.98358
0.472741
-0.0135264
0.43394
2.70092
-0.688134
0.241972
-0.48433
-0.572672
-1.72228
1.16656
-1.9682
-0.0927176
0.711579
0.978492
0.875933
0.805057
1.08889
2.32505
0.681456
0.963139
0.597619
0.729388
-1.38346
1.3194
-1.29637
0.497274
0.453649
-1.31322
0.519897
-0.308195
-0.486721
-0.122035
-2.77267
-2.58677
0.693882
-1.0939
0.219521
-0.325544
-0.441555
2.74968
0.538317
-0.421597
-0.7453
-1.45845
1.84944
1.0162
-0.221229
0.450563
-0.191976
-0.133483
-1.48151
-0.753462
-1.75385
-2.33775
0.371278
0.522532
-0.523569
0.349173
0.425644
-1.01401
-2.7792
-1.02995
-0.698526
1.14262
-0.761312
-0.321618
-0.821505
0.0350155
-0.34363
2.30325
1.09443
-0.0908265
1.16882
-1.32964
0.744478
-1.58204
2.28631
-0.047946
-1.76161
-0.641269
-0.510458
-0.675652
-0.313836
0.193971
-1.24742
-0.0534062
0.645442
-1.77754
1.03325
0.273689
0.688011
-2.07691
-1.58318
0.239863
-0.82441
-2.24063
0.049304
-0.573711
0.763454
2.07599
1.17946
2.97195
-0.388623
1.21196
-0.423305
0.221872
-0.483438
2.24657
-0.562433
-0.335156
-1.22747
-0.670749
1.11404
0.241957
1.28931
-1.82166
-0.4488
0.751733
0.652361
-1.08073
-0.504264
0.810944
0.351682
0.35009
0.479456
-0.062814
1.3378
0.149861
-0.467055
1.36168
-0.929092
0.228681
-0.514383
0.387674
-0.599536
0.445838
-0.741596
-1.3618
-0.393845
-0.392651
-0.339686
1.72929
-0.49724
-1.73637
1.71603
-0.80383
-0.239507
-1.58276
1.24058
0.554355
1.05979
-0.171352
0.526837
1.19888
1.70115
1.45437
0.852375
-2.49753
0.928748
1.40331
0.469417
-0.357062
-0.779743
-0.000417131
-0.708673
0.156427
-0.108388
-0.964479
0.448464
1.44507
-0.00109282
-0.0787311
-0.0179007
2.03203
-0.497269
0.938533
0.515421
0.418276
-1.0576
-1.00741
-0.817292
0.926905
2.29955
1.4105
0.552195
-0.612454
-0.405724
-2.64218
-0.0546249
-0.143412
-1.14674
0.0442705
-0.67972
-1.29371
-1.86424
0.359324
-0.974192
-0.880971
0.544986
1.52892
0.150643
0.582363
-0.665287
0.331585
0.977589
-0.326212
1.33782
-1.64502
0.705964
-0.502292
-0.398469
0.109364
-0.219575
0.206671
0.312987
-1.98479
-1.06732
0.7101
-1.47986
-1.31097
0.387606
0.339266
0.077439
1.79378
-0.860098
-0.367951
0.288995
0.246757
0.15691
-0.936332
-0.915275
-0.488604
0.876749
2.08602
1.1148
-1.61284
1.09803
-0.884142
-1.14436
-0.562922
-0.418583
-1.16265
2.73336
0.382409
0.288655
0.267018
-0.366496
-0.639905
-0.543634
-0.00524907
-0.830054
3.15685
-0.0909533
-0.118598
0.662297
1.73411
0.419255
0.367972
-0.395557
1.8116
0.15344
-1.07656
1.13731
-0.291265
-0.463578
0.680523
-0.112289
-1.2152
-0.332502
0.168885
-0.151304
-0.0605274
-0.184797
0.570675
0.952376
-0.735149
-1.31094
0.82547
-1.59075
-0.407683
-0.350071
-0.230517
-2.02058
-1.32205
-0.0549363
-1.13785
0.550813
-0.858078
0.94661
0.0523068
-0.212982
0.280897
0.862216
-0.7748
-1.70769
0.737315
0.306017
-0.523139
0.823589
0.204339
0.0504347
1.31039
-0.329322
-0.386968
-0.98938
0.982721
0.935913
0.073746
-0.441005
-0.0538681
-0.762478
-0.232179
-0.575425
-0.49085
-0.438288
-0.669041
1.55939
-0.977026
-0.666429
0.482193
1.13256
1.34838
-2.16448
0.529678
0.483985
0.68242
0.846877
-1.86132
1.35654
0.00837453
-1.67981
-0.555665
1.07447
-0.786999
-0.925801
-0.547768
0.825447
-1.19432
-0.55978
3.44715
-0.0803786
1.14933
-0.0950738
-1.14865
0.534022
0.981761
0.620232
-0.179641
-0.179677
-0.438239
0.398395
1.19732
1.6269
0.0814725
-1.87417
-0.803617
0.620159
1.67558
1.04127
-1.38273
-1.27403
-1.27483
-0.664026
-0.462637
1.40063
-0.373844
-0.808032
-0.569136
-2.81626
0.856652
0.272838
0.625967
1.02097
2.00117
0.277415
-0.00043047
0.24362
1.77672
0.640937
1.09518
-0.356085
1.79411
-0.808514
-1.28539
1.48621
-0.978424
-0.625209
-0.0469266
0.653721
1.2808
-1.7826
1.13375
-0.606681
0.321203
-0.132904
0.834502
0.144103
0.252234
-0.976863
0.0928434
-0.490332
-1.26661
0.0130093
-1.58804
-2.75019
0.74888
0.37377
2.01556
-0.221448
-1.1457
0.212795
0.00927181
1.64934
-0.153651
-0.192292
-1.23052
-0.582915
1.59073
-1.9536
-0.110245
0.367973
-0.0773846
0.808914
-1.54276
0.784447
-1.22476
-0.328278
1.5045
0.368379
0.218397
0.450253
0.178021
0.0444304
0.155428
-1.51903
-0.991857
-0.840504
0.0544819
-1.45937
-1.73935
0.249603
-1.89304
-0.924867
1.09969
0.755874
0.60535
-0.275162
0.0226981
-0.992692
0.024482
0.499904
1.50654
-0.167437
0.237429
1.1105
-0.77992
-0.811194
0.534759
-0.498759
0.143042
0.0128762
-0.752695
-0.345166
-0.707884
0.0350407
0.15106
0.800641
-0.0345023
-0.0419721
-0.981772
0.509038
1.94533
0.653451
0.106192
1.71335
-1.21227
0.630354
0.0735311
-1.05876
0.61301
-0.111385
-1.00483
-0.660281
1.42903
-0.541962
1.68569
-1.50921
-0.262266
0.230457
-1.47273
-0.873193
-0.150088
0.315898
-0.105781
0.0597686
1.35119
0.467326
-0.469412
1.13959
1.58679
-0.360341
1.24718
1.4232
0.600354
-0.0555135
0.215757
0.299997
-1.15641
0.136478
0.828604
1.01308
0.278552
0.654416
-0.141332
-0.414815
1.10215
1.52016
-0.468776
0.589737
0.91153
0.470794
-0.864134
1.72157
-0.710895
-0.492306
-0.716583
2.88655
-0.4297
0.62847
-0.867893
0.77855
0.487474
2.13118
1.05598
-2.75546
-1.40949
-0.953235
1.47179
2.08103
1.87105
2.55127
1.80308
-0.0983265
-0.448826
0.611823
0.655122
-0.172313
-0.0234996
-1.14069
-0.365482
-1.13737
-0.218914
1.19603
-0.255959
2.04117
-0.613929
0.470055
-0.425937
0.181664
-0.412566
0.664875
0.163978
-1.30243
0.722041
-0.153106
0.109691
0.683034
-1.31666
0.526816
-0.739068
-0.0167895
-0.685184
-0.947121
-0.58267
1.90409
0.478018
-1.73941
0.397517
-1.12293
-0.16888
0.811286
1.31535
1.67532
0.712715
-0.513409
-1.30751
0.359268
-1.41517
-0.369382
0.790771
-0.784227
1.7895
-1.5209
0.0475329
0.258203
0.887664
1.43181
-1.18202
0.94502
0.15462
1.8
0.837019
-0.425855
0.250381
-0.131596
0.29636
-1.75299
0.358408
1.10925
0.962201
0.689133
-1.77739
-0.741737
0.127874
0.835149
1.18721
0.672426
0.728671
1.74016
0.443831
0.0193571
-0.316327
-1.30697
1.05357
-0.39706
-1.19744
1.05642
-0.184482
1.51618
-0.717381
0.534609
0.0676936
0.370545
-0.515593
-0.784915
0.0527238
0.0747772
1.99193
1.70955
0.556087
1.05624
0.0859599
1.49675
-0.21121
1.78466
-0.467064
0.519097
-1.13449
-0.52906
-0.758309
-2.30379
0.751968
1.08358
1.0248
-1.16242
0.694393
-0.28371
1.63241
-0.456915
0.10865
-0.308434
-1.19329
-0.563579
0.633958
-0.665056
-1.19932
0.725476
2.09433
0.698026
0.393603
-1.18515
-0.295229
-0.262343
0.815813
0.555649
0.365255
1.65771
0.970786
0.576554
-0.760061
-0.0483319
0.0417878
0.179216
-0.913761
-1.30241
-0.280026
-0.687527
0.0140817
0.523478
0.101249
-0.175523
2.82446
-0.840298
-0.674213
1.37644
1.8991
0.977454
0.295728
-0.561826
-1.32863
0.745236
-0.973193
0.644016
1.17948
-0.774868
1.28721
-0.115341
-1.03579
-0.764272
1.58844
-0.867289
-1.30455
-0.000796165
-0.00216725
0.387709
0.329288
-0.86939
-0.501
0.192392
-0.552153
-0.942814
-0.396104
0.105516
-1.01261
0.910598
0.881531
-0.385537
1.39927
0.316806
-1.5808
-1.04697
0.322102
1.74834
0.725131
-0.716173
1.85595
0.963496
0.396647
0.80527
0.251628
-0.194798
-0.542009
0.207182
-1.675
-0.349164
-0.682645
1.13178
-0.629992
0.53795
0.0486
0.499544
0.307826
-0.679902
1.34931
-0.139021
0.186546
1.1405
0.145213
-0.202044
-1.10413
-1.58788
0.279675
0.215939
0.456768
1.10596
0.556443
-0.768051
-0.148722
0.322113
1.63046
1.60528
0.336875
1.22485
-0.100669
0.724643
0.336232
0.0404244
-0.21783
0.719585
-0.468919
0.131625
0.254836
0.7186
0.74237
-1.60468
-1.29547
-0.635037
0.154355
0.774871
-0.0506164
-0.394542
-0.62041
-0.0621466
-0.0686438
-0.787585
1.27801
-0.656299
-1.56463
1.18041
1.29983
-0.594603
0.266719
0.512504
-1.31903
0.423775
-0.825534
0.955845
-0.681862
0.332976
0.198629
0.347547
-2.73883
-0.826633
-0.672626
0.449481
-1.64219
-1.0956
0.42712
0.600569
0.567897
0.0429233
-0.913279
-1.00514
-0.0751289
-1.57317
0.327615
1.40827
1.22138
-1.45788
-1.02895
0.309069
1.45422
-0.943666
-0.0955604
1.11788
-1.35004
1.02524
-0.63545
0.190364
0.679711
-2.09753
0.853022
-0.421539
-0.251784
1.50249
0.327671
-0.464451
0.0301553
1.77233
1.37323
2.09455
0.453656
0.462966
-0.0225741
0.164594
-0.457805
-1.45434
-0.405451
0.82702
-0.438606
-0.253082
-0.224865
0.269201
1.1803
1.30783
0.390513
-0.270433
0.556527
-1.2784
0.901085
0.235175
-0.107722
1.76367
0.747841
-0.328795
-1.52287
0.557985
-0.686354
0.488315
0.488939
-1.27981
-1.24331
0.661097
0.871357
1.21624
0.74407
-0.5367
-0.905877
-0.0700341
0.457968
0.863539
-0.565945
-0.707133
-0.0375
0.857412
-1.40703
1.38736
-0.0194678
-1.23056
-0.494486
0.65869
-0.526582
-0.29575
-0.714026
-0.257903
-0.945138
-1.51823
-0.673077
0.152197
-1.84711
-0.0125238
-0.151999
0.98
-0.910107
0.078818
-0.119149
1.00204
-0.0614175
0.282638
-0.716693
-0.737691
0.136638
0.973448
1.28395
-0.383495
-1.69295
1.35865
-1.23217
-1.44856
-0.369235
0.0781714
0.344602
0.135758
1.06958
-1.10263
-0.476179
-1.20555
1.33161
-0.668371
0.293325
-0.16753
1.23118
0.114529
-0.0110664
0.43103
0.439091
1.49118
1.40134
-0.267999
1.09242
0.860126
1.13459
-1.54188
0.497845
0.51763
-0.352793
-0.0691647
-1.06201
-0.261138
-2.32438
-1.20222
-0.0283393
0.929867
0.728167
-0.158882
0.294499
0.102427
0.0692303
0.850471
-1.2735
1.53718
-0.00748035
-1.57189
0.116837
0.224399
-0.231509
-0.771683
-0.0792273
0.140057
1.7116
0.781148
-0.587923
0.486178
-0.0526818
-0.828641
0.73019
-2.06169
-0.829604
0.20711
-0.61439
0.5196
-0.51242
-0.203262
-0.34859
-0.642951
-0.0129594
1.75075
-1.40461
-0.536378
-1.60421
-1.63216
-0.192703
0.196059
1.03066
-0.232841
-1.15954
-0.520727
0.956758
-0.847311
0.0366132
-0.21859
1.92135
1.6107
-0.58842
-0.33762
0.0439268
0.660389
-2.3116
0.569311
0.162892
-0.455938
1.90355
-0.665685
0.365985
0.855613
0.272575
-0.394812
0.334046
-0.364286
0.196983
0.251332
-0.0684045
0.30396
-1.88461
1.00012
0.269118
0.285358
-0.386182
-1.87852
-1.57507
-0.214887
-0.83362
0.425232
0.28805
0.205707
-2.18272
-1.58513
-0.475225
-0.507937
0.911905
-1.10902
-0.156944
-0.740793
-0.0148277
-1.18759
-2.22973
1.37822
0.0812387
0.981987
0.81089
-1.01655
-0.492851
0.224499
2.1643
-1.08269
-0.567516
1.95099
-0.20103
0.923627
1.29692
0.440422
0.45534
-0.310093
0.443255
0.617842
-0.631305
-0.999957
-2.74743
-0.98635
-1.3283
0.540457
-1.00266
-1.34391
1.71611
-0.680125
-1.40806
-1.14393
-1.50174
-0.874105
0.0445729
-0.648052
1.56211
-1.7755
-0.142459
-0.542289
0.995379
-0.731391
-0.866042
-0.228319
-0.104414
-0.00774449
-0.0236228
0.48644
0.011318
0.404123
-0.252755
0.776516
0.0439118
-0.156823
-2.29156
-1.07134
-0.97277
1.69137
-0.102475
0.73346
-0.0140245
1.29315
-0.67074
-0.0952739
1.05832
-1.13249
0.119582
-1.49723
-0.499655
0.122006
-0.222292
-1.42117
-0.93107
-0.337275
0.743025
0.0232481
0.331733
-2.25315
-0.833499
0.0227491
-1.48579
0.376111
1.19362
-0.505835
0.798958
1.15769
0.91576
-0.739216
0.00959523
1.22477
0.479448
-1.56501
0.761659
0.797796
-0.240555
0.0697292
-0.861592
0.241217
-0.0582524
-0.488123
0.0110248
-2.4182
0.31171
0.513773
1.26127
0.89383
-1.0194
-1.39412
1.3683
0.0117075
-0.801939
-0.137854
1.17532
-0.894095
0.933637
2.11142
-1.55569
-0.475992
0.100987
0.225473
0.00879358
0.783048
0.132736
0.483007
-1.18936
0.405
0.292822
-0.872191
0.691428
-0.155087
0.48993
0.439943
2.01748
2.39973
2.26657
-1.47506
0.0632263
0.425706
-0.273411
-0.0657485
0.464745
1.35725
1.12856
0.50835
-0.961927
-0.0449614
-0.0413189
1.08187
1.43839
3.17829
-2.30331
-0.00385188
-0.0317049
-0.429962
-0.227586
0.298281
-0.269574
0.324615
-0.138217
2.06622
-0.0329618
-0.509115
-1.45855
-2.63374
1.93897
0.270463
0.286288
-0.546458
-0.898585
-1.4822
-1.34011
-0.724389
-0.0244423
1.36541
-1.0052
-0.229287
0.594315
0.205741
-1.36383
-0.273151
-0.679403
1.18701
0.202428
-0.872199
-1.10615
0.149302
-0.0509769
1.49566
-0.199882
-0.55957
-0.349131
0.214741
0.621735
0.743647
-0.539218
0.00397443
-0.41709
0.407589
0.352426
-0.493019
-1.06638
-0.937573
0.0358594
-0.58731
-0.999982
-1.39781
-2.0413
1.41089
-0.61863
-0.685337
-0.116679
-1.38632
-1.12088
0.780346
1.11215
-1.11611
-1.2424
-0.0962993
1.93839
0.0823237
-0.0771208
0.182842
1.64393
-0.864275
-1.56745
-0.735902
1.38593
-0.35645
-0.453593
0.412102
-0.0365867
-2.06119
-1.60648
1.47792
0.495767
0.451402
-0.759731
-0.108296
1.57195
1.0589
0.5398
1.36592
0.46254
0.215258
-2.33319
-2.35376
1.32435
-0.691335
-0.753989
0.481054
-0.220503
1.15905
0.467834
-0.623648
1.16639
0.449172
-0.772588
-0.597432
0.0268126
1.13239
-0.626115
0.307322
-0.00171289
2.22282
-0.61526
1.20951
-1.79235
-0.902809
0.974697
1.35801
0.15661
0.3185
-0.424198
0.899289
-1.67693
-1.66167
-0.593701
0.743074
-0.556323
0.766446
0.300044
2.18542
0.022157
0.213906
-0.86613
-0.400267
0.840593
0.260206
0.813086
1.03738
0.674426
-0.316921
0.131339
-0.817731
0.679608
-0.67385
1.11309
-1.07523
0.412665
1.46012
-0.761926
-1.57713
-0.995485
0.686611
0.348718
-1.57314
0.169327
-0.294207
1.16556
0.00991316
0.979984
0.482059
0.79313
0.244467
-0.909563
-2.74624
-0.114338
0.105128
0.286646
-0.408215
-0.302106
-0.0294094
1.50227
-0.488412
2.19359
0.000297933
-0.693367
-0.519101
0.190384
-0.0122348
-0.112616
0.299622
0.205145
1.42628
-1.30451
-1.04841
-0.0380305
-0.417657
-0.680815
1.84204
-0.861265
-0.231074
1.11706
-1.49876
-0.717542
2.17074
1.66514
-0.819226
0.595697
1.48313
-0.45312
-0.052606
0.121756
-0.79347
0.620978
1.72804
-0.706898
0.252682
0.220768
-1.3393
-1.23242
0.31887
0.947965
-1.01758
-0.00944837
0.817244
1.01913
-0.289882
-0.0665415
-0.0246356
1.31375
0.830912
0.021006
0.665249
-0.548004
0.738486
-0.167778
0.416175
0.00663839
0.0854307
-1.28616
-0.500836
-0.93878
0.810916
0.224017
-1.98315
-0.183435
1.3544
1.33475
-0.222892
1.61247
-1.47435
0.236242
0.0361606
-2.35023
-0.141442
0.316048
-0.153619
-1.47307
0.0930434
-0.0775584
-1.00556
-0.610703
-0.736005
-0.832564
-1.63888
0.839271
-0.13226
-1.30617
1.017
-1.08229
0.0201425
0.0861913
-0.880663
-0.876933
1.04798
2.76039
-0.424408
-1.21335
-0.743719
-0.7621
-0.638406
1.01957
-1.36638
1.9649
1.51258
-1.21031
0.836823
-0.136557
0.0149923
1.01702
-0.796646
-0.230184
0.273145
1.71574
-0.585135
0.829828
0.441895
0.566978
1.90271
0.342756
-1.89326
0.240953
-0.618953
-0.392914
-0.11314
-0.568814
1.08478
0.173001
0.159757
-0.985348
2.07448
-0.449167
0.715869
-1.91105
-1.24998
-0.391621
0.533564
0.552172
-0.388981
1.91974
0.134739
-0.130165
-1.72238
1.56456
0.0588546
0.785309
-0.115001
0.863138
0.166849
1.09486
2.34833
0.94812
0.0704368
0.154428
0.784888
0.00477762
0.215663
0.667507
1.44712
0.847186
-0.101871
1.25166
1.39007
1.14389
-0.555235
-0.0517998
0.806003
-0.723417
1.11926
-1.05985
0.741292
-0.425358
-1.03368
0.131572
1.70451
0.23028
-1.43848
-1.93312
0.031749
-0.496736
-0.989582
-0.0927594
-0.554127
0.0540475
0.408426
0.900826
-0.248512
0.551521
1.32429
-1.60261
1.59911
-1.09545
-0.333627
-1.46282
-0.908585
0.566229
1.50797
0.512269
-0.211687
-0.0966055
-1.31208
-0.523369
-0.796167
0.514637
-0.228648
-0.662061
-1.95264
0.19329
-1.32251
-0.409139
0.420455
-2.2726
1.45872
-0.206445
0.450224
-0.763642
-0.662276
0.892059
-0.643091
-0.0549196
0.180255
-0.160012
-0.142189
0.607036
0.264625
0.335135
-0.302826
0.526588
-1.2791
2.13621
-3.15479
-0.80617
-0.263202
-0.33528
-0.932959
0.435457
-0.749967
0.446644
-1.3634
1.90698
0.42561
0.620268
-0.822995
-0.220903
0.583092
0.00609721
-1.23409
0.199008
-0.741477
-0.180978
-2.13354
-0.326076
1.51429
-0.583851
0.129015
2.63881
-0.880113
-0.958869
0.327239
0.589779
-0.279238
1.45529
-0.776577
0.218149
-0.462159
-1.43198
-0.316465
-0.484353
0.782642
0.358146
0.223077
0.597651
-0.761285
1.35805
0.525662
-1.7719
1.48919
-2.71129
-0.596349
-0.16672
0.506881
-1.1704
1.06437
-0.815923
1.54862
0.942706
-0.458272
1.20151
-1.02635
0.704017
0.0181465
1.12448
0.396269
0.78171
-1.07084
-0.10083
-0.532194
0.280352
-0.331678
0.424938
-0.214502
-0.185708
-2.60386
-0.566851
1.16746
-0.428077
-0.445718
-0.625409
0.171801
0.799912
-1.99079
0.319479
-0.56303
-1.32034
-0.818233
-1.36746
-0.159848
1.85786
0.00703461
-0.906298
-0.0725493
0.305854
0.0426976
0.758139
0.0608571
-0.0467279
-1.31273
1.28522
2.50914
-1.55126
0.17489
0.540763
0.826687
0.118487
-0.201065
0.258494
0.726904
-1.86464
1.51318
1.13464
0.647821
0.839086
0.439993
0.839108
-2.50322
-0.393429
-0.415631
-0.26878
-1.08311
-1.10419
-1.15256
1.06487
1.45621
-0.379999
0.748125
1.21596
-0.446738
-0.72879
-0.156439
0.97078
-0.229519
-1.47968
0.883159
0.922066
1.85371
0.445114
-0.240401
-2.05265
-0.0658949
-0.544878
-1.03665
0.559755
1.177
0.440756
-0.478916
-1.66844
0.460783
-0.12034
2.03314
-0.250717
-1.5921
-1.74096
-0.865667
0.15763
-0.478199
1.13287
0.141571
-2.05947
0.824992
-0.506959
1.98005
-0.986275
0.727758
-1.31504
-0.553304
-1.93147
-0.199017
1.09352
-0.499399
-0.234104
0.653271
0.790072
0.807944
0.432354
0.00289512
-0.717487
0.143027
-1.14234
0.0515441
-0.264962
0.602556
-0.521912
0.271204
-1.31184
-0.112629
0.359399
-0.789249
0.259603
0.361661
0.673198
0.930673
0.213443
0.360314
-1.02252
1.08595
-0.723294
0.357449
0.199684
0.698793
0.992867
-0.507975
2.25836
-0.954149
-0.0702607
-0.544095
-0.678764
-1.40511
0.195031
-0.00390063
-0.24321
0.215373
-1.02446
1.95233
-1.38597
0.558883
1.17319
1.09887
-0.773924
1.35746
-0.304244
0.452805
-1.67848
1.13669
1.67304
-0.628875
0.831056
0.306708
-1.53808
-0.390533
-0.593663
0.431078
-0.193391
0.972098
1.72161
1.40818
0.352006
0.600942
-0.257864
0.512852
-0.0187017
-0.709969
2.22737
-1.05127
-0.351373
-0.949605
-0.755005
-0.0380588
-0.360115
-1.16676
-1.58578
-1.00096
-1.91034
1.9747
-0.8801
2.50407
-0.759887
1.30776
1.76162
-0.845268
-0.318908
0.271145
1.13521
-1.40677
-1.374
-0.492246
-0.329826
0.949172
0.626549
0.304746
-1.44084
-1.14151
-1.72367
1.5744
0.62624
0.533157
-2.05621
0.186305
0.408357
0.802678
-0.175356
-0.772456
1.68429
-1.02434
-0.917563
-0.468951
1.46937
1.5394
-0.000373173
-0.616976
-0.268859
1.14076
-0.733113
-0.599516
1.22643
-0.464914
0.721565
-0.599313
-0.0714911
0.464171
-0.728428
-1.07873
1.22269
0.804549
-0.311887
-0.193851
2.06943
-1.41299
-0.422211
-0.0136756
-0.0186735
1.81565
-0.158885
0.391719
-0.572373
0.0414264
1.17637
-1.63295
0.0988616
2.82808
-0.449744
-0.702515
0.0990019
-0.444302
-0.728797
-1.21045
0.774232
-0.619324
1.93489
0.179002
-0.191693
0.928915
0.699589
-0.0216416
1.79977
-1.09204
0.158728
0.625792
-2.03143
-0.44547
0.45941
0.362854
-1.04977
1.55456
3.37826
0.683692
-0.686665
-0.716372
-0.546791
1.15832
-2.809
-1.369
-0.106418
-0.894794
1.33349
1.3922
-0.794585
-0.943435
0.225119
0.00191596
1.04411
0.791237
-0.660645
0.00521316
1.10687
-0.560609
-0.209822
0.840127
-0.184015
0.475231
1.33289
1.06158
0.0869486
-1.45014
0.421447
0.298517
0.0127649
-1.19875
1.28748
3.02722
-0.1228
0.451863
1.73026
-0.450997
-0.952847
-1.05197
2.29421
0.102577
1.14343
-2.2841
0.352791
0.120213
-0.721122
0.121531
-0.433431
1.8389
-3.25775
-0.216207
1.98517
0.42955
0.463383
-0.542803
-0.54369
0.272605
-0.249082
-0.864158
-0.899844
-1.62246
1.01006
0.867227
-2.47532
-1.24027
0.0238567
0.08894
-1.86912
1.76202
0.741063
-0.537874
-0.508962
0.695989
-1.00795
-0.647653
-0.745091
-0.413646
-0.193885
0.012199
-0.0367007
0.347817
-0.219793
0.329243
-1.54666
1.19143
-0.374074
-0.175419
-1.20223
0.732431
-0.505748
1.35598
-0.647711
0.595662
0.163928
-0.0661831
-0.980721
-1.0324
1.26659
-2.34665
-1.39143
-1.37075
-0.146671
-0.915644
-1.0652
-2.03351
0.027384
0.71456
0.0550744
1.05878
0.411991
-1.65747
0.60089
1.24723
-0.0978918
1.5511
1.01576
0.440995
0.438936
1.17833
0.0421383
1.72832
0.762748
0.252349
0.643229
-0.753542
-0.636613
-0.517401
-1.96115
0.386401
0.918082
-1.15033
1.59593
-1.35935
0.372133
1.18953
-0.696603
2.41734
0.442474
-1.50083
-1.18311
-2.20045
0.82977
0.251289
1.78088
-1.14
-0.71591
-0.325557
-0.59032
0.897845
0.617538
-0.167648
0.142009
-0.520024
-0.649453
0.806964
0.16457
-0.385628
0.524016
-0.752549
-0.548308
1.03394
0.383431
-0.45134
-0.295783
-0.00521811
0.471801
0.0709491
-0.600534
-0.944501
-2.07508
-0.25155
0.743965
-0.752315
0.729595
-0.844841
0.711833
-0.469011
2.1178
2.41721
-0.284864
-1.23402
0.804474
-1.40435
-0.611945
-0.836402
0.589439
-0.927094
-0.694676
-1.79271
-0.219497
-1.08153
0.392155
1.01056
-0.913592
-0.855084
0.439143
-2.0588
1.26813
-1.19582
0.711523
-0.327282
0.650295
0.213221
0.365395
0.500936
2.20828
1.3145
0.30399
1.44688
0.912598
0.632092
-1.72757
-1.21758
1.07038
0.867587
-0.201592
-0.510006
-0.314885
-1.13191
0.216259
-0.0719022
-0.519733
1.53831
0.0817667
1.13183
0.864553
-1.25959
1.47247
-0.322539
2.18518
-1.03845
-0.298274
-0.431868
-0.639813
0.43186
-1.29864
-0.0685162
0.702959
0.0435281
0.200302
-0.649537
-1.34151
-0.87836
-1.98384
0.690622
-1.16599
1.60418
-1.90484
-0.165469
1.42876
2.41873
1.62845
1.2977
-0.0932052
-0.254291
-1.42507
0.749729
-0.0782488
-0.703144
-0.675928
-1.68346
-0.51397
-0.70213
1.53466
-0.123476
-1.1934
0.117646
0.609584
-0.626058
-1.75414
-0.193749
0.923933
0.232825
-1.53802
0.135362
2.20328
0.0605173
0.905464
-0.706064
-1.03859
0.910008
1.15274
1.94981
-0.842899
0.345011
-0.0063246
1.74698
-1.84704
-0.0154747
0.706094
-1.66738
-0.665665
-1.00698
1.45532
-1.20605
0.456014
-0.166429
-1.09107
-0.260935
0.701677
0.845935
1.49818
-1.73498
0.683174
0.493054
0.0521334
-0.713334
-1.32467
1.43998
-0.670671
0.28836
-0.0219017
-1.2974
0.239187
1.5224
-0.0105517
-0.175034
-1.6306
0.886288
0.324834
-0.5491
1.80818
-2.17484
0.290651
1.787
0.76306
-1.65264
0.540357
-0.640251
1.49986
1.29233
0.0260291
-0.199455
0.371298
1.06805
1.39198
-0.120465
-0.44486
-1.80481
0.106282
-0.301865
-2.70661
-0.834269
0.639152
0.390685
-0.107854
-0.322385
0.61758
-2.94256
0.253819
0.237847
-0.326559
-0.998347
-0.817148
-0.763295
-0.07189
0.215798
-0.504984
0.0677471
-1.59034
1.07469
1.00494
1.31673
-0.84173
-0.452757
0.749885
1.21726
-1.21946
-2.07368
-1.47176
0.587206
-0.00443018
0.709465
-0.564532
0.912798
-0.00754804
-0.170661
0.0573864
1.75747
0.405919
-1.07002
-0.405975
1.0555
-0.804887
0.704568
-0.689816
-0.152866
-0.0415902
-0.100815
3.28029
-0.461166
-1.08537
-1.10586
-0.746588
0.0739021
-1.64459
-0.811393
-0.556372
-0.26476
-1.19756
0.828989
0.204988
1.35291
1.37504
0.753443
0.417328
-0.0570856
0.0655804
0.328286
-0.206203
0.920845
-0.857028
-0.0633848
1.28436
0.886407
-2.03216
-1.6148
0.80772
0.303492
0.0101453
0.429816
-0.729439
-0.00726775
0.810544
0.564211
0.752559
-0.624946
-0.804147
1.03514
-0.285304
-1.6186
-1.45396
-0.48254
2.23134
0.245749
-0.184498
0.779708
0.52514
-1.65154
0.847696
1.59648
1.16353
0.0400985
-0.958068
-2.43408
-1.32722
-0.897538
-1.41402
0.676438
-0.187194
1.17288
-0.613902
0.0582069
-1.02123
-0.912915
0.895715
1.37543
-0.625806
-1.1308
-0.0800158
0.711889
-0.244396
-1.68233
1.49962
-2.3007
-0.374219
2.3172
0.56942
0.2399
0.121077
0.976258
-1.00048
0.525752
1.32209
0.644833
1.60574
-1.31316
-1.13072
0.623514
0.172291
-1.43457
-1.5428
-1.3192
0.819527
0.488648
2.22899
0.776542
0.863216
-2.75821
-0.634299
0.496074
-0.764155
-0.944785
0.0451998
0.420241
-0.176657
-0.567379
0.735611
1.51427
-0.772464
0.132379
-1.35745
-0.535582
-0.0925544
-0.656515
-0.51907
-0.344299
0.363044
0.814634
-0.481678
-0.206132
-0.76452
-1.63803
-0.240332
-0.111733
-0.309626
0.362302
0.512946
0.782593
-0.647295
-1.26306
0.667345
-0.901026
0.575948
1.30096
-0.782277
0.307715
0.0073562
0.188012
-0.470713
-0.338924
-1.57318
-0.148211
0.0047683
1.27083
-1.05352
-0.113086
-0.166058
0.546349
1.44287
0.75106
-1.75518
0.848357
-0.76592
0.401621
0.966877
-1.93515
0.518345
-1.08794
1.49992
0.812497
0.770658
0.715179
0.825174
0.694475
-0.153133
0.385853
-0.12313
1.23894
-0.0591257
-1.9347
0.720647
0.180363
0.726478
-0.951058
-0.935828
0.231214
1.63529
-0.312381
-0.0729219
0.742148
0.335253
0.164943
-0.851037
1.03986
0.30574
0.0864841
-0.752317
2.01436
0.565862
0.396907
-1.16456
0.751088
-1.05142
1.21877
-0.751415
-0.677041
-0.300867
0.616937
-1.94955
0.177171
-2.09614
-1.19697
-0.878281
-1.00806
-0.83572
-0.280843
-0.476412
0.210803
-0.352716
0.300406
-0.0955696
0.874911
-1.52166
-0.283249
0.548438
0.874421
2.01039
-1.14892
0.0292911
1.07198
-0.18252
0.310344
0.819801
-0.495054
0.274618
-0.663432
-1.36572
1.11062
-1.17258
1.28749
0.0999897
-0.4837
-0.692489
-0.651842
0.839318
0.06277
-2.83375
1.32728
-0.53618
-0.0738796
1.92295
1.89767
0.369467
0.14378
-1.30384
-0.0341975
0.534238
0.443319
0.623983
-1.38175
-0.25023
-0.25097
0.601007
2.37424
0.226146
1.0984
0.876881
-0.559427
-0.106646
0.49912
0.886735
-3.01658
0.412064
0.674985
0.79298
0.533189
0.525822
-0.394814
1.07554
0.276676
0.736758
1.09108
0.435598
-1.75706
0.783944
-1.56241
-0.0752107
-1.61216
1.34935
1.24524
0.70439
-1.33536
1.63978
-1.72127
-0.639208
1.8979
-0.32719
-0.946056
-0.229259
-2.66504
-0.357032
0.600336
2.46577
-0.0634067
0.462309
0.20638
0.900998
0.565024
-1.29595
-0.969702
0.154972
0.795397
-0.333568
0.272172
0.559087
0.415089
-0.524826
0.642812
-0.866374
0.556611
-0.525463
-0.115739
0.523811
-0.925598
-0.0468875
1.35438
0.872254
0.0067263
-1.23858
-1.90604
-2.19879
-1.89994
0.218624
1.14123
0.607268
-1.73087
-1.31533
-2.3116
-0.313908
2.56905
-2.42713
0.0393836
0.661312
0.00715298
-0.528029
0.264333
-1.17372
0.0162862
0.674021
0.237269
2.26411
0.689606
1.07582
0.0653583
-0.14901
1.66603
-0.1306
-0.177588
0.814375
1.28046
-1.08417
-0.42581
0.125585
1.38177
-0.422768
0.75248
-0.72065
0.947162
0.338238
-0.3705
-1.16669
0.770928
-0.736722
-0.848479
0.00183438
-0.383568
1.68178
-1.14317
-0.114274
-1.62975
-0.370168
-1.70669
0.078348
-2.15618
-0.985777
0.397064
1.16206
-2.98263
0.047435
-0.735091
0.451405
-0.0340411
1.1885
-0.382913
-0.148133
-0.339145
2.30992
-0.175706
-1.00925
1.09772
0.0919479
-2.18568
0.419188
0.794564
0.666894
-0.0841589
-0.520772
-0.512904
-1.66969
0.0236211
-1.57665
-2.17265
-0.784718
-0.464664
0.557462
0.696999
1.74147
2.39163
1.61474
0.316362
1.36247
1.13
0.1281
-0.712358
0.677732
1.67148
1.02652
1.0243
1.20161
-0.476894
-1.76166
0.63647
0.703301
0.68743
0.384993
-1.50365
0.191155
-0.361683
-0.311765
0.238888
-1.0506
0.0388608
0.38829
1.05957
1.22539
0.120713
-0.0546359
-2.63938
0.510802
2.95406
0.439988
1.32624
1.78044
-1.11555
0.595133
0.409756
0.260753
-0.145453
1.72882
0.0706055
1.68158
-0.0480387
0.742536
0.640211
0.657393
-0.370088
0.523262
1.04263
-0.94816
0.837487
-1.22294
1.01827
-1.47659
-0.486556
0.918462
-2.05098
0.825815
0.676795
-0.949481
0.0505759
-0.891571
0.171788
-0.352784
-0.0877028
1.77668
-0.326044
-0.703461
0.856119
0.927627
0.342723
2.67558
0.683701
0.260108
0.789252
-0.504447
-1.17454
-0.850265
-0.672665
-0.43528
1.43606
0.211977
1.28106
0.510047
-0.183525
-0.993306
-0.470989
-0.619901
-1.79444
-1.00735
-1.35368
1.36013
-2.40217
-0.789409
0.592816
-0.465732
1.05384
-0.651546
-0.399569
-1.05553
0.218965
-0.15399
0.413788
1.12966
1.08543
2.23741
-1.16225
-0.293056
-0.397811
-1.71029
0.55563
-1.23573
-0.169205
0.946046
-0.826325
1.22891
2.14621
0.11406
-1.12403
-0.688794
-2.23433
0.145635
0.282423
-2.46845
0.735343
-0.758397
0.345094
0.421996
-0.934738
-1.88346
-0.426084
0.033902
2.27157
1.06409
1.42762
-0.26079
-0.411555
0.919787
-0.966563
-2.01414
-0.801028
-0.682694
0.308889
0.982315
-0.270155
-0.147626
0.960286
-0.82382
-0.144262
1.54023
0.143251
1.17458
0.477683
-0.3803
1.40398
-0.755992
-0.875278
0.883073
-1.04945
0.929276
0.680404
-0.444259
-0.659537
0.0890771
0.391572
-0.605782
0.283875
-1.14261
0.877915
-0.526886
0.397544
-0.180077
0.415444
0.122723
-0.189324
0.329299
0.0566229
0.170124
-0.0911413
0.215855
-0.968493
0.767737
1.2954
0.435598
-1.40047
-0.552909
-0.757255
-0.497326
-0.217332
0.367159
-0.885868
2.06995
-1.09866
0.621468
-0.182515
0.818808
-0.0411116
0.00932919
-0.909385
1.2942
2.26728
0.710124
-2.41044
0.139555
0.591516
0.390532
0.175213
0.24486
1.19189
-0.78117
-1.10242
-1.30227
1.76745
0.105712
-0.285754
-0.569883
-0.476618
-0.432297
1.36714
-0.204418
1.49694
0.936419
1.36618
0.0180431
0.379501
2.22235
-1.55268
1.57001
-1.39498
-0.446182
-0.808209
0.223222
0.581062
0.19536
1.47451
-0.145141
0.939522
-0.711932
0.776548
0.401934
1.2367
-2.49604
0.0981366
0.0969219
-0.149701
-0.0681131
0.547767
-1.29006
0.300498
1.54999
-0.0474986
-0.116989
-0.212021
0.224159
-0.217908
0.584433
0.322863
1.50447
-1.25393
0.958022
1.25681
-0.0210359
-2.29387
0.423427
0.990908
1.06025
-0.32059
0.56779
0.261046
-2.42083
-0.262424
1.10149
0.371166
1.31656
1.0173
-0.800813
-0.176366
-1.02931
-0.0594205
0.0937628
-1.72193
-0.993979
-0.209596
-0.464174
0.51709
0.283724
-0.807778
0.444536
-1.10557
0.879783
0.0806462
1.4941
-0.46302
-0.962708
-0.60715
-0.180323
0.0875925
-0.373564
-0.725963
-1.58492
1.41199
0.376265
0.550507
0.514104
-0.630161
-2.38835
0.0501472
-0.20318
0.585449
0.145251
-1.49037
1.66855
1.19015
1.64287
-1.05504
1.465
0.917925
0.552211
0.0147656
-0.49975
0.542974
0.403311
1.79616
0.394248
-1.96627
-0.598742
-0.771019
2.14275
0.236603
-0.680818
-1.50414
0.409628
0.141927
1.10489
1.3516
-0.190385
-1.19331
1.18833
0.233184
2.05008
-1.39677
-0.935549
-0.362738
0.653916
-1.53319
0.32646
-0.580118
1.07448
-1.70616
-0.237738
-0.436733
0.653882
-0.568025
0.458763
0.0347214
0.708192
-1.15172
-0.404356
-0.0471336
-0.539772
-0.533769
0.120594
-0.544152
0.849303
1.18452
-0.320574
0.923459
-0.96237
0.534683
-0.580443
-0.689944
-0.389694
0.86972
1.46002
-0.146331
0.628418
-0.739906
2.042
-0.298124
0.739702
-0.0154274
-0.306138
-1.07777
0.257063
0.348381
1.65524
-1.13186
0.247086
1.67218
0.704574
-0.607287
0.662515
-0.631124
-0.638397
0.155029
2.01493
-0.127322
0.68397
-0.827267
-0.0427533
-0.603607
-1.21193
-0.751238
0.406019
-1.58692
-0.530612
-0.398949
0.721625
-0.799199
-0.856718
0.634933
1.00641
-0.801969
1.54466
1.62715
0.524764
0.709362
1.05582
-0.424227
-1.07805
-0.288858
0.282757
-1.01787
-0.397253
-1.18653
0.541652
-2.13008
-0.88774
0.934651
-0.233556
-0.0134301
-0.887642
-0.093038
1.20658
0.703708
0.423458
0.0323318
-0.14564
-0.758597
-0.0903938
0.388287
-1.58303
0.969929
0.218671
0.0412
0.473763
-0.710313
0.368329
-1.01729
-0.0317274
1.33651
0.198081
1.00194
1.66114
-0.841759
-0.708028
-0.86754
1.01005
2.0106
0.714288
0.381306
0.738596
-1.486
-0.910615
-1.89559
-0.259045
-0.290149
1.814
1.17405
1.21698
-1.07836
-1.64207
-1.07196
-0.985679
0.262848
1.52578
-1.31893
-0.310649
0.011284
0.589823
1.18363
-1.15573
0.713301
1.42184
-1.18037
-0.00544301
0.29079
-0.758072
-1.51867
-0.15217
-0.255873
0.167865
-0.581529
-0.104998
0.646273
-0.0172282
1.61051
-1.02201
1.55323
0.0865461
1.29499
0.374321
0.37585
0.151526
-0.248501
0.928159
1.07884
1.16814
-0.666394
0.470622
-1.15769
-0.0884046
1.03454
-0.369295
0.800862
-0.616529
-0.385084
-0.755881
-0.177481
0.103846
-0.372314
-0.602943
-2.25631
0.564813
0.940225
0.962572
-0.618217
1.29549
-1.94828
-0.298894
-0.522737
-2.14822
-0.00361107
0.041168
-1.18297
0.387264
0.410204
-1.08586
-0.272315
1.03769
-0.780203
-0.269656
0.930438
-0.805229
-0.13168
0.727357
1.03409
-0.215513
-0.418308
0.127
0.619512
-0.160073
-0.341414
0.273045
1.50468
1.18297
-0.151761
1.68901
0.844604
-0.17014
-1.12188
-0.757969
-2.26224
-0.97802
-0.915069
-0.208216
-1.9705
-0.847528
0.226982
-0.71845
1.99837
0.320991
1.07007
-2.91395
-1.43844
-1.96808
-0.383706
-0.741824
-1.04424
-0.239045
0.507566
-0.48739
-0.939762
0.508519
-1.24312
-0.167966
0.0709156
2.10114
0.395385
-0.97647
0.672037
-1.33146
1.54772
-0.388773
0.805654
-1.81043
0.0437066
-0.252189
-0.129733
2.02602
0.315766
0.967804
1.4902
0.95821
-1.07294
1.68964
0.517566
-0.0378741
0.259854
-0.551736
1.53239
1.26759
1.47944
0.603917
0.0442831
-0.68194
0.582536
0.892222
0.123171
-0.57107
-0.220412
-0.576666
0.376285
-1.50007
1.41913
1.34694
-0.714036
-0.556264
1.47004
0.430374
0.98816
-1.07904
-0.618188
0.982974
0.968832
1.33347
-0.451605
0.15802
-0.571078
0.703795
0.938702
-0.776507
0.522788
-0.220314
-0.0541096
-0.704942
-0.178005
0.403766
0.412428
-1.11321
2.59641
1.30327
-1.52642
-0.13562
-0.540213
1.50975
-1.06589
0.293809
-1.30698
-0.383343
0.0500445
-1.20063
-0.0854774
-0.196839
-0.0418305
1.53172
-1.50452
0.220178
1.76461
-0.380468
-0.314644
-0.830712
-0.388234
0.29167
-0.708046
0.424474
-1.05299
-2.43939
-1.18914
0.146443
0.105326
-0.870884
1.20819
-0.273298
-0.772576
-0.229258
-0.0507542
-1.79292
1.0813
-0.297438
1.17956
1.0429
0.615491
-0.459695
0.424982
-0.40635
-1.15162
0.39955
1.12181
-0.589047
-0.269715
2.16479
-0.544581
0.927947
-0.842187
1.37881
0.0558629
1.05004
-1.63898
-1.47436
-0.988436
-0.628361
0.367301
-0.155207
-0.553641
-1.22812
0.385631
-0.662222
-0.108552
0.655736
-0.68727
0.280134
-1.40976
-0.411447
-0.691989
-0.313869
-0.932196
-0.515831
-2.07184
0.527851
-1.71597
0.149778
-0.17792
1.34937
0.702773
0.479073
-0.561801
-0.425837
-2.17308
0.713358
0.0444498
-0.558473
-0.419537
-0.734172
0.161536
-1.30762
-0.464366
0.902523
-0.62515
0.0344604
0.936162
1.42623
-0.70014
1.05343
-1.09123
0.635855
-0.743116
0.262675
-0.620721
-0.157967
-0.445472
2.82554
-0.045605
0.411846
0.158629
-1.38611
0.222827
-0.349897
1.13932
-0.644352
-1.38451
-0.752766
-0.21941
-0.307731
0.490057
0.126508
-0.442427
-1.16846
0.583769
0.362232
-0.891067
-0.369142
-0.904093
1.45961
-0.289216
0.277633
0.991312
-0.217089
0.431569
-0.551707
-0.804279
0.782947
0.619269
-0.995027
-0.129956
-0.0593783
-1.11498
-0.294929
1.09793
-1.06226
0.398435
-0.740746
0.0907572
-1.09972
0.262901
2.33574
0.274241
-0.311622
0.749816
-1.10023
-1.13472
0.923758
0.968096
0.659876
-0.440265
-1.13687
-0.601457
1.2566
-0.143747
1.95516
-0.236831
-1.14241
-1.19177
0.408557
0.764471
-1.09843
1.26554
2.0713
0.225785
0.507367
-0.080963
-0.825476
-0.67724
-0.994724
0.697008
0.083901
1.02635
-1.22797
1.44508
0.812395
0.102114
-0.478079
1.70168
0.524616
1.27661
0.989196
-0.886342
1.73308
-0.258172
-1.19301
-0.432826
0.726158
1.5506
-1.4899
0.648084
2.34557
0.744907
1.35644
0.150141
-0.748987
-0.784911
0.251324
0.76679
-0.188596
-0.502172
0.53582
-0.220893
0.27103
0.744346
-0.409097
0.94075
-0.429616
2.87061
0.938847
0.994293
0.44961
-0.626651
-1.35272
0.238095
0.619481
-1.33809
1.38264
1.50648
-0.692003
-0.915939
-0.437311
-0.73865
-0.178128
-0.471375
-1.43214
-0.0896515
-0.0701214
0.469391
0.178796
1.44988
0.297437
-0.755232
1.37645
-0.409146
0.712657
-0.691175
0.501265
-1.77706
0.345855
-0.952129
-0.0586072
0.772657
1.30669
-1.30154
-1.59172
-0.588521
0.644237
0.695768
0.412087
-1.40762
-0.632663
-0.0250227
0.514948
-1.20942
0.10086
0.359482
-1.63624
0.0465632
1.63484
-0.217239
0.525776
0.515069
1.35201
0.773268
-2.04144
-0.328559
-0.0897818
0.990671
-1.43634
-0.16053
-0.213593
-0.635319
-0.959184
-0.927626
1.06804
1.73663
0.670862
0.443212
-0.855994
-0.510451
1.5496
-1.66474
-0.776423
0.0433717
-1.07238
-0.687178
0.286117
0.173659
0.374622
-0.0302512
0.715618
-1.6942
0.126947
-0.896388
1.36138
-0.842559
-0.389354
0.363852
-0.310142
-0.460744
0.154283
-0.793941
0.126387
-0.237043
0.500034
-1.10982
0.0944336
-0.624913
0.357476
1.75124
-0.775901
0.161543
1.1302
0.594054
0.395077
-0.399641
0.12646
-0.652968
-0.102317
0.484634
-0.650661
0.674491
-0.43223
-0.118706
-0.470061
0.945017
-2.20941
-0.248653
-0.316089
1.39864
0.787163
1.17568
1.91034
0.273202
0.114939
0.642949
-1.40372
-0.484616
1.43803
0.83628
0.858217
-0.289827
0.685774
-1.35846
-0.617345
1.55
0.464551
-1.05516
-1.06677
0.479872
-0.336178
0.55293
-0.093987
0.417782
-1.00147
1.67861
-0.695581
0.804202
0.163243
0.800462
-1.36084
0.658364
-0.468516
-1.88778
0.515598
-0.455143
0.234603
1.59937
-1.81315
0.958328
0.806896
0.774986
-0.0843182
2.34925
1.01398
1.75272
-0.423843
-1.50932
1.27218
-0.369885
-1.02412
-0.140828
-0.718464
0.0644902
1.92009
-0.910512
-0.373337
-0.856794
0.435766
0.0958874
0.438602
0.265605
-2.91664
-1.84708
1.27316
-2.43524
0.685107
0.064925
-1.1743
0.395646
0.602312
0.876651
-0.0503165
-2.42734
-1.93615
-0.989177
-1.0591
0.0560076
-0.960687
-1.73891
-0.96627
0.583853
0.823909
1.15531
2.54653
1.17732
0.205128
0.9416
0.672384
1.50604
-2.92103
-0.722261
0.54512
1.70297
-0.460454
-0.229444
0.549914
-0.548596
0.490883
0.179506
0.268048
0.900543
-0.789521
0.633007
-0.795356
0.393754
-0.221895
1.53803
0.20874
1.35603
-0.33294
-1.21814
0.16322
0.739274
-0.56229
0.261012
0.270314
1.25723
0.668837
-0.184773
-0.439043
0.61117
1.05727
-0.173962
2.25414
-0.36996
0.974938
0.350076
-0.0430612
-0.260771
1.09082
-0.77525
0.951198
-1.43322
-1.06739
0.551719
-0.992182
-0.0429638
-0.315378
-0.652094
-0.436016
0.0317304
-1.17085
-1.52717
-1.62533
2.09598
-0.104026
0.831984
-0.287605
-0.903153
-0.566058
-1.58426
1.55015
0.321554
0.158356
0.284726
-1.28909
-0.0598082
-1.15981
-0.130059
2.30639
0.905309
0.786586
0.610046
-0.0401297
-0.237915
-1.32031
2.00536
-1.03991
-0.529504
-0.375492
1.76549
-0.455523
-0.299544
0.533468
1.65543
-0.70943
1.01362
-0.630998
-0.382195
-0.809879
0.623898
0.469307
-0.277754
1.35619
-0.753163
0.173556
-0.290139
0.119469
0.705499
-0.596837
-0.647933
0.242255
-0.287103
-0.800109
0.822186
1.11679
0.273937
-0.127284
-0.108929
0.335895
-1.11901
1.14268
-1.04445
-0.182188
0.842435
-0.546209
1.32429
-1.0729
-0.0872765
0.515523
1.05235
0.125668
-2.66861
0.0202159
-0.700021
0.330366
-0.181459
1.56815
0.492633
-1.4491
1.02836
1.47318
0.895497
-0.311104
-0.0284788
-0.0704138
-0.734192
-0.866116
-1.30392
0.593068
1.02296
-0.0463649
0.852112
-0.923156
0.0039693
1.07615
-1.43711
-0.474414
0.830714
0.757579
-0.266904
0.113409
-1.05515
-1.09183
0.294018
0.694595
0.0820326
0.161214
0.134634
-0.269076
-1.76034
-0.811517
1.39024
-1.12387
0.15329
-1.28986
0.934624
-1.13809
-1.66857
0.780947
-1.55542
0.506851
1.00318
-1.68512
1.18262
-2.00122
1.06263
-1.38247
-0.633242
-0.848305
-0.859144
1.53732
-0.0693801
-0.0173487
-1.51349
-0.34018
2.12535
0.504172
0.799488
0.625268
0.658926
-1.65015
-1.05492
0.484391
-0.516164
0.180656
0.604715
-0.235686
0.678362
-1.88188
1.55175
1.89053
-1.37018
0.296161
0.0542713
-0.558625
1.46672
-1.64887
-0.896993
1.32446
0.708251
-1.91671
-0.989705
0.566065
-0.276938
0.585293
-0.264175
1.60663
0.661882
-0.612191
1.06828
2.27101
-0.330093
-0.746239
0.405613
-1.92196
0.661049
-1.01991
2.64816
-0.322422
-0.182934
-0.427815
-0.510892
-0.308366
-0.422675
1.36313
1.40636
0.797735
0.315776
1.09507
-1.46597
1.31561
-1.27581
-0.100458
0.397878
-0.763169
0.473581
-0.175666
-0.423823
-0.137022
1.21902
-1.07557
0.0663671
0.918034
-0.53252
0.0421048
-0.523197
0.458394
0.197495
0.410692
-0.275586
-0.0146383
-0.32625
0.576802
-1.1431
-1.84367
0.14176
0.771992
0.127448
1.22581
-0.518384
-1.5619
-0.423219
-0.0431134
0.0934991
0.252844
0.988684
0.914083
0.120286
-0.446715
1.90609
-0.331029
0.393595
-0.899666
1.56232
1.03867
0.762832
-0.364494
-0.265805
0.376138
-0.0312789
-1.66022
0.00281389
0.536957
-1.81893
0.391223
0.417182
0.421648
0.544979
0.694267
0.116491
-0.894687
1.16692
-0.010613
-0.720367
-0.817307
-0.69972
0.31105
-0.799465
0.855755
1.78154
-0.291514
0.619943
-0.0872772
1.3136
0.592718
-0.432277
1.16843
-2.50582
0.917036
-1.65015
1.82381
-0.868
1.82179
-2.6898
-0.803494
0.355443
-0.225504
-0.0710613
1.19079
0.654996
-1.76638
-0.829064
0.219056
-0.293488
0.0646247
0.476846
0.00210403
0.738357
-0.541828
0.0383885
-0.276275
-0.782462
0.27695
0.937752
-0.881428
-0.0687641
0.59485
-1.42644
-1.33517
0.719593
0.146052
1.714
-2.06215
2.46012
-0.93014
-1.14817
-0.776241
-1.45104
0.740145
0.420158
-0.523549
1.62329
-1.34318
0.0631725
-0.035686
-0.00115399
0.767026
-1.27289
0.0324742
-0.527101
0.82009
-0.158893
-0.920617
-1.2628
-1.51294
0.130876
0.0988516
0.0759101
-1.62
-0.622361
-0.29774
2.31512
0.595677
0.29097
0.461998
0.266127
0.0747484
0.201885
0.494905
-0.585068
0.0193869
1.00455
-1.06748
0.183097
-0.286488
-0.259731
1.72223
0.274841
1.5357
0.25978
0.288455
-1.31123
-0.0190331
-0.667659
-0.400273
-1.06537
-0.676433
-0.251695
0.487081
1.53685
-2.50969
0.587455
-0.840848
0.25808
1.23257
-0.381355
-1.36229
0.964725
-0.409215
-0.200943
-0.833898
0.300761
0.745323
1.78191
-0.147872
0.892215
-1.42027
-2.03235
0.365099
0.116628
-0.537405
2.1922
3.12258
0.796604
-1.59107
0.109749
-1.20535
-1.0103
-0.558759
0.74929
-0.0838519
0.222662
-0.979917
-0.79397
-0.144243
-0.165133
-0.0371263
-0.895982
-0.688172
-0.113354
1.11268
-0.0694936
0.265323
0.129059
1.58842
0.817558
-1.04778
2.53936
1.36241
0.228397
0.411787
-0.0414242
-0.921922
1.05324
0.208817
-0.765277
0.964136
-0.109608
1.32693
-0.118643
0.664851
-1.41411
2.58195
-0.361161
0.98772
0.684811
-1.15705
1.62145
1.89521
0.757252
-0.276701
-1.10078
-0.0955556
0.573504
-1.12162
-0.203801
0.0114232
0.631583
-0.794545
0.312891
-1.32129
-0.457386
0.572073
1.24353
1.42771
0.337698
0.943838
-0.10302
-0.447127
-0.190053
1.32041
-0.430585
0.608617
0.115994
-0.0384433
2.14937
-1.90769
-0.38491
0.719412
-0.669157
0.0669083
1.20852
0.383582
1.28848
0.94248
0.33691
-1.49532
-0.353996
-1.94124
0.720134
1.27498
-1.19619
1.32531
-0.161546
0.793824
-0.523251
1.19822
-0.196797
-0.638912
-0.0302413
-1.43452
-0.292384
1.09922
1.43232
-1.29729
0.554733
0.102155
-0.35357
-0.479817
0.688349
-0.875005
1.84354
-1.15102
-1.15543
1.25224
-0.105558
-0.34907
-0.314301
-0.335868
1.53832
-0.268851
-0.110243
-0.940997
-2.99492
2.17939
0.00391941
-0.107745
0.0906694
0.998125
0.545004
0.0291056
0.126809
0.503067
-1.03249
0.340026
-0.640055
1.65267
-0.435565
1.75478
-1.27373
0.178534
-0.689425
0.788529
0.462866
1.63853
-0.710732
-1.4488
-0.704177
-0.820421
-1.55924
1.58476
-0.95191
-0.913937
-0.814549
-2.0055
1.02345
0.374169
-1.14427
0.109813
0.595362
-0.669633
-0.546996
-0.829254
0.130392
0.549919
-1.28849
-0.818386
-1.67598
0.741521
1.00688
-0.530245
-0.308034
0.979429
-1.67107
1.21979
-0.850225
-1.81593
1.25612
-0.196414
-0.498911
-1.5481
-0.337847
-0.323707
0.182973
0.967105
1.13415
-1.39192
-0.555089
-1.2804
-2.23051
1.30802
-0.536225
1.30053
-2.51146
1.28799
-1.06413
1.9911
-0.558316
-0.791291
-0.166636
-0.144618
0.516514
0.976738
0.483348
-1.38363
-0.270358
-1.32604
2.1952
0.431128
0.998072
-0.410767
0.73247
0.0577345
-1.79035
0.621453
0.434727
-0.0646279
-0.0120686
0.781636
0.842554
0.285737
-1.64639
0.0979109
1.06636
-0.835542
-0.758005
-0.767236
0.612932
0.0440327
-0.933593
0.690811
-0.09016
0.611802
1.50901
0.306621
0.381755
-1.68162
0.325407
-0.53479
-0.16705
0.491138
0.131178
-1.97591
-1.73188
2.17921
-1.23436
0.199794
-0.906682
0.34118
0.655107
-0.562786
-0.339965
0.424985
1.64088
0.218651
-1.3719
0.970993
-0.889882
-1.84958
-1.03283
0.684071
-0.128457
0.0282865
-1.9422
-2.06627
1.29222
-0.061802
0.0810176
0.423302
-1.38004
1.002
2.00234
0.519557
1.73285
0.118837
-0.211524
1.55154
0.0820591
0.644569
0.93527
-0.833291
1.18198
-0.59417
-0.0793309
0.0637546
-0.3187
1.74841
1.33838
-0.861898
-0.84171
0.153654
0.00497502
1.69737
-0.14907
2.36558
1.43455
1.64658
0.404326
-0.336683
-0.166456
-0.334447
1.03629
0.527467
0.302438
-2.13978
-0.193569
0.772731
0.549309
-0.388865
1.21383
-0.737776
-2.01173
0.857882
-0.842201
0.78746
-0.850804
0.100162
0.239915
1.4217
-0.420638
0.34593
-1.05954
0.43123
0.162603
-0.901702
0.0441423
-1.5248
-1.22281
1.09301
-1.09681
1.80621
0.392781
-0.58812
-1.13247
0.816012
1.47293
0.313364
-1.30505
-0.998427
-0.242328
0.0693614
-0.640005
-0.947162
-1.83084
0.514757
0.999961
1.51419
-0.451927
-0.017386
-0.114647
1.05744
-0.917635
1.52475
1.43457
-0.442396
0.0703374
-0.479281
0.00406096
0.0368097
0.746827
0.808784
-1.87912
0.277129
-0.0807479
-0.868701
0.658425
-1.08314
-0.0369345
-0.458475
0.274942
0.628993
0.910748
0.0162106
-1.03209
-1.08586
-0.228568
-1.78563
0.409039
0.315701
-1.53812
-0.465205
-0.245636
-0.0482536
-2.25814
-1.14485
-0.430143
2.79569
-0.704437
-1.78358
1.63463
0.680976
1.67054
-0.32358
1.15521
-0.950613
0.516562
-1.57049
-1.09795
-0.512178
-0.353115
-0.633737
-0.138958
-0.154026
-0.455571
0.681425
1.21083
-0.236736
-1.21138
-0.713191
-0.626102
1.85951
-0.763131
0.673716
0.517129
-2.30322
-0.300436
1.63414
1.76902
-0.225371
1.08534
-0.0191442
1.00571
-0.862706
-0.787949
0.355792
1.75213
1.49789
-0.461087
-0.120025
-0.112362
0.954454
0.609867
-1.28749
-0.383778
-0.315534
1.80268
-1.67525
-0.488792
1.04756
-0.483684
-0.631964
1.45883
-0.546272
-0.800348
-0.623519
1.6391
-0.536896
-0.10093
-0.692993
0.899537
2.75384
-0.495077
-1.39652
1.30561
1.61557
0.055549
-0.417863
0.604104
-0.356196
2.10026
0.774494
0.716583
0.567036
0.105853
-1.06543
-1.69824
1.08818
1.07507
-0.0182413
-1.34062
-0.494389
0.138021
-2.4062
-0.393268
-0.822156
-0.988584
1.44216
-2.13817
0.474042
0.297519
-0.879994
0.0886259
-1.62643
0.699259
-0.14233
1.2831
-0.673941
-0.556877
-2.04582
1.37404
1.35991
-2.17434
1.5237
-0.882882
0.758737
1.10604
-0.253385
0.407762
-0.479678
-1.61008
-0.173045
-0.788149
2.1364
0.0801188
0.48581
-0.471623
0.0303651
-1.67383
-1.06918
0.672017
-0.48613
-0.841159
0.579171
-0.957441
0.554314
0.572019
0.8944
-0.807831
-0.668882
-0.734726
0.359184
0.535386
0.194791
-0.273228
-0.262053
-0.301211
0.753656
-0.616272
-0.0284327
-0.968922
0.1304
0.168224
-0.477038
0.407917
0.368644
-0.302598
-1.29844
1.02065
0.0755149
-0.476171
0.601439
1.00565
0.528088
-1.84762
-1.51548
0.264321
-0.136951
0.549686
-0.464249
-1.08277
0.165584
-0.625264
-1.307
0.168944
1.6298
-0.606807
1.16405
1.34564
-1.06004
0.238326
0.708426
-0.495302
-0.0720154
0.729953
-0.616535
0.10013
-0.205249
-2.57504
0.0814727
-0.600155
-0.138534
1.72918
-1.29415
0.265307
-1.00532
0.17524
-0.532037
1.07144
-0.524914
2.03058
-1.01441
0.35133
-0.17519
0.0930381
-1.99933
-0.784763
0.79838
-0.31769
-0.13377
0.745578
0.30787
-0.350229
0.528913
-1.25542
-1.21455
-1.56877
-1.16575
-1.1351
-0.31074
-3.22482
1.81972
-0.425178
0.718645
-1.86658
0.731518
0.151583
-0.86328
-0.420068
2.01532
-1.17964
1.50619
0.0860617
-0.0668776
0.19174
-0.478276
-1.3075
0.967387
-0.598526
-0.523399
-1.10801
1.2087
1.2983
0.973571
0.701197
-1.05443
0.705902
-0.726873
0.297742
-0.251707
0.0999062
-1.35174
0.0150414
-0.254717
-1.22281
-1.68117
0.169441
0.105074
0.921838
-1.26766
-0.23173
0.115365
-0.109209
0.158547
0.0457161
-0.308701
0.0374475
-0.641886
0.715931
-1.70603
-1.1911
0.799036
-0.812431
-0.338644
0.706715
1.98933
-2.91865
-0.4431
-1.01953
-0.55057
-1.72153
-0.521207
0.96396
1.84875
-0.434688
-0.18599
-0.342382
0.907926
0.522463
1.76531
-0.248683
1.40256
-1.07147
-0.72831
-0.727739
-0.971127
2.50708
-0.653723
-0.468495
0.905016
-1.12864
1.06528
-0.988108
-0.650758
0.588773
0.334041
-0.594058
0.54073
1.31978
0.0636474
0.14223
-0.218155
0.803038
-0.206184
-0.162246
1.02348
0.35522
-0.464704
-1.94309
0.810407
-0.714115
-0.569656
-0.926631
-0.0593059
-0.00263603
0.638074
-1.86795
-0.1752
-1.28859
1.29986
1.62674
1.01597
2.02606
1.08588
-1.79673
0.300941
-0.796716
-0.210139
0.972528
0.531609
-0.0605729
-0.107127
1.03143
0.792567
-0.59967
-1.67251
-1.29183
1.57294
1.04283
-0.236873
-2.36157
2.11698
-0.354261
1.97453
-1.11742
-0.266408
-1.47078
-0.204513
1.07555
0.958617
-0.917108
-1.05975
-1.04906
-0.0133225
0.195056
-1.77291
1.50559
0.866668
-0.415149
0.400706
-0.504341
0.229216
-0.375042
0.955813
1.3542
-0.507847
-0.549062
-0.718072
0.0608031
-0.0305399
-0.738118
0.0917157
-0.484634
-0.238697
-0.219281
0.724272
0.244338
-0.7241
0.702011
-0.5155
1.3032
-0.581388
0.23537
0.363878
1.25256
0.397203
1.42295
-1.66673
0.643386
-0.810429
-0.0406145
-0.170396
-0.53513
0.173489
-1.44454
1.69051
2.3869
-1.11791
-0.743953
-1.36847
-0.189072
1.09025
1.73767
0.208048
1.98773
-1.45563
0.834738
-0.312408
-0.413761
-0.241405
0.0170817
-0.368414
-0.176742
-0.1848
-1.53972
-0.466637
0.314674
-1.13445
0.660414
-1.92272
-0.478957
0.261089
-1.34954
-1.05416
-1.42402
-0.385826
-1.30935
-0.510266
0.729349
0.358713
-0.800852
1.55552
0.778887
1.26363
-0.859935
0.117102
1.00256
-1.42477
-0.0195863
-1.72423
1.88336
0.981757
-0.114928
-0.269616
0.256746
-1.15084
-1.37361
-0.158031
-0.85432
-1.43901
0.508253
-0.410272
1.29444
0.28679
-0.564027
0.871275
-0.562575
0.595019
1.18968
1.59667
2.14901
0.166133
-0.516878
0.0294432
-1.78503
-0.164426
2.26034
-0.70765
0.443508
-0.52392
-1.3809
2.57053
-0.819403
1.39816
-0.226395
-1.58846
1.22094
-0.400685
-1.08571
-1.56255
0.727021
0.543882
0.643701
0.37987
-0.38269
-0.701235
0.845771
0.811754
-0.692401
-0.860876
-0.225426
-0.841689
-0.0996101
1.1632
-0.301275
-0.342687
-0.512197
-0.641207
-0.53302
0.751762
2.02097
0.591686
0.322165
0.951322
0.189881
0.538334
0.808768
0.291421
1.48288
0.406867
-0.506009
0.0820106
0.51304
-0.0874972
0.771809
0.590895
2.03646
-0.715247
0.20453
0.834849
-1.75032
-1.58291
-0.0280431
-0.425635
0.790469
0.268811
-0.00113642
1.26182
0.570341
-0.220988
-0.620585
0.57916
0.803218
-0.124545
0.272648
-0.60269
-1.10472
0.161532
-0.941749
0.468735
0.586818
0.869415
0.718269
-0.27087
1.15719
-0.331193
-0.890947
0.965502
0.148307
-1.63678
-0.774719
0.162639
1.34888
-0.833523
-0.0945985
-0.157031
0.453971
1.74205
-0.339196
-1.0999
-0.667891
0.356765
-1.22544
1.19403
0.0566936
-1.10774
-0.465482
0.648618
-1.59589
1.04187
-0.832666
