0.0955615
0.0059119
0.590506
0.121704
0.836717
1.82277
0.452278
2.59202
2.34931
0.612228
0.212146
0.309197
0.510538
0.892484
1.42063
1.11773
1.07874
1.18984
0.429569
1.31542
1.30814
3.36795
1.4958
0.068953
0.344206
1.25559
0.986593
0.257125
0.469587
1.20035
0.133206
0.62713
1.22013
0.845525
0.868613
0.31701
0.526092
2.88759
0.219162
0.376375
0.514412
0.49096
0.866595
1.61937
3.83158
0.412578
0.644268
1.01694
0.0343736
1.7382
0.46194
1.44166
1.55924
0.157672
1.77252
0.0843832
1.97301
0.611108
0.367663
0.268797
0.169796
0.566276
1.20925
1.97306
0.0030373
0.33135
0.142309
0.531237
0.256618
0.399664
1.29382
0.990164
1.26378
0.364415
0.562926
1.18988
1.0313
2.35824
0.406527
1.13086
1.30777
1.21733
0.58109
0.732472
1.89612
0.315817
0.916796
1.24068
1.30217
2.38435
2.92835
2.15607
0.415843
1.04439
1.36724
0.42045
2.66127
2.1024
1.40801
0.170168
0.2323
0.656139
1.53694
2.58639
1.54434
0.242608
0.968767
0.562123
0.128782
3.08984
0.113446
1.89987
1.07432
0.793983
0.461547
0.709931
1.70797
3.50304
0.247353
0.791475
2.10165
0.181102
0.563954
0.245852
1.68063
0.193871
0.823736
1.36212
0.0555895
0.380649
2.30619
0.302951
1.59816
1.1562
0.205885
0.877739
2.31003
1.64259
0.0143839
0.0218126
1.43135
0.129572
2.05563
0.543839
1.10711
0.27665
2.62841
0.669929
0.237717
0.158927
0.0357092
0.0935641
0.374825
0.627592
0.367133
0.135057
1.02823
2.02869
2.0419
1.19215
0.204659
1.47219
3.16526
4.06324
0.608621
0.155333
0.837214
0.441053
3.00361
0.870758
0.475165
1.24273
1.21367
0.287956
0.140286
0.465826
0.677049
0.0604898
1.97068
1.21557
0.230216
2.26065
1.57398
0.730286
0.449169
0.105431
1.03441
0.00421006
3.45954
0.723154
1.20609
0.1668
0.335974
1.0742
0.146689
1.35192
1.62101
1.21579
0.103029
1.39712
0.335317
0.646486
0.623804
4.40499
1.2958
0.903839
0.446548
0.246167
1.06041
0.249494
2.54681
1.96129
0.12389
1.25334
0.474094
0.650786
1.68477
0.0223625
0.658873
1.52817
0.769801
0.20236
2.75986
1.7274
1.84282
0.0759497
0.828993
1.03263
1.49906
1.08297
0.505213
0.0635246
0.147951
1.97127
0.0505912
1.99399
0.608271
0.526785
0.0856206
0.115853
0.995078
0.00373317
3.46467
1.37369
1.26647
0.425058
0.255141
0.760758
0.459472
1.23017
0.379441
2.3568
2.21602
0.290962
1.30023
1.31896
0.393921
0.34396
0.472433
0.107867
3.04603
1.48342
0.17889
0.0942885
1.00474
0.239698
3.07541
0.0938375
0.974541
0.0365465
0.221848
0.29161
0.0404189
0.183538
8.36841
1.41794
0.72144
0.254841
0.343162
2.13988
2.69887
0.931996
1.54932
1.73543
1.95679
0.723894
0.812522
0.203686
1.64084
2.69978
0.337622
1.42144
1.2239
0.59845
1.88793
0.415181
1.08907
1.62173
0.560976
0.337021
1.8222
0.989699
0.774457
2.10327
1.58959
0.773954
1.00987
0.370976
1.44297
2.60651
0.213528
1.19235
0.760231
3.90599
0.734321
0.496151
0.683234
0.07951
0.856636
0.358391
0.00925329
1.98012
0.0617002
1.25572
0.374379
2.39087
0.0564735
3.71956
1.24096
0.662146
0.303624
0.796784
0.119424
1.61399
0.557161
2.39207
0.415094
0.0649643
0.246539
0.109253
4.51968
0.528939
1.60938
0.737201
0.495361
0.385894
2.43817
2.16864
0.505156
0.669609
0.206862
0.520538
0.430842
0.283296
0.128889
1.08566
0.1686
0.193387
1.01632
2.01026
1.07909
2.30197
0.536606
1.48132
1.2068
1.84793
1.14326
0.0414139
2.35743
2.29981
0.15556
2.24852
0.371776
2.88335
0.537843
1.20778
0.306811
0.398498
0.883843
1.08116
1.69698
1.48579
0.0689202
0.182484
0.0205894
0.207673
1.76682
0.193017
0.451559
0.629611
0.0424674
0.0237386
0.457506
0.610367
1.59023
0.0704077
0.355656
0.648831
0.114911
0.228939
0.473314
0.291179
0.104324
1.16333
0.218992
0.72373
0.492164
0.617821
1.85619
3.70931
0.129746
1.08027
1.38302
0.2086
1.75619
1.46777
0.471297
1.06834
2.9021
1.3439
0.131959
4.31776
1.43814
0.674841
0.586122
0.818151
0.818141
1.35792
0.0367649
1.10052
2.94557
0.533008
2.52475
0.0476104
0.106161
0.12397
0.824521
0.672204
0.861507
0.519677
0.625345
1.20117
0.0680473
0.240932
2.18424
2.23569
4.11444
0.3055
0.797405
2.64166
0.00242075
1.11818
2.47014
1.44838
0.178994
0.444642
0.391271
1.28243
0.107308
0.446131
0.4942
0.0504295
1.48308
0.370865
0.100565
2.06976
0.555921
1.07069
0.451301
0.00393933
0.0645558
1.76099
1.21432
0.13731
0.0431468
0.892881
0.0216136
0.0262353
1.92258
0.846031
3.09337
1.93925
0.27973
2.04082
0.970847
0.524081
0.260098
2.90117
0.139882
0.401635
0.363759
0.734971
0.477962
0.0812152
1.77398
0.645554
3.03215
0.29679
0.142551
0.378321
0.302094
0.217377
0.15445
3.31924
0.391079
0.204988
0.808211
0.423204
0.23729
0.524444
2.47623
0.181388
0.306938
0.174296
0.0366289
2.16755
0.838989
0.307872
1.77539
1.19863
0.90576
0.145632
0.247017
3.71809
0.2402
0.0504683
0.600291
0.180704
0.365306
0.877562
0.654516
0.836433
1.51221
0.976626
0.756229
0.108979
1.65424
0.0887349
0.594761
0.0202032
0.679299
0.452943
0.205658
1.41606
0.742752
0.250842
1.02967
0.0965665
0.667178
0.641421
1.56276
0.0862234
0.938999
0.0093587
0.0601009
1.72884
0.0603139
0.712694
4.40859
0.453417
0.098587
0.631364
2.67791
2.0672
0.0960203
0.619637
3.75981
2.30577
0.79136
0.553415
2.52971
0.0406134
1.55714
0.112281
1.5952
0.376091
0.397589
0.579827
0.520053
1.6869
2.44716
0.218098
2.27806
0.73907
0.229751
3.12012
0.423048
0.306253
0.626473
0.404636
0.989792
0.819639
1.61402
0.820162
0.567168
2.22997
0.0217346
0.526925
1.57401
0.83996
1.79939
1.24864
0.936677
0.9778
1.71098
0.519535
2.76976
0.159433
1.86567
0.419818
3.27756
1.42159
0.773896
1.96467
0.330049
1.36279
1.69089
0.98367
0.00788609
0.330133
3.19038
1.01115
1.83622
1.42611
0.217958
0.31945
1.0562
0.245058
1.14896
0.588811
1.53997
0.729051
0.172115
0.500357
0.152564
3.7911
1.6039
0.0820982
0.133306
1.0331
0.54758
0.0911094
0.515445
3.22992
2.93519
1.15162
1.21907
1.43769
0.370977
1.24601
0.04468
0.313047
0.428556
2.15656
0.0289574
0.786123
0.171654
1.14184
1.43437
1.83736
0.134426
0.792629
0.443785
0.333935
2.83077
0.692932
0.302903
1.34677
0.864437
0.487975
0.484537
0.000363442
0.64096
1.54545
3.23915
0.544888
0.636124
1.09451
0.201649
1.51686
0.474249
0.25659
0.0506453
1.29535
0.1172
0.0811303
0.315521
0.312415
1.4217
0.0328583
0.115507
2.15829
0.866718
0.630139
0.184377
0.735437
3.42267
0.561604
0.30195
0.789847
1.69194
1.03463
0.790648
0.341156
0.564624
0.707757
1.23493
2.32367
0.189406
2.22343
1.14786
0.798946
0.125651
1.31703
0.323511
0.259639
1.66071
0.791834
0.687149
0.840933
0.865861
0.9316
0.603617
0.173143
0.0764052
0.971664
1.13845
0.0417954
0.0526138
2.81861
0.884356
2.0181
0.879367
0.143258
0.169773
0.0165162
1.02366
2.00462
2.50674
1.6781
1.4149
0.919177
0.451721
2.08047
0.4053
1.02127
0.10959
0.154574
0.20684
0.918269
1.24449
1.45312
0.231765
0.180422
2.59218
0.329097
1.54472
0.928439
0.387666
1.81944
0.787768
2.39012
1.22069
0.139372
0.0427514
1.97413
0.158382
1.1475
1.29611
0.0671475
0.684867
0.660598
1.0969
1.9612
0.444081
7.29187
0.691497
0.620613
0.15378
1.15844
0.0652594
1.92725
0.601819
0.31477
0.0197273
0.473737
0.799553
1.64074
4.02625
2.05441
1.03295
0.749294
1.51509
0.429278
1.07118
1.72632
0.235899
1.62899
0.702459
2.75743
2.03114
0.00047724
0.544732
0.765524
1.9646
1.50774
0.764061
0.444667
0.27572
1.12939
0.0460299
0.362621
0.757621
0.687508
0.85377
0.800184
2.07546
0.133147
0.441482
1.94254
5.65347
0.000964086
0.484444
1.49927
0.430759
0.0422353
0.913219
0.821262
1.8658
0.10915
0.686508
1.25191
0.109682
2.48498
0.286285
3.31508
1.1883
1.52869
0.389539
2.75257
0.616091
0.458261
0.274945
4.72944
2.00092
1.68513
0.780717
1.34435
2.80088
2.29105
0.90622
2.74478
2.30062
3.90762
1.24634
0.287399
0.021497
0.372825
1.66027
2.01362
0.535491
0.366121
0.86878
0.730847
0.252642
1.76895
0.658104
2.50735
0.948476
1.63372
1.92931
0.0753898
0.189245
0.0999733
0.0659119
0.0379156
2.40482
0.930666
1.49833
1.89022
0.702286
0.46593
1.53572
0.518105
0.434421
0.687451
1.06172
0.467811
1.65213
0.623718
0.274599
0.252284
1.47243
1.71847
1.35276
5.09731
1.05025
0.253142
2.435
0.30492
0.0288534
1.45738
0.408624
0.224216
1.98263
0.50953
0.271891
1.47846
0.00494353
0.0146671
0.970146
0.712289
0.489404
0.520323
2.45145
1.34465
2.33114
0.839264
0.119907
1.24193
0.0325471
0.435594
2.72037
1.62281
0.190894
1.12585
1.5923
1.73686
2.29528
1.23425
0.0907411
2.62704
0.646455
0.548496
0.137614
0.413084
1.72263
0.456698
0.116988
1.75063
0.479954
1.31445
0.409195
1.46187
0.147396
0.287211
0.708394
0.04068
1.70165
0.969066
1.39045
1.89473
3.63753
1.15577
1.05641
0.159538
0.447555
0.595731
3.55402
0.30121
0.171721
0.059895
0.207991
1.00481
0.654538
0.38031
3.58559
0.359138
1.14879
0.0863032
0.137031
0.0663184
1.68233
0.623383
1.78596
3.01816
1.25008
0.415409
4.70748
0.757446
3.23127
1.35483
0.479293
2.72076
0.557212
0.0336362
0.0851635
1.5512
0.657621
0.0544864
0.0492792
1.02083
0.117844
0.269018
0.319641
0.895223
0.803456
0.28219
2.23685
0.268141
