1.72182
1.57254
1.55948
1.51605
1.82521
1.2944
1.46525
1.95443
0.650104
1.28379
1.9558
1.87595
1.74078
1.9787
1.0672
1.53597
0.90815
1.45945
1.23457
1.96557
1.85821
0.850054
1.72272
1.31579
1.26726
1.22588
0.959516
1.81692
1.56718
1.89551
1.55913
0.984304
1.39234
1.9646
1.64336
0.920387
1.20541
1.96471
0.625892
1.2654
1.19343
1.97693
0.856347
1.91064
1.95512
1.22615
1.37481
0.605881
1.7045
1.64854
1.98457
1.49902
1.72068
1.70184
1.7807
1.92467
1.89185
1.86911
1.7244
1.37862
1.74792
0.971781
1.5289
0.340481
0.793932
0.228662
0.935664
1.31074
1.96574
1.021
1.62337
1.09018
0.924709
1.6992
0.64678
0.641618
1.88984
1.42096
0.78652
1.54691
1.94424
0.671542
1.91929
1.64406
1.736
1.67702
1.52884
1.58779
1.48068
0.888348
1.87796
0.837089
1.17416
1.29999
0.855459
1.28447
1.30234
1.13059
1.63505
1.21752
1.35893
0.865884
1.45817
1.48884
1.77107
1.49941
1.52754
1.62674
1.84104
1.59411
0.186231
1.77469
1.63288
1.91987
1.26687
1.16607
1.55952
1.77652
1.77458
1.9165
1.84767
1.61491
1.96832
1.99386
1.85746
0.631482
1.26945
0.851512
1.19278
1.85826
1.34298
1.61426
1.91893
1.76759
1.95802
1.66567
0.963215
1.45355
0.974744
1.92504
1.92398
0.977005
1.67782
1.51477
0.208618
1.89049
1.71693
1.56077
1.63406
1.38377
1.41635
1.38747
1.9002
1.35122
1.37462
1.74018
1.39571
1.66829
1.80565
1.64061
1.4518
0.676283
0.853768
1.28584
1.79999
0.505326
1.88963
1.8876
1.47363
1.97241
1.80281
1.32421
0.846249
1.372
1.79647
0.850454
1.10223
1.41929
1.64077
1.78656
1.7661
1.93618
0.720024
1.63489
1.1994
1.43755
1.17916
1.64412
1.9673
1.95975
0.950995
1.38798
1.98623
1.14022
1.68686
1.78296
1.17239
1.5251
1.63784
1.68822
1.47678
1.31093
1.92502
1.56414
1.69101
1.70211
1.64382
1.83458
1.98237
0.950593
1.57095
1.7434
0.489592
1.61983
1.18613
1.226
1.93285
1.49006
1.84564
1.89777
1.4153
1.92624
1.14697
1.38746
0.85702
1.84778
0.697139
1.3086
1.22895
1.6789
1.9177
1.71869
1.91158
1.83571
0.966759
1.56332
1.46082
1.74848
1.25893
1.4273
1.83752
1.80413
0.591201
1.84904
1.28512
1.2332
0.547921
1.1034
1.73067
1.8616
0.562824
0.265473
1.77566
1.19047
1.39069
1.83985
1.99967
1.44679
0.776908
1.22807
1.97986
1.95929
1.90643
1.8895
1.78709
1.98594
1.36916
0.937797
1.73002
1.6585
1.55119
1.50107
1.34517
1.5793
1.19442
1.65784
1.7982
1.23168
1.80695
1.44197
0.683979
1.82497
1.44496
1.80886
1.98024
1.787
1.60656
1.9799
0.902467
1.66497
1.17286
0.79145
1.6053
0.815471
1.9347
1.22633
0.720967
1.21831
1.38713
1.77079
1.85375
1.85678
0.977807
0.92995
1.32772
1.38189
1.75014
0.537217
1.65187
1.48284
1.46641
1.69006
1.10209
1.83415
1.40032
1.03349
1.57094
1.90309
0.952865
1.66453
1.51945
1.35331
1.72215
1.96995
1.44558
1.63232
1.14194
1.50304
1.83289
1.60805
0.982422
1.65435
1.36791
1.23487
1.74701
1.69852
1.65364
1.39121
1.71624
1.00969
1.81238
0.59294
1.80254
1.93915
1.85457
0.844654
0.734135
1.31144
1.95701
1.08032
1.90077
1.44274
1.55214
1.58408
1.38346
1.89083
0.686979
1.60532
1.2918
1.86451
0.665808
1.45871
1.44377
1.41859
1.70849
0.698969
1.97936
1.14698
1.4477
1.68804
1.3641
0.995747
1.71209
0.733707
0.653489
1.50329
0.999194
0.877091
1.78137
0.789802
1.24624
1.65342
1.51768
1.78369
0.791065
1.83151
1.64298
0.935704
1.3163
1.8749
1.93997
1.37079
1.19223
1.32202
1.75771
1.88348
1.38418
1.73086
0.575427
1.78487
1.25898
1.39741
1.88271
1.91421
1.46182
1.9086
1.34096
1.6033
1.96844
0.400073
1.66479
1.16048
1.66119
0.478792
1.93435
1.71895
1.84235
1.54288
1.80681
0.811331
1.31299
1.73242
1.45965
1.58185
1.9583
0.81455
1.38204
1.29307
1.78902
1.41452
1.98727
1.97651
1.77147
1.86833
1.88852
0.880599
1.76241
1.0467
1.68736
1.72147
1.06583
1.12353
1.88185
1.79618
1.1518
1.80718
1.42178
1.98162
1.16344
0.917559
0.680752
1.56572
1.81429
1.50742
1.9829
1.76324
1.58286
1.34557
1.96988
1.19154
1.73984
1.95676
1.12217
1.41375
1.81852
0.529662
1.51952
1.51658
1.09009
0.678761
0.838563
1.35832
1.20069
1.9358
0.670209
1.48261
1.72759
1.46979
1.44869
1.8881
1.58044
1.49716
1.36963
1.24281
1.89279
1.33247
1.94883
1.40052
1.6871
1.91707
1.64344
1.27416
1.86986
1.80204
1.69783
1.65726
1.81717
0.738461
0.341578
1.93951
0.894375
0.857044
1.21687
1.34744
1.99025
1.28118
1.78688
1.71448
1.74111
0.906841
1.55645
1.0702
1.60073
1.8508
1.46517
1.42322
0.890273
1.36564
1.77896
1.76599
1.16777
1.27417
1.96404
0.506891
1.99335
1.64734
1.67292
1.8091
1.69539
1.67765
1.73433
1.7746
1.74912
1.91463
0.326921
1.73634
1.039
1.79052
1.3151
1.85661
1.86492
1.82165
1.96829
1.37289
1.63676
1.40454
1.76201
1.72023
1.74545
1.45816
1.37474
1.90471
1.72903
1.29552
1.9166
1.72011
1.88001
1.54979
1.44391
1.52088
0.762959
0.610121
1.03431
1.79623
1.93506
1.04508
1.44709
0.716208
1.9021
1.74404
1.89148
1.75092
1.49626
1.85592
1.99628
1.97764
1.05173
1.75722
1.6898
1.86444
0.807403
1.95073
1.75346
1.78583
1.16903
1.64255
1.4069
0.623531
0.535905
1.7962
1.55505
0.84251
1.81937
1.69466
1.856
1.74
1.81796
1.12498
1.77955
1.69735
1.88787
1.63896
1.31189
1.27615
1.40864
1.30321
1.21935
1.58189
1.96947
1.87938
1.34617
0.549152
1.82329
1.98579
1.80297
1.97117
1.62136
0.864338
1.99175
1.64065
1.86058
1.54133
1.71159
1.64645
0.808555
1.50483
1.20076
1.86978
1.69054
1.94577
1.50766
1.52692
1.55627
1.78472
1.77984
1.8724
1.99147
1.95318
1.36133
1.96068
1.82609
1.70567
1.97493
1.60708
1.68605
1.77198
1.5618
1.0181
1.83804
1.54821
1.76212
1.66917
1.9463
1.35461
1.03656
1.99174
1.80629
1.41697
1.86032
1.39673
1.3029
1.23094
1.84542
1.8152
1.96177
1.57715
1.65649
1.9529
1.49989
1.91912
1.9116
1.13537
1.59142
1.8841
1.77731
0.937321
1.62008
1.12499
1.23393
1.35026
1.7252
1.94432
1.92311
1.65187
1.22448
0.609168
1.63972
1.97718
1.45355
1.41729
1.34884
1.74162
1.6765
0.904022
1.48334
1.62133
1.67052
1.98397
1.54807
0.330552
1.90169
1.39167
1.14463
1.42732
1.11431
1.92325
1.55103
1.77958
0.813143
1.77688
0.460387
1.78343
1.70544
1.93186
1.2966
1.89419
1.95185
1.87469
1.86869
1.35848
1.12804
0.993139
1.98233
1.83189
1.19777
1.45079
1.34062
1.85472
1.41991
1.8291
1.85822
1.20279
0.933993
1.99298
1.66886
1.30027
1.91565
0.723828
1.98608
1.96329
1.81604
1.9943
1.7369
1.43414
1.92575
1.95043
1.20413
1.87365
1.81795
0.647468
1.02745
1.95252
1.0775
0.956259
1.77487
1.43732
1.57782
0.0839172
1.1051
1.89368
1.82916
1.9803
0.809712
1.90697
1.97314
1.73012
1.04255
1.88632
1.77136
0.988992
1.8449
1.52511
0.965165
1.52109
1.86597
0.344112
1.43243
0.623985
1.87751
0.982144
0.801239
1.97493
0.731271
1.20859
0.83271
1.81532
1.67918
1.65163
1.81538
1.82559
1.48824
1.60089
1.80188
1.56419
1.44825
1.76862
1.00196
1.60968
1.61906
1.87235
1.72558
1.36146
1.28286
1.82087
1.82145
0.847295
1.82496
0.994001
0.947726
1.67463
1.24494
1.10945
1.63855
1.32392
1.46294
1.70731
0.671463
1.98875
1.14015
1.8455
1.81206
1.68433
1.33669
1.56054
0.845981
1.75721
1.10044
1.17236
1.1688
1.77334
0.559605
1.88846
0.46465
1.31742
1.68358
1.83147
1.42519
1.41779
1.92429
1.55307
1.96145
1.01797
1.72261
1.58016
1.50007
0.623692
0.97335
1.54363
0.476705
1.33966
1.25225
1.823
1.92942
1.63267
1.22952
1.98218
1.21146
1.47227
1.11854
1.49995
0.915778
1.1634
1.28249
0.954031
1.56882
1.90207
1.91399
1.89044
1.20077
1.83085
1.35756
1.08508
1.93026
1.96727
1.73503
1.36929
1.98794
1.83166
1.84158
1.99704
0.81907
0.593701
1.81943
1.97742
1.65843
1.99008
1.95919
1.85074
1.45384
0.972459
1.19673
1.56607
1.35618
1.56368
1.67617
1.85232
1.3933
1.54958
1.72258
1.64312
1.22935
1.96725
1.78775
1.01635
1.93338
1.43204
1.53506
1.92047
1.02661
1.23043
1.91726
1.17722
1.27488
1.71798
1.1089
1.87893
1.70451
0.959658
1.70685
0.292632
1.21721
1.88394
1.56947
1.62585
1.359
0.831658
1.38438
1.73411
1.62564
1.98019
1.18186
1.83254
1.94676
1.94558
1.93133
1.87624
1.32025
1.413
1.78507
1.50122
1.67316
1.6793
1.71165
1.89044
1.21785
1.85453
1.75326
1.89067
1.93651
1.33177
1.893
1.02137
1.01595
1.38373
1.75042
1.52671
1.47739
0.254131
0.917846
1.95924
1.98158
1.34332
1.78368
1.9273
1.21386
1.69603
1.79296
1.5992
1.97466
1.51131
1.95509
1.63662
0.572475
1.64947
1.46431
1.25863
1.42046
0.808833
0.909481
1.28628
1.4246
1.96054
1.47264
1.5794
1.29767
0.822733
1.95729
1.75548
0.830737
0.647577
1.70203
0.70762
1.39172
1.37602
1.95859
1.64903
1.95605
1.74101
0.831098
1.92954
