-0.988009
-0.0553124
0.82193
-0.927059
-0.704949
-0.427219
1.55806
-0.158972
-2.63682
-0.141459
-0.25207
0.923474
-0.777935
0.907284
0.407835
-0.185467
-0.48667
-1.30754
0.837789
0.943843
0.121376
-0.128921
0.301293
-0.109736
-1.64784
1.21285
0.0107806
2.02026
-0.0291764
-0.15685
-1.60022
1.62927
-0.898069
0.246074
-0.088226
0.157796
1.68244
-0.590239
-0.955189
0.119672
-1.76952
0.326562
0.995124
-0.972176
0.318562
-0.156372
1.02304
-1.24178
-0.862725
0.170381
0.86178
-0.524563
1.06275
-0.939702
-0.39386
-0.33705
0.97077
0.782782
-0.220295
-0.900389
1.00506
1.41547
-0.942927
-1.72715
-1.19722
0.660283
0.569203
0.329158
1.20019
1.21334
1.70018
-1.78131
0.662944
1.74991
0.0351711
1.03572
-1.44964
-0.44513
-0.474274
1.85772
1.12941
0.146812
-0.179863
-0.544865
0.609335
0.10704
0.0583338
0.207687
0.225069
-0.392853
-1.49998
1.30096
-0.314026
0.929026
-0.558422
0.305845
0.713399
0.976417
1.35342
2.00757
-0.183112
-1.33201
-0.297508
0.231199
0.284275
1.04164
-0.101931
0.672763
-0.258172
0.8685
1.02593
1.86306
0.345444
-0.250963
-0.427573
-0.222995
-0.935753
0.722183
1.87646
0.0994548
0.917044
1.26408
0.842822
1.24924
-0.103542
0.626339
-0.362515
-0.988546
0.8261
1.09089
-0.0226011
-0.794407
0.215647
1.25649
1.29342
2.48319
1.19405
1.34337
0.953727
-0.743492
-0.869755
-0.740061
1.02012
-1.12853
-0.645289
1.0045
-1.16555
-0.609765
0.579757
-1.66336
-0.122541
1.54207
-0.821034
-0.315232
-1.48254
0.976544
2.74455
-1.37388
0.885898
-0.100353
0.747194
-2.84959
0.521328
1.08975
0.97658
-0.953449
0.738581
0.878622
0.60912
0.145129
-1.32504
0.534219
0.887751
0.9247
0.411157
0.845095
1.25551
-0.531633
-0.301123
-2.85479
-0.170659
1.12716
0.17064
1.26739
2.04564
-0.240789
0.810158
0.309131
-1.1683
0.630352
-0.157305
0.176107
0.35129
1.72646
0.159197
-0.880685
-2.00325
-0.746623
-1.23022
0.179459
-0.529808
0.329671
-0.0497096
0.734998
-1.50456
0.274704
-0.411675
-1.61224
1.22048
-0.397543
-0.908709
-1.19612
0.19828
0.136847
-1.01008
0.105475
0.391177
0.147167
-0.842618
-0.614057
-0.202541
0.130258
-0.136361
-0.889314
-0.568699
0.125583
-0.788265
-1.5516
0.172425
-1.78798
0.187585
1.33797
0.247279
0.596464
1.1025
2.09929
-0.367003
-1.54677
-0.094222
0.733857
-0.861289
0.274267
1.75342
0.0206024
-0.47807
1.16369
0.0475613
1.07803
0.0735074
-0.12915
0.29231
0.53611
-1.70823
2.4629
1.56458
-0.955141
-0.153967
-0.232438
1.05807
-0.563867
-0.492474
0.821933
-0.948397
-1.27482
-0.685647
-0.925076
1.06224
0.91127
-0.225275
-0.357562
1.13938
1.3786
-1.01327
-0.011958
-0.643868
-0.175908
0.90916
-0.429431
0.420064
-0.015961
-0.475505
-0.379656
0.245842
0.652754
-0.993819
-0.495341
0.0201931
-0.65065
0.0592922
1.16784
0.14191
-0.0507305
0.415355
0.631918
-0.612947
-0.944417
0.508499
0.0941589
0.58574
0.268477
-1.25358
-0.318394
0.405158
-0.837674
1.09073
-1.46658
-1.50862
1.88974
0.0139531
0.571485
0.699167
-1.20598
1.87561
-1.76936
0.25567
-0.585331
2.01167
0.697055
0.395756
1.01214
0.278305
-1.03073
2.49901
-1.46852
0.992066
-2.17035
0.125388
-1.0559
0.147326
-1.65267
-0.465367
-0.69541
-0.167289
1.19956
0.823496
0.28805
0.851986
-1.63461
-0.376786
-0.668835
-0.879758
0.0153697
-0.336697
0.0579768
0.174995
-1.23479
-0.307081
1.83932
0.422211
-0.282633
-1.03609
-0.258602
0.489903
-2.1084
0.27806
0.061763
0.219731
-0.0845247
-1.39969
1.2635
1.07508
0.116186
0.533876
0.189787
-1.05461
-0.144602
-0.240454
0.347671
0.125132
-0.978648
0.314917
-0.846733
0.418951
0.0912401
-0.0536429
1.89762
-0.633251
2.61529
-0.288693
0.0488274
1.43834
-0.171826
-0.73002
-0.570391
0.190199
0.476795
1.05472
-0.736428
0.666969
0.878206
0.205961
-0.0744728
0.6853
-0.222697
0.55041
-0.558355
-1.26728
1.36213
0.191359
-0.507794
-0.432305
-1.20342
1.57695
-0.202688
1.13816
-0.992144
0.671431
0.0124356
-0.798493
-0.189347
0.710317
1.19889
0.146606
-0.859877
0.4936
-0.347215
-1.25326
1.44305
-0.739697
0.615353
-0.283666
0.514333
0.121496
-0.281553
2.06858
-0.982604
-0.38091
1.60642
-0.659583
-0.0427023
0.567548
0.808167
-1.10899
0.587601
0.709715
0.129522
1.28107
-1.1468
-0.785868
1.66006
-0.209562
0.556587
-0.605194
0.477201
-0.111434
-1.38167
0.426516
-0.847713
0.70396
1.42482
-0.638697
0.254762
0.628687
-1.73118
0.635319
0.167257
0.298613
-0.829523
0.257762
0.956286
-0.989982
0.225904
1.47648
-0.911735
2.04809
-0.154197
1.06827
0.565683
-0.625338
-2.29435
1.74551
0.205206
0.962529
0.456139
0.0452141
0.338362
0.269864
2.0164
0.108174
-0.38933
0.924469
0.068975
-0.98315
-0.0280127
1.33599
-0.924159
0.0142415
-1.57615
0.360835
-0.618818
-0.184266
-0.862962
0.66951
0.376249
-0.613968
0.998159
0.770713
0.492728
-2.00056
1.36177
0.0969434
-0.373405
0.526138
0.233963
0.999682
-0.969948
-0.641968
0.284553
-0.358258
1.11952
-0.456134
-0.259633
-0.542558
2.21855
0.0620996
1.55777
-1.05577
-1.28427
1.64658
-0.332711
1.03
-0.753144
1.6857
0.496284
0.28408
0.12943
-2.73932
-0.141098
0.0718578
-1.30959
0.56676
-1.69491
0.241918
0.0637067
-1.37019
1.4969
-1.06882
-0.0139615
1.35408
-0.745668
0.048315
-0.749454
-0.804364
-1.35236
1.35402
-1.77237
0.976883
1.82941
0.0829243
1.82391
0.560527
-0.644032
-1.20782
-0.0603175
0.623842
2.00759
-0.0137156
0.251444
1.15597
-0.786502
-0.599384
0.185909
-0.111863
0.249742
-1.2702
2.41617
0.486922
1.73408
-0.143461
-1.74046
0.344074
-0.658485
0.734499
0.184415
0.842397
1.6831
-0.0261301
-0.491968
1.29864
1.31598
1.42682
1.13375
1.39676
-0.397691
1.26611
-0.866197
0.117097
1.3337
-0.0325852
1.02615
1.15831
0.740672
-0.432489
1.99415
-0.218319
0.469419
-0.174026
-0.428898
0.879262
-1.05458
0.144671
-0.259402
-0.144498
-0.417344
0.878463
0.381343
-0.691668
1.15956
0.459685
0.329206
-0.0288989
-0.534794
1.23882
-0.361667
-1.78276
-0.411792
1.48345
-0.780169
0.488198
0.910306
-1.18152
-1.12574
-0.148513
0.654
0.569888
0.290437
2.22567
0.0558685
0.685833
0.548511
0.882975
0.0140783
0.231955
0.0881593
0.289305
-0.24775
-1.16539
-1.16276
0.183231
1.23332
-1.84303
1.33174
-0.486349
-1.58217
0.196583
0.676698
2.36269
-1.1119
0.916715
1.27794
1.4135
0.577938
-0.403327
-1.84743
1.39077
-0.0179302
0.719099
0.444248
-0.416586
0.0393685
-1.43023
-1.33771
-2.18569
-0.0231404
0.0745583
-0.853719
0.936001
-1.38096
0.048381
-0.764317
0.0128197
1.3097
1.07071
-0.545208
0.800038
-0.809687
0.961697
0.0911164
0.144269
-1.60393
0.522033
0.0843559
-0.149928
0.0895798
-0.925193
0.196048
-0.474095
0.875045
1.04937
-0.173308
-1.08532
2.20188
0.288299
0.524264
0.465285
-0.198657
-0.284268
0.0254849
-1.05093
-0.0531007
0.298802
1.21442
0.380441
-0.960836
-0.748265
1.60649
0.717351
0.531806
-1.27016
1.49403
-0.290666
0.497115
0.381504
-0.155193
2.029
-0.756152
1.64993
0.0696834
0.311731
0.772602
-0.237126
-0.590335
0.913407
-1.33474
-0.0406343
-0.852558
2.2375
-0.537746
-0.801524
1.73038
0.233831
0.67127
-0.367269
-0.0834744
0.421079
0.303234
0.0570833
-0.658386
-1.05282
0.150511
-0.674963
-0.0329298
0.841166
1.46344
0.581268
3.84458
2.31366
0.877186
-2.74717
-0.793963
0.685135
-0.364551
-0.675702
-0.740137
-0.578111
0.184521
0.717263
-1.74042
-0.37599
0.921205
0.171572
1.02124
-0.243691
1.27676
1.96787
-1.35977
-0.32878
0.212945
-0.660127
-0.562544
0.639674
-0.377762
-0.577761
1.47939
-1.51185
0.752495
-0.24229
0.914088
0.336736
-0.938668
-0.641636
-1.81191
1.22351
-1.35281
-0.951052
-0.0225202
0.202042
1.0005
-0.169541
-1.72879
-1.27981
-0.203686
0.196592
0.384787
0.122885
-0.926244
-1.69686
-1.12579
0.404924
-0.133028
-2.40494
1.59467
0.0996389
-0.268094
-0.611614
0.146123
-0.44752
0.469544
0.683618
-0.340752
-0.241997
-0.925076
0.740917
0.521955
0.680892
-1.30946
-0.264602
-0.452152
-0.196161
1.25715
-0.525419
-1.04071
-0.561013
0.694439
0.209882
2.68097
-0.592166
0.347617
-0.636294
-2.16272
0.754413
2.02353
2.02117
-0.0808954
0.407333
0.139511
3.45762
1.25908
0.0840588
1.02985
1.55875
0.0890822
-0.859668
1.15743
-1.33837
-0.0751291
0.930103
2.05254
0.842415
-1.04601
1.34817
-0.29126
-0.554772
-1.40029
0.0327299
-0.801103
1.39293
0.374722
-1.46262
-0.536091
0.703571
0.0140645
-1.11014
0.140784
1.08118
-0.0767705
1.71277
1.98827
-1.51215
-0.651885
1.09778
-0.558257
-0.53095
-1.22144
-1.39337
-0.676375
-0.991526
0.306674
-0.533621
1.3813
1.95668
-0.87086
-1.1678
-0.583565
0.0806207
0.0956442
-1.27551
-0.888748
0.204781
0.119613
1.46571
-0.431907
-0.926032
-0.428398
0.733137
-0.151083
-0.163636
-0.374594
-0.488704
-2.58084
0.676301
1.01842
0.662528
-0.97219
0.486258
0.333875
1.44311
-0.885362
0.630451
-0.344388
0.0637391
-0.918374
-0.509344
-0.313598
0.926757
0.642902
1.15798
0.358803
1.3285
0.632784
-1.11222
-0.461978
1.21441
-0.325006
1.45031
-0.479561
0.150804
0.520665
-0.696482
0.41395
0.910825
-0.63944
1.04388
-0.466425
0.489852
-0.283904
0.16466
0.839277
0.35532
0.65433
0.936678
1.75926
-0.934199
-0.169885
-1.81792
-0.679925
1.17357
-0.128413
-0.627123
-0.951142
1.92187
-0.428034
-0.603565
-2.62384
-0.755352
-1.14715
0.793386
0.413615
0.854205
-0.0618119
-0.713655
-1.62093
0.636613
-1.11521
0.631716
0.573465
0.336477
0.0133005
-0.751
0.222828
0.333212
1.1473
-0.286402
-0.151888
-0.461232
-1.92676
-1.63044
-0.0972765
0.235734
0.0686283
0.680846
-2.38253
0.920045
0.321008
0.68302
1.20541
-0.336882
0.815528
-0.103943
0.544427
-0.525925
-1.31126
1.34279
0.0593753
1.63121
1.28396
-0.742995
1.42417
-0.920536
-2.27024
0.327822
-0.635984
0.419363
0.696365
0.616672
-1.45201
-2.38628
-1.29996
0.263326
-0.148806
0.25722
-0.532434
-1.74586
1.66315
0.21978
-0.0196339
0.345327
1.11035
0.151315
0.588085
0.207592
-1.42872
-1.20317
-0.23862
-0.299085
1.16062
0.611098
0.170424
0.557592
-0.199852
-0.670417
-0.720377
0.0603098
-0.189136
-0.1384
-0.000215359
-0.309316
0.742607
-1.10605
0.579452
-0.759785
0.57092
0.252553
-0.203151
0.892666
-1.08933
-1.51947
0.0628709
1.15186
0.179927
-0.309089
1.06423
-0.978773
-0.696295
-0.294402
-0.102574
-0.00559379
-0.427364
0.427429
-0.129062
0.30882
0.348629
-0.115154
1.23635
0.0756129
-0.265483
0.998147
-1.4116
-1.39318
0.133523
-0.459359
0.287519
1.81039
-0.644494
0.530764
0.482355
0.960633
-0.0696489
-1.59909
0.842541
-0.470257
-0.315665
0.593071
-1.26179
-1.36524
-1.17404
1.07086
-0.0286906
-0.229513
-0.732461
0.592059
-1.06621
1.93074
1.38752
0.178848
0.856765
0.611513
1.48109
0.50585
0.632417
0.442836
0.195566
-1.08829
-0.656243
0.743239
1.25196
-0.687882
0.404009
-0.323174
-0.0490015
-0.822464
0.705853
0.268399
-0.520944
-0.739554
-0.0960536
-0.212245
-0.733628
-0.688533
-1.11335
0.0841612
2.04097
-0.10601
0.778909
-0.331014
-0.840542
-2.12194
1.65595
-1.88182
-0.430993
-1.35303
1.19804
1.82137
-0.798491
0.146176
-1.19422
1.23992
1.1054
-0.521773
1.06166
-0.0934819
2.12485
-0.353988
0.185803
-1.66722
-1.23221
0.952721
0.432546
-0.135885
-0.352963
0.476135
0.391537
0.23444
-1.02323
-1.2501
-0.313164
-0.740736
-0.912838
-0.861951
-1.05312
-0.813988
-1.02247
0.134417
-0.657379
0.0227988
0.996122
-1.04291
-0.436668
0.0808365
2.08568
0.665122
0.408381
0.883757
-0.448978
-0.0199543
2.07914
-0.688243
2.58996
-1.11187
-0.479176
0.19203
-0.526547
-0.659042
-1.36117
-0.506012
0.296552
-0.436883
-0.454952
-1.10979
0.46198
-1.67388
0.393288
-1.20476
-0.850139
-0.348994
1.29517
-0.239988
1.12417
0.563293
-1.55984
-0.236114
-1.14811
-0.473411
0.955519
0.54971
-1.03633
-0.667968
-0.815117
-0.657888
-0.297669
1.45623
-0.421464
-0.373649
0.954129
0.990666
0.393923
0.311223
1.15136
-1.46448
-1.06018
2.31111
-0.785468
-1.39873
-0.821489
-1.36183
-1.27203
-0.425251
-1.04826
-0.23106
0.346673
-0.243231
0.134661
0.405109
0.7892
-0.33071
0.0264151
0.497698
-0.855743
0.187447
-1.8083
0.703412
0.512026
-0.0967059
0.488832
-1.18169
0.66099
-0.426842
-0.451876
1.57537
1.05767
0.223244
0.155526
0.337807
1.47804
0.519977
-1.34723
-2.23079
0.171127
0.353636
0.00512248
-0.107041
2.24402
-0.731307
0.261458
0.308716
-0.102115
0.618158
-0.331111
-1.32092
0.477613
0.560248
2.08744
1.03567
-0.406173
1.32947
-0.580772
-1.37703
-0.144022
-0.0560512
-0.125067
-0.409949
-0.720828
0.95575
0.732069
-0.11682
0.549598
-0.15546
1.41823
0.111865
-0.1054
2.58248
-1.45332
-1.39406
-1.30085
0.408011
0.148525
-0.854451
2.23904
0.696045
0.352994
-0.464832
-0.426154
-0.649657
-0.592038
0.12052
0.162664
-0.579638
-0.620364
-0.282417
-1.8698
2.46448
-1.65542
-1.52518
-1.14912
-0.499698
-0.982714
-1.7703
1.12971
-0.452961
0.94884
0.961432
-2.06599
-0.228089
-0.15736
-1.43854
-0.189754
1.65417
-2.22533
0.534828
-0.138166
0.939135
0.809473
-0.980699
0.705508
-1.94216
-0.875401
-0.542402
0.290011
-0.0826969
-0.0172245
-2.60375
1.54892
-2.26966
-0.0840091
0.797205
-1.01495
-0.378043
-0.158041
-0.945196
0.208195
1.00892
-1.63756
0.423057
-0.210847
2.01224
-0.99408
0.370652
-2.53247
-0.515839
1.09341
0.319381
-1.47837
-1.84499
-0.0622514
1.41094
0.623919
-0.869122
-0.00555608
-0.00953228
0.122648
-0.564094
0.0345912
-0.0867426
-0.308765
-0.413325
0.567887
-0.192384
-0.547712
0.0158806
-0.526501
-0.16238
0.200531
1.31661
0.221289
-1.44608
0.764717
-1.30043
0.201723
-2.26226
1.57969
1.66051
-1.98922
0.289286
1.10655
-0.956037
0.119529
0.549919
1.30516
-0.231098
0.472547
0.666015
-0.0998083
0.39623
-1.09021
1.20559
1.94219
-0.747597
0.187473
0.349128
-0.410344
1.20126
1.50251
0.38735
1.28715
-0.171635
0.519513
1.07492
0.491512
-0.110213
1.30817
-1.87322
1.48006
0.427687
3.38801
-1.52263
-0.200275
0.580625
-2.87975
2.06771
-1.42816
1.48799
0.622728
0.233416
-1.73835
-0.0745242
-0.714222
-0.170968
-0.442696
1.30616
0.758197
-1.16768
0.273399
0.427432
-0.45416
-0.518296
-1.83744
1.37593
0.750381
1.08419
-0.465445
-0.0286271
-1.51438
1.16415
-0.0456398
-0.403738
0.777557
-0.332754
-0.196603
0.413479
-0.16681
1.05191
-2.1443
0.871786
0.00975982
-0.145444
0.751659
0.205148
1.20712
0.139023
-0.572839
-0.905305
-0.100314
0.933179
-0.595462
0.178191
-0.945647
-0.144215
-0.0491364
0.697787
0.183849
0.776307
-1.86186
-1.0154
-0.590413
0.165799
0.248647
-0.0909972
0.549483
-0.56875
-1.10996
-0.588075
-0.759842
-0.167861
1.64487
0.433593
-1.69065
-0.627587
0.812401
0.94993
0.291838
-0.728787
0.141482
0.109331
-1.69982
-0.276866
1.3177
0.123766
-0.0124824
-0.968425
1.28609
-0.360624
0.860711
-0.342439
0.242949
-0.318175
1.17955
-0.106187
0.33213
-1.84967
0.74002
-1.66386
0.944589
-0.0657707
-0.288798
-0.16838
-0.496345
0.0829079
0.773196
-1.60057
-0.991303
-1.84365
0.0299529
-1.3057e-05
0.11805
0.617319
0.265124
0.474282
1.49588
1.27509
0.419788
0.404207
0.900091
-1.73352
0.0433459
-0.154078
-1.19808
0.558271
-0.71343
-2.70922
0.798811
-0.93199
0.683347
-0.571647
-0.999556
0.753823
-2.31174
-0.36013
0.29952
1.44483
-2.85036
0.624899
-0.418269
-0.965295
-0.661904
1.03271
-0.638581
0.64083
-0.528852
1.61133
-1.31975
0.755587
0.0792443
-1.51002
1.58399
0.140042
0.0897758
0.0452143
-0.101584
0.750041
-0.237842
-1.84556
-0.727314
0.174458
1.84439
-0.539546
0.74043
-0.651454
-0.304514
0.579722
-0.516825
-0.819784
1.2082
-0.795351
1.05241
2.43127
-1.18201
-1.6637
-0.339266
-0.253263
-0.271062
1.84383
-0.407602
-0.70059
-0.639561
0.30842
-0.249537
0.723342
0.339745
0.366582
0.253327
-0.422435
-0.15677
-1.71819
-0.745012
-0.797774
-0.423602
-0.258766
-1.22629
-0.0558811
-0.928008
-0.32935
0.105837
-0.533194
2.39239
-1.00654
0.544244
0.312328
-1.29633
1.69042
-0.367331
-0.129714
1.3677
0.844067
0.884312
1.58949
-1.64102
0.386688
0.722564
-1.36798
-0.822663
-0.606195
-0.913199
-1.27802
-0.90506
-1.69006
0.429038
-0.350155
-0.0162451
0.0586659
1.09215
0.424264
0.212915
0.135821
-0.581357
-1.82739
0.336546
-1.44953
-0.190729
0.0678216
1.41677
0.353414
0.459779
-0.65057
-0.028292
0.682594
-2.33285
1.40747
1.4218
0.39769
-2.56479
0.477453
-0.83134
0.826939
-1.00889
-0.938947
0.874579
-1.59562
0.581114
-1.09333
-1.12404
-0.210791
1.90301
-0.638038
0.652567
-1.05045
-1.44915
-0.394387
1.54423
-0.837776
-0.844594
1.51795
-0.37207
-1.0977
-0.767671
-0.197186
-1.00692
-0.746236
-1.09601
-2.04047
0.940418
-0.218893
-1.41898
0.885068
0.684711
1.2532
0.922392
1.64151
-0.546305
2.33324
0.447027
0.456185
-0.0121878
2.22992
0.331141
0.432394
-0.201338
-0.467459
0.134438
-0.326443
-0.29068
0.362457
-0.695418
0.821861
0.257989
-0.159024
1.2211
0.633824
-0.335254
0.691523
0.727366
-0.414836
-0.00612887
-0.734005
0.234425
-1.74124
0.617061
0.145643
0.501549
0.6095
-1.92067
0.643062
0.666467
-0.0433167
0.66289
-1.75787
-1.99548
1.19574
0.17717
0.198465
0.570336
1.58454
0.589059
0.706861
0.221567
1.03336
-0.706357
-1.38063
-0.615225
1.51302
0.416836
-0.79598
1.69544
0.448184
-0.810854
0.618764
1.25569
-1.45352
1.00936
1.90465
0.537959
-0.829667
0.0477353
0.188193
2.00899
1.40734
1.44815
0.990529
0.241266
-0.327047
2.36321
-1.27974
0.29147
-2.47613
-0.230586
-0.101427
0.103094
-0.849686
-0.394568
-1.13621
0.337319
0.658866
-1.87441
-0.467203
-0.402142
-1.23836
0.543805
0.421683
-0.370751
-0.891632
1.80972
1.44997
-2.72728
-1.37433
1.42999
0.0129663
-1.25135
-0.595943
-1.02685
2.57716
-0.0475632
1.98223
0.00894594
0.265874
0.467652
-0.0708989
0.58896
-1.2351
1.12353
-0.85911
-0.114968
1.74144
-1.34013
0.512822
-0.938081
-0.88495
0.578359
0.346983
1.04925
-0.638178
-0.524261
-0.0463119
-2.02417
-0.532354
1.43786
1.76167
-0.604203
0.131201
-1.34402
-1.23217
-0.0337407
0.192882
-0.404561
-0.494763
0.0445105
-0.705755
-0.324137
-0.989261
-1.43775
0.634878
-0.560623
-1.42351
-1.77335
0.369769
0.504562
-0.553836
-0.972975
-0.246167
0.0361457
0.56191
-2.20425
0.712387
1.0273
0.900504
0.64853
2.95553
0.0960889
-0.725943
-0.668472
0.469702
-0.769187
0.26981
1.05331
-0.164767
1.75368
-0.13652
-2.04576
1.8005
0.835295
-1.27959
-1.23854
0.23752
-0.0864475
1.14855
0.936999
0.153221
0.604587
0.0461018
0.558723
0.949594
0.0272719
1.25916
-0.232041
-0.0418933
0.827869
0.65327
1.18094
-0.298767
-0.77707
-0.753975
-0.126826
0.165208
-0.752358
-0.0867538
-1.31925
1.14588
1.01602
1.13431
-1.51113
0.582544
0.728976
0.76616
-0.661805
0.754065
0.430631
1.62166
1.64801
-1.44397
0.121219
-0.0217765
-0.108922
1.9862
1.70137
-1.6144
1.41589
1.60616
0.617206
-0.383566
0.722289
0.177051
0.100024
0.165549
0.0710871
-0.111926
0.840815
0.757584
0.0625498
0.0272312
0.390839
1.10223
-1.43822
-1.22975
-0.439734
-1.34398
-0.259586
1.54207
0.00974698
0.127951
0.0377535
1.8795
-0.417163
0.727155
-0.640757
1.00155
-0.755165
-0.751118
-0.734482
-0.690228
-0.886328
1.29863
-0.0340942
0.398817
-0.854978
1.90583
-0.941218
-0.314552
0.50089
-0.849783
-0.722235
-1.11492
0.174455
-0.91568
-1.2731
0.602193
0.488302
1.93397
0.0886625
1.25979
0.559815
1.02464
-0.434814
-1.81345
-0.608264
-0.574203
-0.684307
0.950505
-1.10713
1.90706
-1.36606
0.306197
-0.332731
1.42359
0.991852
-0.750625
1.84645
-1.05271
0.735042
-1.10406
-0.37877
-0.456422
-0.481004
0.243713
1.11812
0.251164
-1.69156
1.14631
0.710862
-1.64072
0.234512
-0.407729
1.22257
-0.523997
0.354019
-0.993302
0.47728
-1.14622
-1.18678
0.413809
-2.13013
0.398746
1.04648
0.438521
-0.508434
-0.230853
1.0372
-0.649236
1.17378
0.360498
0.653054
0.55596
2.55994
1.82846
-0.398533
3.14873
-1.23122
-0.588788
2.01804
-0.40005
-1.27996
1.53611
-0.409183
-1.63385
0.288116
-0.688002
-0.480827
0.644619
0.458777
-1.16717
1.46362
-1.35541
-1.024
-1.47853
-0.157661
-0.2494
-0.909451
0.612688
-0.265669
0.00910046
0.870531
0.252399
0.776043
-0.0838995
-0.198842
0.710416
0.831517
0.0115419
-0.836335
-0.621391
-1.19431
0.929582
-0.529071
-0.751758
0.140485
-0.348666
-1.86798
0.628527
-1.46961
0.673971
-0.940971
-1.891
-0.36311
2.28597
-1.34671
-1.07838
0.443301
-0.0976661
0.20784
2.54735
0.625634
-1.12386
-0.266112
-0.556513
-0.484045
-1.85663
1.2878
-0.974575
-0.141148
1.13778
0.110591
-0.00899653
0.341401
0.214661
0.203893
0.870837
-0.0376937
-0.610672
0.405622
1.28083
-1.36909
1.75032
0.47287
-0.686786
0.519923
0.464481
0.339128
-1.40854
-0.320867
0.0342518
0.650286
-0.672751
1.04159
-2.06951
-0.8258
0.0121918
-0.918806
0.610701
-1.0272
-0.291847
-1.41159
1.97684
0.501231
0.757615
-2.45017
-0.275684
-1.01365
1.42964
-0.165314
0.745641
-1.75194
-1.84333
0.63491
-0.420996
-0.0831974
-0.68338
0.784542
0.580508
-1.2093
-0.798581
-0.199725
-0.376973
-0.204969
0.750694
0.983266
1.45641
1.26768
-0.679236
-0.702925
-0.87698
0.52747
-1.34112
-0.650667
1.74294
-0.452449
-1.94391
1.93222
0.130188
0.665635
0.198661
-0.479577
0.0417417
0.590643
-1.08073
0.782409
-0.409515
0.982122
0.440652
-0.244282
-0.946775
1.84413
2.31666
-0.0258892
0.636826
-0.67839
-1.39511
-1.31038
-0.707789
1.14654
-2.19537
-0.279961
0.0116063
0.799143
-0.720365
-0.680836
-0.444871
0.743002
-1.01802
-1.00618
-0.166118
-0.62914
-0.115953
0.441265
1.26465
-0.868252
1.62843
-0.663954
1.61615
1.78439
0.106475
-0.0993274
0.377634
-0.610635
-0.384363
1.07374
-1.28189
1.03146
0.968413
0.437292
-0.601939
0.405295
1.14085
-1.26236
-0.327204
-0.00446851
-0.633213
0.24011
0.139304
-0.479836
1.47469
0.670855
0.84312
0.818926
-0.524937
0.466937
0.0999711
-0.709071
-0.0684505
-0.256188
-2.32483
-1.07193
1.38554
-0.110621
-0.0797685
0.381085
-1.86748
-0.554126
0.619616
0.831539
1.9584
1.08032
-0.0950867
-0.948289
-0.453426
-0.0461683
0.100718
1.10696
0.927576
-0.228603
-1.47732
1.0657
1.23638
1.07193
-0.289916
0.784966
1.21513
2.22506
0.969669
-0.997128
-1.24267
-0.370052
1.95548
-1.00105
-0.39063
0.786425
1.0135
-0.870615
0.578282
-0.0362007
0.670232
-2.51993
1.27495
0.406737
0.746685
-1.22487
-0.403934
-1.25002
-0.335285
-0.502715
-0.792801
-0.355486
-1.0016
-0.716317
0.040564
-0.285765
-0.90722
-1.31839
-1.22947
-0.0113163
-1.79767
-0.683983
-2.16382
-0.556258
-0.509508
-0.490199
0.618162
-0.704226
0.213392
-0.632692
-0.376934
0.668433
-1.03023
-1.0603
0.905387
0.755818
1.90264
0.992124
0.0177781
0.842426
-0.386851
-1.36134
0.716681
-0.85986
0.447534
0.150594
0.68699
-1.52249
-0.171352
-0.386183
0.257496
1.18014
0.0374254
-0.787789
2.10226
2.26694
0.731418
1.73191
0.354606
1.37202
0.569713
-1.0843
-0.841658
-0.376877
1.29964
0.39019
1.02567
-1.39089
0.573418
-1.46497
-0.828497
-0.653379
0.123872
0.600124
1.92734
-0.852427
-0.321414
2.46747
0.386865
-0.560362
0.136181
-0.166478
-1.15667
-1.24003
0.546204
0.472771
-0.340207
-0.325809
-1.05996
0.958063
1.13761
-0.12639
-1.10131
1.12215
-0.920478
-0.853937
1.14229
1.1305
-1.00936
0.501086
-0.114731
-0.357567
-1.99415
0.64236
0.154005
2.20015
-1.32941
-0.0815848
0.848836
-0.300798
2.40486
0.104406
-0.485301
0.533768
1.00179
-0.689232
-1.23735
-0.440108
-0.374895
-0.225134
-1.22481
0.41721
-0.470865
0.170952
-0.560334
-1.88145
-0.402497
1.39746
1.09511
0.485477
0.418637
-1.43155
0.788978
-1.1246
-1.09347
0.644735
-0.827646
0.895282
-1.65113
-2.1056
-1.01407
1.16917
0.102195
0.38278
-0.237842
-0.605995
0.0851426
-0.0515686
0.865228
-1.23372
-0.602378
-1.00783
-1.07302
-2.80549
0.634095
-2.3973
-0.138344
0.628204
-0.022114
0.4348
0.538021
-0.0531367
-0.166154
-0.47641
0.0665809
0.180127
-1.78212
-0.37819
0.859497
2.49541
-0.209517
0.929926
-0.26828
0.164997
-0.511921
-0.151594
1.99183
0.0328497
-0.802596
0.0465194
-0.503782
0.470843
-0.860739
-1.65873
0.659534
-0.463647
0.77853
-1.01064
0.866194
-0.355487
0.482301
-0.35012
0.81319
0.520191
-1.40936
0.748365
0.768283
-0.827314
0.440667
-0.236994
-0.113544
0.436258
-1.0236
0.70815
2.34752
0.791461
1.05604
-0.989368
-1.18066
-0.506844
0.445904
0.386454
0.04658
-0.044027
0.327571
0.57889
-0.399603
-0.127183
-0.00600831
0.994264
3.50195
-0.868962
0.864425
0.387413
-1.191
-0.331445
-0.288174
-1.05915
-1.0875
1.25379
0.51981
1.17206
-1.44948
1.58046
-0.0782618
-0.637937
0.339092
-0.215692
-0.476434
0.785125
-0.768371
-0.565677
0.493128
1.49389
2.28707
0.664858
0.567719
0.154978
-2.01448
0.17408
-1.81721
1.21766
1.01152
0.40125
-0.0258965
-1.17187
1.32427
-0.685366
-0.40346
1.14711
-0.862762
0.455555
1.423
0.390853
-0.286462
0.376756
0.741709
-0.0531403
-0.843433
1.06834
-0.698598
0.0350509
-0.088873
0.0856268
1.2623
0.901589
0.0824755
0.89652
-1.12352
0.658473
-0.235817
0.104899
0.228155
0.350365
-0.656016
-0.420726
1.59041
-0.376944
-0.608277
-1.02786
1.78871
-0.387072
0.908427
0.287582
-1.77438
-1.41108
0.101949
0.902908
1.34761
0.413251
-1.56909
1.20496
0.214398
0.53521
0.138951
0.628607
0.752013
-1.92667
-0.410546
1.06767
0.592016
2.18001
-0.954958
0.0869948
-0.173737
-1.15223
0.986588
-0.289941
-0.0900146
-0.142041
-0.588629
-1.678
0.214884
-1.04754
1.14569
-0.539691
1.57394
1.47511
1.0705
0.47366
0.193815
0.457202
0.143907
-0.0786244
0.887059
-1.3864
0.387759
-0.882854
-0.477675
-0.195894
0.795111
-0.894639
-0.521218
-0.422642
-0.853495
0.4249
-1.28274
-2.23086
-0.660733
-0.792505
0.279694
-1.09628
0.770568
-0.304923
0.304147
-0.449071
-1.66999
1.04051
0.385701
-0.560454
-0.24855
0.120397
1.23347
-1.24732
-1.89243
-0.376559
0.462331
-0.133283
0.496275
0.887412
1.18906
-0.0388664
-0.437855
1.30234
0.538831
1.34079
0.443769
-0.947831
-0.585133
0.0308026
0.0964406
0.129967
0.444172
0.473911
-1.03965
-0.559662
0.385146
-0.352744
0.540656
0.41029
0.270575
0.718082
0.750611
-0.504651
0.114411
0.162672
0.506104
2.00357
-0.495832
0.408385
0.384724
0.268805
0.596813
0.629526
0.49209
-0.235046
1.84909
-0.0135695
-2.13359
0.314499
1.0245
-1.43698
0.597139
-0.271848
0.264348
-0.482438
1.00242
-0.58014
1.67414
-0.839057
-2.42913
-2.38814
-0.479163
-0.886618
0.573044
1.23121
-0.201003
-0.724596
-1.06215
-0.851521
-0.235129
1.72827
-1.3459
0.223685
-0.148265
-0.235447
0.013369
-0.285573
0.336204
1.88306
1.33002
0.318781
0.218989
0.580784
-0.719505
0.451257
1.15928
-0.387306
-0.0713307
-1.04021
-0.307417
-1.05427
-1.7181
0.46633
1.44167
-0.957268
-0.377943
1.87266
0.594933
0.583941
-2.27605
0.318582
2.01143
0.647669
0.895986
-1.02014
1.18295
-0.654501
-0.955459
-1.00201
-0.557876
-0.00216393
0.693274
0.765023
0.324884
-0.400659
1.84638
0.852291
-0.659754
0.148061
-0.00713397
-1.0158
1.3051
-0.299981
-0.310488
1.21087
-1.10877
0.394433
0.617854
0.251701
0.134848
-0.49996
0.469361
0.522685
-0.90363
-0.230403
-0.317283
0.680613
-0.246237
-0.283808
-0.765615
0.611662
1.91562
0.186193
0.738681
-0.609797
1.37829
-1.22973
-0.755551
-0.254832
0.0357815
1.27086
-0.568344
-0.239685
-0.981429
1.33234
-0.903962
-0.172118
-1.72214
-1.57032
-0.463829
1.23904
1.0476
0.574617
-1.57463
-1.00282
-0.497085
1.24499
0.963377
1.35966
-0.815893
0.645824
0.205964
-0.692184
-0.22056
0.726183
0.304822
1.45923
-0.824495
2.74026
0.101537
-0.593662
-1.59885
-0.826374
-0.378571
-0.250138
0.972925
-0.367233
0.320963
-0.276542
-0.819459
0.279284
-0.345521
-0.589586
0.100319
0.326218
-0.855071
-0.135072
-0.665044
0.551935
0.7847
0.122007
0.317229
0.80631
0.564514
0.210852
0.969041
-1.43388
0.0627722
1.41139
-2.58479
-0.680927
-1.13885
-2.14047
-0.939076
-0.723284
-0.627036
1.2012
0.89693
-0.0827069
0.241422
2.73363
1.34206
-0.0878278
-0.865941
2.06055
-0.55902
-0.500256
0.507446
-0.543106
-1.53524
1.94327
0.891318
-1.03555
-1.06358
0.506822
0.347382
0.227789
0.79028
1.80795
1.45606
1.72973
0.0696265
-1.12494
-0.839478
0.382569
0.192083
0.632814
0.585773
0.787412
-0.518447
0.858748
1.07241
1.4273
-1.01745
-0.514028
-1.85534
-1.15693
1.8245
0.543741
-0.999279
0.875826
-0.0989695
1.36199
-0.0144377
0.184397
-0.843717
-0.669251
0.616992
-1.1617
-0.944271
0.507446
0.0590273
-0.496121
1.06261
0.10381
-1.06765
-0.273558
0.510541
-0.139045
-0.738863
-1.1502
0.58644
-0.756002
0.899087
-0.387294
-0.493985
0.330001
-0.213223
-0.603803
-1.58589
1.24389
2.01474
1.02727
1.22818
-0.887684
-1.02422
-0.382338
0.873078
-0.392346
1.35583
0.141851
1.04744
-0.468616
-1.50095
-0.278852
0.192367
-0.603869
1.19258
-0.497426
-0.648188
0.187885
0.573065
-0.474287
0.982309
-0.413835
-0.34367
-0.515869
-0.852798
1.06528
-0.324404
-1.36188
0.54492
1.11572
-0.688999
-0.636792
-0.451398
-0.175886
0.272525
0.495856
-0.356621
0.498565
0.617467
-0.12427
0.779005
-1.37899
-0.970511
0.0817649
1.35959
-0.74929
-0.178274
0.681195
-0.767837
-0.602988
1.2219
-1.12354
0.0577139
-0.529421
0.632451
-0.531181
-1.08269
0.696506
-0.427135
0.110536
-0.59719
-0.442531
-1.2565
-0.0109111
1.00941
-0.200082
-0.261134
-1.58851
0.969544
-0.571818
0.59901
1.4993
1.63649
1.06206
0.556386
-0.641442
0.651919
-0.262868
2.11376
0.834425
-1.0873
-1.28671
0.676934
0.577759
0.775788
1.14711
0.566255
-1.23888
0.360442
-1.1017
0.193522
-1.37544
0.0687697
-1.09663
-0.763354
0.864861
-0.175585
-0.511197
-1.00017
-0.964151
0.129001
2.06966
0.0847558
-0.699875
-0.127458
0.620096
-1.96001
-1.12792
0.473135
-0.531635
-0.23842
-0.445097
-0.285936
0.23927
0.474078
-0.631769
0.799191
0.167102
0.505491
0.00824785
0.472425
0.692827
1.69699
1.23725
1.05789
-3.19692
0.513088
-0.73489
0.384404
0.506187
-0.403875
-1.46599
-0.997114
-1.27872
0.522781
-0.201296
0.904858
0.586094
-0.405038
0.288812
-0.521221
-0.308076
-0.00630304
0.00166243
-0.155137
0.630655
0.434099
2.4189
0.611984
0.0129473
0.648717
-2.02117
1.04842
0.579412
-0.146223
2.12045
0.617086
1.38152
0.0992757
1.17363
1.41192
0.866203
-0.259007
-0.462276
-0.134748
-0.556531
-1.33577
-0.826457
0.467359
1.05289
-0.682645
0.13918
0.22343
-0.666627
-0.988664
-1.19448
-0.706486
0.383677
-1.66564
-0.89621
-1.3054
-0.982523
-0.406246
1.07767
1.5802
-0.697332
-0.99473
0.895626
0.647211
1.28446
-1.96952
-0.967897
-0.744221
0.909777
0.618617
-0.841384
-0.490104
0.975096
0.0647132
0.211056
0.226566
0.863535
-1.12476
0.128443
-1.20452
0.264853
0.294223
-0.325795
-0.182612
-0.115404
-1.06261
-1.53669
0.453367
-0.970022
-0.130128
-0.257888
1.15942
1.0779
-2.16806
-0.196292
-0.0836213
1.49153
-0.65425
-0.870446
0.0270399
1.02322
1.51674
-0.152632
-0.0710672
0.54149
-0.231085
-1.91228
1.09457
0.0216837
1.45519
-0.13136
-0.916674
1.64513
0.557895
-2.12693
-0.380621
0.928656
0.110223
0.322289
-0.903778
-1.50112
0.280987
-1.1126
-1.48991
-1.98129
1.77175
-0.939903
-0.553411
0.0895777
1.17142
1.70658
-0.93022
-0.410672
2.50299
-1.7035
1.57656
2.96106
-0.0775596
1.38223
0.529647
0.536053
-0.213743
1.09246
-0.549028
-2.08245
0.757934
-0.678403
0.55793
0.695673
-1.27227
0.654492
-0.576193
-0.843659
-1.81755
1.55218
-1.06171
0.124032
0.918559
-0.409478
-2.2012
0.184515
-1.79684
-0.586377
0.132149
-0.0582271
0.379214
-0.12586
0.907398
1.05373
0.182044
1.08158
0.27967
-2.15346
-0.846133
-0.119201
0.578273
-1.32236
0.753944
-0.0846859
-0.230311
-0.338306
1.4004
0.400806
-0.844797
0.442746
0.831103
-0.0764542
0.90021
-0.657355
0.716814
-0.258889
0.339451
-0.539668
-0.443672
1.11094
-0.393536
-0.377966
1.36969
0.661141
0.166163
-0.906349
-2.40285
-0.228802
1.05062
-0.267203
0.0968765
2.19991
-1.07095
-0.367634
0.0951067
0.526472
1.74907
-1.33528
-0.0277769
0.21231
-1.18258
0.757001
0.588876
2.58629
-0.406495
-1.18833
-0.675642
-1.03104
0.134224
-1.04016
0.855729
-1.34773
0.416796
1.81282
-0.102759
0.289128
1.83079
-0.77093
1.08631
1.72716
1.23968
1.41743
-0.285124
1.45894
0.225719
0.723604
-0.133728
1.14199
0.481587
-0.916697
-1.15911
-0.835973
0.376229
0.995965
0.52817
-0.998301
0.726681
-0.894659
-1.05207
-0.200448
0.388922
0.523212
0.58181
-0.979971
-0.548633
-1.53272
-0.150131
-0.256114
0.53322
-0.375592
0.779145
0.505353
-0.119203
1.56039
1.38967
0.271964
1.18228
-1.51625
0.552028
0.35561
0.271362
-1.44552
0.739279
-1.0845
-0.501223
1.8235
-1.13326
0.884807
-0.285441
-0.614288
-0.489578
0.764087
-0.721751
-1.27231
2.76742
0.883534
0.12314
0.0083298
-0.98632
-0.749265
-0.104123
-2.02915
0.320647
-0.392448
0.298094
-1.7135
-0.100811
0.835378
0.915846
-0.3809
0.343979
-0.338132
-0.240134
0.421204
-0.021567
0.0582312
-1.19122
0.609866
0.726599
-0.147762
1.08528
0.986758
-1.27865
-1.62761
-0.151051
0.191616
-0.79302
1.21285
-0.116586
-1.44305
0.143384
-0.347853
0.00260468
-0.115766
-0.289035
0.489369
0.642472
0.02015
-0.553077
0.719201
0.183162
-0.496721
0.127977
-1.38452
1.05513
-0.507573
0.975422
-1.05719
0.818936
-0.0749764
-1.82949
-0.220689
-0.490055
-0.286416
-0.782456
1.28033
0.875498
1.38854
0.152098
-0.460879
-1.39447
0.533745
1.10843
1.69704
0.0747429
1.52857
-0.240563
-2.2487
-2.27403
-0.289576
1.01126
-1.37219
-0.456746
0.229092
1.87379
-1.58264
0.562874
-1.25842
-0.647349
-0.689184
-0.735239
-0.612147
0.747725
0.798912
2.17618
1.36937
2.24796
0.726919
1.84273
0.679712
-0.185096
1.06678
-0.00583531
0.393443
0.138963
-0.428804
-0.204774
1.41821
0.884249
1.13101
-0.567619
-1.26709
-1.37406
-0.0200259
0.651735
0.960474
2.31927
0.622649
-0.0851753
-0.892003
0.904215
1.64471
0.115952
-1.2364
-0.328891
-2.05459
0.478623
0.0206188
1.01002
1.31253
1.29369
-1.29456
-0.181573
0.239376
0.815867
1.47512
0.195328
1.15615
0.668321
0.687134
-0.85009
1.10731
-0.599582
0.818737
3.46356
0.350253
0.171759
-1.8454
1.38013
0.0169657
-0.963209
1.78874
0.700917
1.25289
-0.455399
-0.673977
-0.544501
-0.0198865
-0.101107
0.174705
-0.00785459
0.585708
-1.30753
-0.361635
0.77492
-0.166704
1.21364
0.295124
-0.0240475
0.239265
-0.701309
0.320212
-0.0632609
0.440879
0.000879863
-0.696386
0.653633
1.01704
0.239602
-2.95731
-0.0789253
-1.05863
-0.450158
-2.06404
-1.13028
-0.0455228
-0.937551
0.456857
-0.212879
-1.07423
-0.651613
-0.0115858
-2.15165
0.439139
-0.908128
0.238976
0.267253
1.38745
-0.718512
0.452819
0.396323
0.388579
-0.0503967
-0.809441
0.235078
0.671137
0.386305
0.693444
1.8681
1.52456
-0.791266
-0.58226
0.307549
0.587294
0.0745494
0.131626
0.24714
-0.0987687
-1.95696
-0.726823
0.686591
0.527751
1.80819
0.570397
1.69382
1.73859
-1.25028
-0.477469
-1.25881
0.131123
-0.455941
0.616182
2.04777
0.0694761
-0.816661
0.345079
0.529564
0.771075
-1.67789
-0.545848
-0.220907
1.80948
-1.16704
0.665036
0.565389
-2.56127
-0.815026
1.28803
-1.06762
0.434912
-1.64819
1.15009
0.489971
0.716915
-1.62008
-0.345301
-1.46221
-0.314881
0.848407
-0.69189
-0.482377
-0.630869
0.0477396
-1.15943
0.0889893
1.4215
-0.731941
0.371807
0.365342
-0.998154
1.05317
1.00596
0.328657
-0.139822
0.149091
-0.378268
1.39524
0.778935
-0.348894
-0.924194
0.762522
0.571289
1.1195
-0.314552
0.742514
0.0400696
-0.760897
0.943217
0.448799
2.57521
-0.808073
0.849248
1.07572
0.30689
-0.24028
0.788455
-0.492618
0.635033
-0.813408
-1.71073
0.692336
1.04337
-0.442447
-0.918921
-2.29962
-0.195026
-0.228328
-0.771081
0.261874
-0.0713233
-1.36961
-1.49049
-0.152506
0.0655176
-1.68657
-1.42443
1.74391
-1.63908
-0.0845167
0.351196
0.0212499
-1.62788
0.527358
0.134779
-0.691495
-1.0643
1.85233
-1.45094
-0.424312
0.507943
-1.20009
-0.432008
1.09319
-1.70091
-0.731814
1.36052
0.218569
-0.411602
0.0732758
-1.93723
-1.62847
0.307952
1.30201
0.0513925
-0.757312
-0.273293
0.208804
1.82581
0.156236
0.270413
-0.347572
-0.749376
-0.877571
-0.501063
-0.360599
0.955317
-1.00441
0.240974
1.38922
0.400612
0.0401754
-0.312077
-0.663862
-1.19579
-2.41434
-0.861347
0.102097
-2.5295
2.21404
-1.1073
1.4307
0.917291
3.40464
0.676283
0.615098
-0.281107
-1.62614
-1.42221
-1.19209
0.556006
-0.581726
-0.637807
0.151048
-1.37315
0.805914
0.234192
0.122507
-0.0312811
2.40075
0.441747
-0.907504
-0.0518636
-1.08957
1.03276
-0.117758
0.545286
0.743069
0.101184
-0.9295
0.462562
1.01909
0.792928
0.576757
-0.843697
-0.238278
0.335019
1.15765
0.163648
-1.28447
-0.802302
-0.298695
2.45061
0.0909362
0.508536
-1.16324
-1.45558
-0.20955
0.451006
-0.532971
-1.89803
-2.34804
1.99058
0.176439
1.31267
-0.583969
-1.01255
-0.589861
0.159004
0.884322
0.264859
-0.0533537
-0.822599
0.478082
-0.290734
2.68086
-1.51166
1.72988
-0.128845
0.290327
0.516829
0.688388
-0.363827
-0.0668341
0.0755596
-0.614949
-0.898421
0.980763
1.13778
-1.10402
1.86653
1.04387
-0.840559
-0.0085311
1.18214
-1.69802
0.460495
-0.48992
0.258148
-1.12987
-1.55067
1.05352
-1.55134
-1.1259
-0.580651
-0.0120184
-1.33756
-1.51479
1.533
-0.871812
-1.25559
0.629161
1.5727
-1.70665
-0.167992
-0.237159
0.218748
-0.46326
-0.946975
1.06975
0.574964
1.68116
-0.778208
-1.46827
-0.470903
-0.511571
0.687216
1.32026
-1.06179
-1.13547
1.30606
0.542814
1.3672
1.56892
-0.102766
0.28721
1.52013
1.1795
-0.69729
0.0101707
1.07621
-1.90056
-0.962421
0.643191
2.35805
0.813065
-1.1916
0.331064
0.921965
-1.02161
-1.0848
0.0651227
0.645855
0.459322
1.49055
1.86284
-0.423547
0.696297
0.336646
0.224141
-0.284165
0.561194
-1.02832
0.092472
0.806066
-0.489288
0.510073
0.438797
-2.96462
0.740188
-2.90883
0.529028
1.38207
0.479777
0.684865
0.313637
-0.301358
0.302453
-0.472839
0.195823
1.71298
-2.18677
-0.768925
0.686532
0.952902
-0.726825
-1.68651
0.135256
-0.376643
1.65368
-0.215608
-0.54008
-1.71308
1.45477
-0.462374
-0.210427
-1.0129
0.662795
0.730537
0.120676
-0.296011
-1.14981
0.764891
-0.876662
-2.31299
2.14011
0.87725
0.780891
0.649585
-0.496071
0.308806
-1.02817
1.44696
-0.432083
-0.952873
-0.0509927
-0.639194
-1.27293
1.07059
-0.802464
0.174996
-1.97548
0.366376
-1.20236
1.07623
-0.67389
0.758806
-1.26287
1.13509
-0.11949
-0.26264
0.534135
0.97945
-0.611733
-0.330098
0.801047
1.70207
-1.09614
-0.171116
-0.00285479
-1.96084
0.189515
1.60927
-1.14508
-0.350554
2.70447
1.18638
0.958827
-1.46595
-1.05575
-1.61339
0.14938
0.380675
-1.0029
-0.851189
-0.410742
-0.144812
0.170084
0.689661
0.870801
0.276809
2.02412
0.753081
0.152859
0.195866
0.753439
-0.00501878
0.337112
-0.470076
1.57828
0.377997
0.944583
-0.178826
-0.485134
-0.465721
0.0745923
-0.043684
0.547953
-0.502251
-1.22775
0.341155
0.588617
-0.113628
0.725504
-0.108571
0.807856
-0.83071
-2.3135
0.645414
-0.465507
0.989125
0.159671
-0.376054
1.20605
0.322966
1.27975
-0.941972
-0.374363
0.803131
0.7128
1.87449
-0.414736
0.0461164
0.837761
1.11148
1.66505
-0.0343932
0.601975
-0.0414053
0.207468
0.29588
-0.340028
1.72397
-0.544794
-0.164539
0.191572
-0.418896
-0.610805
-0.405466
-0.35041
0.753463
0.573593
-1.45602
0.62357
-1.31506
-0.489827
0.986493
0.175046
-0.00696151
1.15608
0.0709079
-0.6245
-0.00539863
-0.822983
1.11467
-0.542259
0.829015
-1.22045
0.249455
-0.628066
-1.23974
0.439235
-1.94852
0.297498
-3.09099
1.6751
-0.187985
-0.145964
-0.596476
0.626908
0.90961
0.259746
-0.243095
0.546029
-0.559357
1.20522
0.616928
-0.359167
-0.11317
0.693351
-0.322032
0.861502
-0.175239
-0.318593
0.730979
-1.18286
-0.389286
-1.30139
-0.418209
-1.53341
0.255731
1.53429
1.08745
0.584991
1.12267
-0.458751
1.13044
-0.0530009
0.413988
-0.597765
-0.848099
1.52568
0.612248
-2.54618
0.556766
1.19575
-1.41773
1.43455
-0.62647
-0.678443
-0.275186
0.107154
-0.0272319
0.125688
0.308941
1.95349
0.834402
-0.683354
-0.415844
-1.13635
0.778441
0.267909
0.688576
0.030035
0.210482
-0.986489
-0.254612
-0.921154
0.523911
-0.274699
0.363714
0.596315
0.181009
0.925132
1.83637
-0.169948
1.58615
-0.878023
-2.14773
0.249956
-1.61112
1.7662
-1.97699
-0.441464
1.21324
-0.145429
0.853632
0.917223
-0.480722
0.598344
-0.159561
-2.04168
1.69764
0.122052
-0.0390138
0.903835
-1.61509
-1.51275
-0.797675
-1.56712
0.416426
-1.62056
0.10448
-0.216281
0.559719
-1.12122
2.70421
-0.267066
-1.51692
-0.135763
0.627552
1.99285
-0.514386
0.0829606
-0.284534
-1.17283
-0.490276
1.44489
-1.04793
-0.0391029
2.14306
1.09323
0.32564
-0.252608
-0.985641
1.95421
0.930726
0.903009
0.256127
-1.18325
0.620257
-0.144482
0.672873
-1.01471
-0.608047
-1.3413
0.682036
0.105137
-1.06661
-0.575013
-0.0631774
0.108398
1.27596
0.387857
-1.38518
1.66408
-0.73825
-2.60503
0.395041
-1.41909
0.161053
0.590895
0.0670247
1.81295
1.16849
-0.640263
0.943385
1.35467
0.217366
0.364189
-0.317529
-1.2813
1.90044
-0.840891
-1.84382
-0.173455
0.498889
-0.0899884
-0.823406
-0.277297
0.10508
-0.0599517
0.810427
0.0226936
-0.0752621
-0.312031
1.78846
-0.275496
-0.712115
-0.686749
0.0280243
0.627976
-0.986412
-1.67256
0.0844209
0.153281
-1.23415
0.7387
-0.47754
1.29642
-1.61254
-0.837174
-0.468569
1.28045
1.80537
-0.44298
0.0582112
-1.82091
-1.19915
0.396007
0.684765
-0.855587
-1.11549
-0.356417
0.0521643
0.10882
-1.28492
0.893026
-0.498171
-0.0791863
0.717947
-0.340456
0.140792
-0.594731
0.234501
-0.00317641
-0.909419
-0.877666
-0.310524
0.0734884
1.26664
0.551624
0.722021
-0.0736877
-0.720504
-0.482399
0.0427479
1.11498
-0.704387
-1.31234
0.453421
0.00179707
2.30648
0.941192
0.857621
-1.34507
-1.08327
0.759158
-0.962642
-1.92436
-1.21077
0.284628
-1.47972
-0.753124
0.734809
-0.372477
1.13713
1.1543
0.905978
2.74226
-0.241042
-0.456553
0.372942
-0.493309
-0.443818
-0.659244
-0.0738726
-0.359787
-0.575067
-0.309239
-1.576
-0.694643
-1.49092
-0.39408
1.42108
-0.0725793
-0.677857
-0.0804439
0.665671
0.17891
0.698966
-2.35772
0.190682
0.216928
-0.126314
0.947096
-0.493922
-0.246902
0.754875
0.781795
-0.23079
0.857405
-0.583206
0.232722
-0.0481375
-1.60153
0.728624
-0.629472
-1.20651
0.398838
-1.22433
0.811118
2.25057
0.414049
0.619029
-0.733548
0.718011
0.35741
-2.97287
0.274071
-0.787303
-0.188665
0.511082
1.28909
0.184733
0.65232
-1.79337
-1.70359
-0.381269
-0.455904
-0.0295651
-0.730284
-0.996745
0.654397
-0.0149456
0.00276336
0.822318
-1.91536
0.371788
-0.807715
0.218235
-0.23796
0.827962
0.440239
1.2823
-1.43623
-0.479136
-0.401778
0.153404
0.248948
-0.776292
0.534375
-0.828679
-0.229178
-0.649761
0.683137
-1.3888
-0.210092
-1.56368
-0.437709
0.212614
1.38402
0.614459
-1.61629
-0.00281603
-1.11208
0.282384
-1.15844
-0.810609
-0.467253
-0.290205
0.595324
-0.333937
-0.112165
0.270637
0.946262
1.32588
0.0829917
-0.3991
-0.310305
-1.27979
-1.37322
-1.56898
0.438198
0.805022
-0.843972
0.963553
-1.12676
1.3662
0.912159
-1.20677
-1.20934
-0.86735
0.726742
-0.233126
-0.477665
-0.671739
0.738051
2.06606
0.943443
0.587515
-0.707309
1.49832
1.33555
1.65382
-0.676374
-0.224931
0.262805
0.113531
-1.03202
1.53997
1.73216
0.786199
-0.322735
0.495915
-1.1366
-1.35506
1.78359
-2.01341
0.242375
0.865547
0.939631
-0.77571
-2.02128
-1.26804
-0.20602
-0.716
-0.866815
-1.82563
0.202664
1.10548
0.0217674
-0.0371555
2.12103
0.877833
-0.378995
-0.479007
1.15452
0.0983586
0.349768
-0.638908
2.62697
-0.584725
0.344245
0.981633
-0.941301
0.888581
-0.0340422
0.640897
1.24803
0.0696531
-1.47731
0.362249
-0.19975
-2.03884
-0.863465
-1.4244
0.86058
0.0241071
-0.273571
-0.771044
1.35738
-2.15603
0.125353
-0.772823
-1.08758
-0.814037
1.43506
-0.1914
0.75708
-2.39411
-0.793701
-0.056402
0.514823
-1.14762
-0.461848
-1.30499
-0.397466
0.421081
1.68988
-1.43122
0.577297
0.886844
1.05184
-0.788404
0.539173
-0.554598
0.801481
1.81888
0.321042
-0.99396
-0.0376085
-0.333167
0.287386
0.550831
0.259869
1.54609
-0.893332
-1.3127
0.294535
-0.124489
-0.332371
-0.311
-0.144533
-1.13254
1.25774
0.0560785
-1.17417
-1.62029
-0.169743
0.970295
1.27826
0.391636
-0.225251
0.100609
-0.0633484
-0.973087
0.85959
1.72301
-0.116776
-0.0113073
-0.978371
-0.65051
0.0881958
-0.964958
-1.6852
-1.95244
2.84296
2.04611
1.2716
-0.324757
-0.636547
0.83162
1.38194
2.3303
-0.213623
0.00958007
3.79865
1.39442
-0.424721
0.951742
0.654908
-1.53105
-0.412913
0.454901
-2.7591
-1.12328
-0.406452
-2.13909
1.70257
0.246915
-0.74906
0.350544
0.175741
-0.544184
2.46496
0.830768
-0.811021
0.0564899
-0.842969
-0.0633763
-0.645625
1.24041
-0.021844
-0.130307
0.477656
-0.406727
0.647705
0.897062
0.202383
0.267177
0.508771
0.51338
1.64268
-0.146236
-1.62421
0.304229
0.797193
0.614492
-0.799292
-2.11723
-0.456315
-1.79517
1.83121
0.883884
0.0308624
0.564323
-0.0947865
-0.766456
1.00413
-2.37517
0.694274
-2.37484
0.114015
0.672174
0.657279
0.683166
0.232419
1.5778
0.730442
0.696377
0.569042
-0.304474
0.845327
-0.526965
1.65296
-0.807591
-0.641975
-0.366287
1.61579
-0.792369
1.64727
1.33908
-1.83392
-0.732629
0.226526
-1.45104
0.821497
1.60063
-0.626625
0.322196
2.16623
-3.33999
0.181227
0.766487
1.33144
0.143628
-0.662349
0.168154
0.514815
0.526814
1.96941
-0.63112
1.6918
-0.759099
1.0936
-0.521233
-0.633324
-0.989181
1.04966
-0.128634
-0.892089
0.578155
1.85754
-0.630885
0.476022
-0.439706
0.177556
-1.77171
0.864298
0.137029
0.74694
-0.335375
-1.1069
1.17936
0.355185
1.00145
1.47609
1.2594
-0.489637
-1.74554
1.93418
-0.672231
0.992504
-1.26849
1.80247
1.45066
0.772411
-1.08889
0.032506
0.345657
0.833441
0.385994
-0.373613
0.627719
0.12072
-0.165344
0.932594
-0.54103
1.20164
0.908794
-1.88781
0.249988
1.6773
0.0915777
0.395476
0.424581
-1.01991
0.704715
-0.372261
0.74861
1.86507
-2.24316
1.25745
0.673913
-1.19292
2.0963
-0.213537
-0.964908
0.20444
-0.130768
0.203827
-0.961403
0.661723
0.928706
-0.0283314
-1.25455
0.0856098
0.504689
-0.831838
-1.18817
-1.31274
-0.976083
0.405494
1.03348
0.0710173
-1.16207
0.297591
2.34034
-0.267436
0.553389
-0.800907
0.817608
-1.59689
0.635381
1.20588
-2.17149
-0.63374
1.10517
0.688813
-0.22968
-0.876252
0.634209
-0.394894
-1.184
2.15556
-0.567522
-0.406211
-0.811764
-2.27719
0.287854
-0.219345
-1.36409
2.13514
1.30764
0.433081
0.250324
1.38314
-1.26164
0.846873
0.232877
1.16038
1.45108
-2.21597
0.349235
0.7936
-0.430005
1.82403
0.802141
0.914985
0.110122
0.19045
0.430749
1.02663
-0.981497
0.409209
0.209821
-1.12184
-0.235905
-1.43808
0.278489
-0.0647612
-0.0335887
1.06676
0.614234
-0.284073
-1.58888
-1.80657
-0.879129
-1.31371
1.52783
1.24906
-0.269183
-0.382175
0.106014
0.817967
-0.255262
-1.55485
0.144441
0.580665
2.14435
0.356303
0.0637361
-1.0788
0.396833
0.0615844
-1.02041
0.110712
-0.0550981
-1.75277
-0.245516
-0.485913
0.490256
0.953271
0.0350095
-0.692507
-0.389281
1.07489
-2.0063
0.97073
0.733168
0.159772
0.643197
-0.569333
0.329484
-2.37397
0.201671
1.00006
-0.632059
1.48307
-0.791186
0.39795
-0.826233
-0.679977
1.39984
-1.37861
0.530409
1.86238
-0.0748682
0.780532
-0.290716
0.0804097
-0.0505868
1.25998
0.00201027
1.44404
-1.21422
0.880756
-0.728732
-1.91336
-0.612991
1.05469
-1.19093
0.13635
0.568926
0.395185
-0.607835
0.855213
0.606413
1.24344
1.83294
-1.14748
-1.39138
-0.261089
1.02358
1.67161
1.02912
-1.06922
0.166883
0.430337
-0.832526
0.122391
-0.0609577
0.708408
-1.07501
0.438288
1.22567
-0.95028
0.603786
-1.69004
0.758872
0.389679
-0.411735
0.974279
0.77558
0.927988
0.910514
-0.562994
-0.835657
-0.314127
0.911876
-1.77302
0.282753
0.642812
0.358111
-0.568833
0.0833741
1.86389
1.25458
1.22629
0.847823
0.259625
-0.0387563
-0.716494
0.662734
1.36664
0.769202
0.614808
0.974429
1.28498
-1.14134
0.508807
-0.581138
-1.37385
-0.291354
-1.82634
-0.774164
-0.759805
-0.0576297
0.690668
-0.291755
-2.54862
0.593854
-0.100964
0.42808
-1.05205
-0.0298396
1.96019
0.333245
-2.5843
0.683692
1.25214
-0.142977
0.0907283
0.961379
0.844775
-0.415075
0.735821
0.920096
0.345981
0.714531
-1.59839
-0.839326
-0.518083
1.81293
-1.5808
0.277377
0.412092
-1.25458
0.302249
1.36459
2.19886
0.09386
1.58586
-1.2922
0.290709
-0.0652756
-0.44998
1.46894
1.29978
-0.0435957
0.663112
-0.623412
-0.308125
-0.977626
1.46183
-0.889321
0.508057
0.470378
-0.146944
0.0490783
0.611232
-0.587756
-0.0875535
0.291493
-0.695536
0.815382
1.57107
0.942433
-1.16987
0.455859
-0.292231
1.32078
-0.802731
-0.341021
-0.831304
0.0552078
-0.327496
0.318655
0.261097
1.13797
-0.865006
-0.377276
-0.716279
-0.782934
0.48359
0.30478
-0.0691801
-0.931261
0.549086
0.665076
1.34897
-2.6362
0.665867
-0.148781
1.06167
0.554193
0.149517
-2.01363
0.0148364
-0.389736
0.438628
-0.0777088
-0.187791
-0.264464
-0.723066
-2.73922
-0.694281
-1.28694
-1.8735
-0.435273
-1.04313
-0.202161
0.795501
-0.764678
-1.20115
-0.467393
0.461133
-0.472868
-2.28889
0.114364
-1.31882
-1.35962
-1.13325
-0.24162
-0.84785
-1.81459
-1.00544
-0.226382
-1.61016
-0.955568
-0.216655
0.320458
-1.69606
1.19444
-1.52369
-1.1355
-0.657401
-2.04178
0.542285
0.10038
0.0865196
2.19894
0.760896
0.0399034
0.714629
-0.304324
-0.721951
-0.34793
1.2125
1.30346
2.29242
-1.04463
-0.84744
-0.585406
-0.209803
-2.61554
0.763843
-0.305858
0.534346
-1.4623
0.220086
0.03559
-0.148012
2.17306
-0.840181
0.965374
-1.9664
0.0362025
-1.24701
0.507976
-1.14363
-0.210439
-1.11719
0.386343
1.5619
-1.78753
1.08384
-0.495039
1.11582
1.14196
0.501444
-1.47055
-0.332025
-1.68304
-1.7797
-0.472812
-0.553755
0.444545
-1.55463
-0.0949497
0.407017
-1.46714
0.638304
-1.05333
0.754981
-0.403699
0.552055
0.315446
-0.966594
-0.0677545
1.02167
0.272657
-1.46629
0.498148
0.21404
-0.143149
-0.583445
0.895418
-0.148768
-0.319437
-0.197616
-0.053459
-0.638185
-0.919174
-0.265659
-1.31869
-0.538207
0.14167
-1.00235
1.17271
-1.14451
0.165392
-1.89844
-0.593472
-0.318528
-0.00256113
2.29881
-1.49299
-0.582121
-0.269527
1.05166
1.50883
0.540062
0.845676
0.427171
-1.12407
-1.45152
-0.119878
0.288727
0.160963
0.362012
0.133628
-0.0263601
1.00074
0.285908
-0.541409
-0.769935
-1.41198
0.116233
0.251903
-1.24887
0.81518
-0.693291
-0.323963
0.238817
0.53753
-0.957791
-0.532263
0.271722
0.559114
0.396071
-1.00039
0.396704
-1.27337
2.17999
-1.97463
-0.217808
-1.19789
-1.49196
-0.210081
-0.228747
-0.702455
0.489208
0.371378
0.634246
-1.03572
-0.250858
-1.37127
1.05742
1.40341
-0.83513
1.44833
-0.726311
-0.910666
1.00306
0.729968
0.0962347
0.227103
1.42125
-0.0711587
1.20992
-0.856127
-1.7887
-1.74062
0.202946
0.301659
-2.29863
0.727736
0.480935
1.18529
0.85828
0.400784
0.296069
-0.313352
0.621886
-0.152084
0.461449
1.09243
0.173927
0.0883246
0.856418
-0.0596131
-0.939398
-0.162462
1.40017
-0.573838
-0.0101983
1.83939
-0.432201
0.484565
0.247063
1.54588
-0.326987
0.417313
0.400751
-1.1486
-0.301125
0.750567
0.317305
0.108138
2.02246
1.94948
-0.348279
-0.331133
1.17458
1.01669
-0.688358
1.15925
1.49971
0.74378
0.680385
-0.590698
0.84319
-0.929559
-1.01633
1.56028
1.67985
0.0233243
-1.13778
-1.52973
-2.174
0.446162
-0.211431
0.586566
2.10406
-0.5937
-0.687101
0.657161
0.00922869
-0.144718
0.204535
-0.811131
-0.0639241
0.25252
0.737261
0.798666
-0.59365
-1.36999
0.311014
-1.90651
-0.0759271
-0.3492
0.569361
-0.0559952
0.440257
-0.270288
0.833249
-1.03549
-0.995419
1.43875
0.323395
0.51217
-0.476281
1.13748
1.15725
1.96038
-0.295921
-1.42545
0.120712
0.663519
-1.49667
0.574943
1.457
-0.913585
-1.6096
0.168096
1.04661
-0.253803
0.303091
0.670469
-0.574127
0.219217
-0.465669
-1.96056
0.326435
0.22564
-0.192363
-1.04783
-0.280168
0.690295
-0.522686
-0.345691
3.09665
0.939246
0.100763
-1.62681
-0.221116
-0.957579
-0.151551
0.398419
0.178823
1.77025
-0.801468
-1.20878
0.0437491
0.0130006
0.698547
0.145602
0.820306
-0.93057
-2.38682
0.0761795
0.233999
-0.647104
-1.20275
0.727577
-1.0908
1.61662
-0.705175
-0.215297
0.560822
1.70857
0.74729
0.796898
-0.626442
-0.27502
-0.243161
-0.540376
0.768618
-0.24341
1.76114
-0.475931
-0.122283
-0.343245
0.547614
0.282094
0.483756
0.859567
1.33747
0.113419
0.0949579
-1.49752
0.529842
-0.602674
-0.0563832
1.6556
-0.331098
0.47729
-0.444483
-0.773444
0.726422
0.515268
0.464301
-0.227684
-0.321416
-0.0687724
1.43696
0.416684
-1.73495
0.822134
2.06202
1.10356
0.84962
-1.20346
0.0450853
-0.780625
0.0657036
-0.305774
-0.638351
1.0204
1.36806
0.0620665
-0.0680984
-0.915841
0.681078
-0.813612
0.154804
-0.442266
0.386829
-0.371713
-1.75469
-0.771152
-0.818648
1.57883
-0.317461
-0.218615
0.808043
1.17974
-1.61032
0.650438
-0.218508
0.381845
0.421962
-0.683285
1.29683
-0.379556
0.524624
1.09809
-0.0562579
-0.793801
0.717147
-0.148013
0.0273431
-0.34825
1.38614
-1.84359
0.595788
-0.327484
-0.998121
-0.104344
-1.74964
-0.974909
0.748551
0.670984
0.410188
0.12285
-0.26326
-2.03437
-0.38836
-0.253726
0.475658
-0.334722
-1.85588
-0.31445
0.503529
1.68999
-1.8284
0.151566
0.474525
-0.330108
-0.430412
0.199789
0.286219
-1.50161
1.5249
-1.58052
1.48438
-1.35667
-0.104175
-0.0910866
-0.581525
-0.0703824
2.17635
-0.874634
1.22732
1.16139
0.802525
-2.22435
0.961005
-0.460554
1.40985
-0.495349
-0.865408
-1.08472
-0.395761
0.758251
0.50016
-0.331634
0.0589012
-0.294287
0.228921
-1.21774
0.225363
1.21268
-0.673091
0.327439
0.669106
-0.796978
-0.350137
0.121929
0.143452
0.453313
1.4544
-0.913415
-0.397333
0.737522
-0.362272
-1.8606
-1.21028
-0.341114
-1.57415
-1.25357
-0.454884
-0.379688
1.08094
-1.76621
-1.36625
1.65623
-0.901461
-0.405384
0.540753
-0.11092
-0.564981
-0.53217
0.74727
0.740344
0.227617
0.173554
-1.2312
0.543503
-0.322674
0.927801
-1.56312
1.84884
-0.843354
-0.518761
-2.04163
-1.01254
-0.980056
0.43024
-0.941905
0.00343037
-0.158763
0.243429
-0.406939
0.161746
-0.0345314
0.597834
-0.179026
-1.00985
-0.545175
-0.0992362
-0.141441
0.843701
-0.236051
0.414977
1.4715
0.508107
-0.819133
-0.147567
2.36951
-0.918303
-1.48197
0.263647
0.162553
-0.457175
-0.216511
-1.62269
-0.384517
-0.462764
0.0628763
-0.927023
-0.0409425
-0.652474
-0.0593004
-0.351925
1.34547
0.431514
-0.402858
1.57827
-0.0677487
-0.506102
-0.625099
-0.376038
-0.235963
0.216822
0.222091
-0.115105
0.720209
1.40622
-1.37545
1.28072
2.32542
-0.545847
0.151865
0.499075
0.328797
0.518924
0.940846
-1.68538
0.0630588
0.64091
-1.03183
0.406642
-0.307047
-0.193284
-1.09415
-0.0200835
-0.725035
-1.63896
0.286438
1.36789
-0.0769026
0.0859776
1.47077
0.272018
-0.898365
-0.885381
-1.72835
-0.395529
0.739953
0.575635
0.963374
-0.265256
-1.32838
0.591842
-0.407124
-0.364932
0.480291
-0.451504
0.898346
-0.354668
0.315599
1.28559
-0.495225
0.0600216
0.37595
-1.39845
0.638569
0.462881
-1.28175
-0.969138
0.322395
0.873699
0.674331
0.377293
0.104338
0.687547
-2.35072
2.28534
-1.90384
0.875112
1.71304
1.16475
1.85454
-0.883563
0.13639
0.998442
-0.513843
0.241428
-1.2416
-1.23205
0.325189
-1.02641
-0.606955
-0.0654515
1.0393
-1.58911
1.53212
1.36753
-0.450111
0.31994
1.05702
-0.516301
0.0188215
-0.83504
-0.565331
-0.076095
0.547504
0.849342
-0.987034
1.5605
1.01781
-1.207
-1.0707
-1.19207
0.0156296
0.520749
-1.03337
0.600143
1.61875
0.401607
2.26719
0.679812
0.60343
-0.123653
0.106851
0.111666
0.805738
1.28639
-1.12548
-1.11301
2.66611
-0.846385
-0.0153976
-0.627949
-1.03374
0.91064
-0.238907
0.119227
0.273785
1.2484
-0.544715
-1.71563
0.727011
0.421194
-1.32258
0.867979
-0.863411
-1.30363
-1.19774
-0.243105
0.133418
0.87484
-0.39688
1.56864
-0.234228
-0.472105
-1.0343
-0.441143
-0.752845
0.312036
-1.47637
-0.044687
1.55921
0.656959
-1.20341
-1.02849
0.708062
-1.60357
0.532139
0.164134
1.2114
0.269639
-1.11811
0.892034
-0.0885118
-1.39795
0.737541
1.82707
0.666875
0.438728
-1.33554
-2.6055
0.325664
-1.77091
1.55114
0.191059
0.633212
-0.461755
0.112493
-0.165352
-0.0710941
1.37033
0.478926
-0.741872
1.3104
-0.70612
-0.590047
-0.287081
0.426895
0.740058
-0.655887
-0.520127
-0.727095
1.1848
0.140591
-1.69728
-1.43641
0.335123
0.85179
1.09728
0.267561
0.518923
0.0236855
3.27386
-0.013098
0.0936539
0.306034
0.879551
2.51035
0.676189
-1.01016
-0.968673
-1.42654
0.609594
1.30564
0.854367
0.504175
-0.994038
1.33999
-0.699854
1.60291
-1.50815
-0.163157
-0.144124
0.632388
-0.598099
-0.511451
-0.25013
-1.08915
-0.284396
-0.51934
1.66731
-1.68268
0.277137
-0.144323
-0.802102
1.2396
2.2735
-0.391509
0.986422
0.283343
0.459161
1.82351
0.872827
-0.313363
0.116827
2.48751
-2.8036
0.833928
-0.164259
-0.447986
-0.354756
-1.26379
0.830265
-0.209988
-0.0481911
0.555965
-1.32085
-0.69276
0.419235
-1.07213
1.106
-2.90609
-0.368341
1.046
0.355169
0.785474
0.517412
1.71178
1.27597
1.22849
0.717222
-2.40258
0.735319
-0.00753065
1.00711
-0.18199
-0.131475
-1.87782
0.670938
1.12857
-0.35646
-0.0448711
-0.260411
2.28549
-0.107378
1.30461
0.194829
-0.703949
-0.569182
1.5808
1.19739
1.0538
1.22698
1.31173
-0.203934
-0.635647
0.494889
-0.348598
-0.779042
1.41861
0.928921
0.878566
-0.25253
-0.117047
0.873179
-0.154196
0.463988
0.247781
-0.736001
-0.981287
1.24483
-0.299922
-0.202747
-0.648503
0.613819
0.312914
-1.09585
0.518311
-1.53574
-1.35033
-0.253419
1.71025
-0.0740895
-0.351822
0.521407
0.0266945
-1.01697
-2.14105
-0.0458074
-0.0148578
1.77282
-0.117543
-0.435521
-0.832735
-0.926571
0.89304
-0.482
-1.10312
0.105374
-0.889468
-1.43489
-1.71226
-0.775263
-0.047056
-0.487186
-1.78007
1.20896
1.03033
-0.241832
1.50314
-0.394645
1.17735
1.08749
0.222412
0.131217
-0.879731
0.827232
-0.138041
0.703851
0.330416
0.424644
-0.403843
0.0346972
-0.199428
-0.320749
-0.125407
-0.438209
0.318775
0.503462
0.639515
-1.46504
-0.717498
-0.0712259
-0.074999
0.70236
0.324856
0.856152
-1.01904
-0.711044
-0.76785
-1.01254
-0.652979
2.13545
1.00163
-0.723993
2.06948
-0.187903
-0.396492
-1.72228
-0.75715
0.241931
0.0825704
-0.534726
0.0388363
0.366992
0.541111
0.968919
1.44663
-0.0513082
-0.62507
2.1302
0.539268
-0.410005
0.143279
-0.468539
-0.611942
-0.511321
0.620946
-1.37583
1.70528
-0.530433
0.166724
-2.63886
-1.45367
-0.0689539
-0.207512
1.04408
-0.832037
-0.0533874
0.141227
-0.127276
-0.0932166
-0.175951
-0.311568
-1.24016
0.0313821
0.669278
0.353117
1.14042
0.91057
0.381773
-0.673386
0.130845
0.30528
0.455412
-0.886146
1.84738
-0.895429
1.02718
-0.18359
0.43832
-0.530043
-0.123471
1.47919
-0.382003
-0.588268
0.0650022
-0.867993
-0.0577276
0.10099
2.4349
1.99587
0.832151
1.06086
-1.31333
-0.754145
0.442278
-1.23721
0.37169
1.22628
1.28379
-0.277505
-0.0807825
-0.162446
0.263372
0.157296
-0.0466053
-0.467325
-0.276942
-1.58437
-1.43542
-1.05833
-0.184105
0.31773
-0.733629
0.461426
0.0388604
1.98561
0.73883
0.226403
-1.62873
-0.120237
1.35745
-0.987342
-1.2015
0.265118
1.9133
-0.895784
-0.210495
1.32248
0.864527
1.33326
0.00143727
0.254674
0.331645
0.455799
-1.60338
-0.426386
-0.766372
-1.20368
1.15398
-0.619083
-0.746103
0.0899094
-0.279658
0.558219
0.179967
0.29982
-1.50661
0.282505
-0.407277
-0.563995
-1.04875
-0.869061
-0.419612
-1.29876
-0.208007
-0.452145
1.27632
-2.14087
-0.16566
-1.12628
-0.302262
-1.80446
-1.5003
-0.17809
1.81141
0.203983
-0.242977
0.821122
0.239812
1.0529
0.222462
2.15327
1.80508
0.330865
-1.33955
0.118035
0.904387
-0.402612
0.905066
-0.925363
0.278464
0.383963
0.915588
0.739593
0.209688
1.4888
-0.548231
0.530922
-0.318309
0.546388
-0.994814
-0.978953
0.0996983
0.623278
-1.40422
-0.0822818
0.280263
0.279991
-0.749118
0.405381
-2.06128
0.0896432
-0.562174
1.05767
0.715955
-0.721285
0.919311
-0.207273
-2.56066
0.0424507
0.260577
1.14999
-0.610993
2.24688
0.00737229
-1.62926
0.888355
1.1619
-0.472016
0.124478
-0.770026
-0.0254461
0.490542
-0.406028
1.38398
0.920514
-0.190606
-1.18426
1.21589
0.196039
-1.18881
0.894564
0.881722
0.291275
-0.658506
0.184933
-0.35162
0.766648
-0.228909
-1.26988
0.736716
-0.00697766
0.319716
-1.33399
-2.24116
1.1757
0.726845
-1.2634
1.01946
-1.38576
0.293153
1.09394
1.72572
-1.50616
-0.830341
0.505701
-0.182506
0.338991
-0.163926
-1.22111
1.43324
-0.217769
0.556476
0.125571
-1.11646
-0.236983
1.12143
1.07115
0.429202
-1.43205
1.45613
-1.13753
-0.182641
0.701832
0.964314
0.573516
-1.00852
-0.0643323
0.204745
-0.584653
1.31915
0.653329
0.596493
-0.129613
2.95954
0.0674279
0.00455304
1.71262
-1.04459
-0.53671
0.425098
-1.3904
-0.183231
-0.205356
-0.630401
-0.423499
0.121699
1.44765
-0.383038
0.0182662
-1.39914
-0.647618
1.89703
-0.544343
0.263973
0.671167
-0.466273
-0.537453
-0.996478
-0.170459
-0.708362
-0.354732
1.23452
1.05093
1.03721
-0.221685
0.0109056
0.0557087
0.640071
-0.107892
-1.52289
0.155029
-1.84662
0.872735
0.157133
0.625631
0.758903
1.45231
-0.112613
-1.09992
1.35451
0.971968
0.406293
-0.399733
0.572506
0.444202
-0.437266
0.65534
0.665326
-1.62132
0.373874
1.22374
0.4307
-0.454301
-2.39004
0.942767
0.357429
-1.49017
0.204787
-0.132199
0.818124
-0.676952
-0.186547
-0.714863
-1.04414
-0.00700363
0.331074
-0.94417
-0.723867
-0.338772
-0.788494
-0.70408
-0.194695
0.824754
-0.628252
0.831738
-0.824595
-0.23512
-1.83458
-0.944963
0.468914
0.712209
-0.462268
0.713422
0.354107
1.77698
-0.66536
-0.652491
-1.89125
-0.97953
-0.496238
-1.39113
0.739214
1.65967
-1.25921
-0.620975
-0.862613
-0.075286
0.0319807
0.529173
0.0473957
-0.107747
-0.873046
0.431797
-0.825651
-0.910802
1.03627
-0.286101
0.13163
1.25547
1.3766
-0.695856
-0.723222
1.16379
-1.4513
0.23788
-0.399085
-0.236472
0.00177475
0.249678
0.249977
3.73103
-0.268308
-1.19053
-0.25421
0.853267
-0.738023
0.585697
0.347114
-0.801647
-0.00757953
0.0912218
-0.254174
0.668651
0.444543
0.32616
1.48593
-1.5792
0.358698
2.03254
0.140778
2.21205
-0.72468
0.377541
-1.36917
-0.794585
-0.225475
0.398785
0.194155
-0.494543
0.172973
-0.974357
-0.155259
0.465863
1.31601
-1.76563
-0.441697
0.931669
-0.692782
-1.05071
-1.26546
1.08708
1.2066
-0.0591592
0.763323
-0.569652
0.276238
-0.348368
0.178298
-1.39693
-0.120817
0.805363
1.53779
-0.839363
0.201298
1.12317
-0.272351
-1.14554
0.946039
-0.327228
-0.235996
-0.341345
0.499753
1.92805
1.0088
-1.03599
0.0483618
0.0999836
0.466172
0.0870687
0.896056
1.56926
-0.383516
-0.316922
-0.0234357
2.1386
0.529591
-1.09421
-1.37878
1.57843
-0.933384
-0.803254
0.958046
-0.299234
0.913107
0.845904
0.473644
-0.433018
-0.520224
0.657706
2.26968
0.252575
-0.570584
0.586269
-0.241459
0.29552
0.0383936
-0.604163
-1.45933
-0.38917
0.872311
-0.0472689
0.0595925
-0.074844
-1.27429
0.39234
-0.609059
-0.363021
-0.789846
0.376421
-0.0350321
0.881567
-1.35272
-1.05011
0.626874
0.511907
-0.0973543
-1.01929
-0.155421
0.555164
1.09161
-1.07105
0.221142
-1.05329
-0.143226
0.63348
-0.0375957
-1.00296
-0.0937746
-1.52457
0.655491
-1.39526
-0.214875
0.0810331
0.0198796
-0.974758
-2.14957
-0.935067
-0.281934
0.713779
0.906675
-0.733454
-2.19349
-0.218885
0.0600376
0.270161
-2.30179
1.47561
-0.783742
1.2763
0.994717
-0.522537
-0.0637452
0.284238
1.43714
-0.408063
1.93601
-0.643495
0.359066
1.30996
-0.791989
-0.155085
-0.05017
-0.634645
-1.19778
-0.534024
-0.125333
-1.73088
1.59968
-1.22498
-0.670866
-0.64031
-0.0190265
-0.117887
-0.407202
0.331222
-0.149265
-0.893298
0.0913331
0.362511
0.694863
-1.2549
-0.846176
-1.99698
1.51322
0.940652
1.96493
2.24336
0.423381
-0.104517
-0.473981
-0.858314
1.26217
0.241092
0.0638126
0.92893
0.827935
-0.876891
-1.3303
0.284636
1.96284
0.865689
0.0200234
-0.696447
0.751137
-2.71012
0.830784
-0.247716
-0.701548
0.126113
1.16477
-0.00811434
-0.528816
-0.368425
-0.246706
1.42317
0.261858
-0.636444
0.114066
1.79794
-0.86311
-0.111207
-0.838207
0.386527
0.459953
-1.4697
0.716675
0.300867
0.101121
-1.44995
0.875768
-0.884093
-1.66994
-0.535781
-0.154658
-0.0123676
0.0374573
0.487749
1.25844
-0.314609
-0.550336
-0.923823
-1.72004
-0.123079
-1.12693
1.31287
0.0976224
-0.368274
-1.89127
-0.190966
0.40126
0.731841
-1.13559
-1.12494
-0.90006
0.771365
-0.948078
0.545262
1.53919
-0.627411
0.0296676
0.219005
1.36394
0.654382
0.481667
0.374352
1.25152
-0.950229
0.391559
-0.433794
0.402864
-0.125496
0.724685
0.184458
-0.234285
-0.926348
-1.39702
-0.496264
0.39272
-0.208099
-0.038926
-0.768082
-0.296433
-0.505143
0.761917
-0.873939
2.42652
-0.569812
1.23836
-1.1146
-1.16475
2.35937
0.503374
-0.750843
-0.0232632
-0.712462
0.101485
-0.398008
-0.525561
-1.08098
0.846291
0.41502
0.554132
-1.81944
-0.272128
0.101993
-0.965814
-0.641024
-0.22765
-0.069638
0.866218
-0.517113
0.611591
1.65379
-2.75153
-1.30957
-1.05578
0.130537
-0.172525
-1.31717
0.671674
2.94434
-0.110684
0.410974
0.119178
0.172638
-1.62851
0.592566
0.93633
0.321966
-0.0887016
1.58137
-1.31029
0.84033
-1.389
0.393194
-1.41033
0.681618
-0.4316
0.892034
-0.264698
3.23113
0.247949
0.388384
0.161502
-0.543247
-0.0771065
-1.30467
1.77352
-1.85251
1.06903
-0.54857
1.09568
0.208863
0.47097
1.27727
0.605751
0.560818
0.829802
0.886945
0.217921
-0.614128
-0.32627
-1.36479
0.0755911
0.630668
-0.266581
0.728223
-0.667577
-0.493214
1.80551
-0.165354
0.811115
-0.523159
-0.115494
2.07574
1.48953
-1.48397
-0.781136
-0.254249
1.53364
-1.44002
-0.444968
1.19277
-0.882067
0.36445
-0.304056
0.464042
1.64576
-0.612745
-0.138316
-0.458551
-0.648362
0.933704
0.604761
1.1302
0.797795
-0.733172
1.6551
0.460192
0.648629
-0.858721
-1.85418
0.322182
-1.98064
-0.198967
0.136256
-1.86092
-0.570023
-0.120083
-0.303706
1.0325
0.000543381
-0.202036
0.13312
0.191169
1.57012
0.215959
-1.30292
1.51074
-0.407665
-0.882835
0.61729
-1.34506
0.409521
-1.48713
0.211731
1.40449
0.0506007
0.504939
-0.528341
-0.595141
2.68301
0.270196
-0.377496
0.810776
-0.419221
-2.54829
0.79
0.700057
-0.454755
0.24251
1.07275
-0.178063
0.725329
0.971312
-0.38055
0.464213
0.66591
1.44127
0.652498
1.4866
-0.842277
-0.0728383
1.28946
-0.65721
-0.827904
-0.430891
-0.578398
-2.30258
-0.644626
-0.722603
-0.577658
1.61688
-0.807178
-0.596213
0.111113
0.364017
0.61501
-2.20168
1.53392
0.190558
-0.462498
-0.652722
0.47039
0.010774
0.924822
0.943206
0.87044
0.717102
-0.025177
0.598432
1.80504
-0.20916
0.965038
0.675203
1.27321
1.05922
0.841021
0.030653
-2.05263
-0.23474
2.71204
0.315664
0.651709
0.635431
0.521264
-0.561962
0.0696555
-0.364413
-1.43622
1.67091
-0.474732
-0.0307124
0.0678601
-0.104235
0.484857
-1.02284
0.385867
-0.812212
-0.746867
-0.262902
-1.30285
1.24634
0.177432
1.62168
-0.523308
0.412161
1.41107
1.19984
0.343303
-0.555432
1.00633
0.361701
0.819652
0.625662
-0.566881
-0.448249
1.55287
-1.55047
0.669264
1.26432
0.108289
0.157175
-1.11871
-0.0793424
-0.402572
-0.643748
0.426382
0.458396
0.820424
0.751304
-2.20334
-0.548048
1.23139
-0.169783
1.63286
-1.46966
-0.207136
-0.612036
-0.339752
0.900271
2.04995
-0.383869
0.580422
-0.0114494
-1.15748
0.165471
-1.2047
0.608327
0.693917
-0.291041
-0.465079
-0.498713
0.405111
-1.73626
1.26484
-1.52837
0.586668
-1.45388
1.10122
-0.192065
0.649966
0.328081
-1.1373
0.937016
1.78869
1.56132
0.718678
-1.78925
-0.672278
1.07282
0.475427
-0.111834
0.0950959
0.310093
0.206526
-0.527454
0.411206
-0.179632
0.126929
0.521004
0.393952
1.52799
1.3838
-0.405496
2.44444
-0.65721
-1.11391
0.70915
0.0239365
-0.665032
0.985058
0.773031
-1.21801
1.36619
1.44833
-0.99137
0.327812
0.154862
0.0903154
-0.0764981
-0.142755
-0.751815
2.12041
1.58491
-0.0267181
0.40299
1.31995
-2.06781
0.173378
1.39073
-0.157634
0.0967403
-0.650065
0.340509
-0.156421
1.92025
0.861628
0.435261
-0.866133
-0.601128
-1.04707
0.222368
-1.02788
1.41749
0.426785
-1.00945
-0.285582
1.00767
1.21918
-0.701769
-0.21764
-1.27205
-0.868201
0.642634
-0.440488
1.37319
0.378589
0.826174
0.485391
-0.765705
-1.30601
0.198565
-0.759843
0.126197
-0.00300988
0.990337
1.89713
1.38421
0.721101
-1.49798
0.695454
-2.52941
0.436398
0.754219
-0.519567
0.74743
0.538836
0.49587
-1.36878
1.19474
0.215745
-0.691895
-1.31265
0.399024
1.14824
-0.821873
-0.543048
-1.82146
0.675306
-0.757931
-0.0354647
0.129061
-0.779229
0.710971
-0.0130844
-0.416973
0.134116
-1.90275
-0.669917
0.0552677
0.851795
1.41015
-0.521181
1.76489
1.40414
-1.0524
-0.0424363
-1.35973
-0.660641
-0.339786
-0.649373
0.369493
-0.582177
0.377569
-0.79717
-2.03163
-1.12897
0.375472
-0.0909399
1.83904
0.0731093
0.425284
0.16306
-0.508383
-0.0100846
-2.517
-1.56436
0.151267
0.431202
-0.126019
-1.92276
-0.355694
0.957682
1.89998
0.999567
1.3392
-0.497011
-1.50824
0.922197
1.04941
-0.440935
-0.688833
-0.431993
-1.25914
-0.191416
-0.093126
1.15901
1.0711
-1.1234
-0.498807
0.719634
-0.450502
-1.98198
0.469554
0.667034
0.757474
-1.68195
-0.246206
-0.868738
0.773659
-1.32364
-1.87151
0.457717
-1.67622
1.5961
0.614161
0.286895
0.208457
0.892203
-0.810069
0.296772
-1.8786
-0.0599244
-0.610118
0.325962
0.775593
0.156324
-0.575749
1.07553
-1.62724
1.25009
0.686329
-1.37824
-0.0329894
-0.918328
-1.59479
1.09075
1.17788
-0.290201
1.87325
-0.187762
-0.734836
0.353688
-0.120725
-0.498805
-0.748992
0.0284957
-0.103814
-0.548855
-0.730563
-0.74955
-0.37548
-1.22296
-0.625664
1.43788
0.261428
0.176855
0.32803
0.948324
-0.274141
-0.864217
0.0317475
1.04257
0.482087
-1.30934
-0.608615
-0.331301
-0.438245
1.03464
-0.364031
-0.122133
-0.0695835
-0.441493
0.148873
0.292604
0.929915
0.858608
1.3873
0.0699544
-0.279676
-0.832017
0.379301
1.1036
-0.11144
2.05363
-1.82122
0.377778
1.39295
1.07649
0.032385
0.554874
0.179433
0.193294
-0.522267
-1.13768
0.122705
2.63464
0.994757
0.933376
0.352933
1.8667
-0.270503
0.359735
-0.520371
-0.463902
1.58412
-0.184634
0.00795316
1.92544
1.11573
1.20101
0.117929
-0.501582
0.777791
0.862684
-0.877627
-0.354708
-1.54323
0.0280202
0.922146
1.11611
-1.34123
0.531957
0.879163
-1.42143
1.0706
-0.21048
-1.29308
-1.14344
-1.41466
0.973007
-0.381595
-1.16893
-1.24716
-0.404538
0.882564
0.575597
0.637448
0.775456
-1.6383
-0.258335
-1.1757
1.17494
-0.0862018
-0.22354
0.466419
0.0858685
0.167013
-0.987346
0.608548
-0.425225
-0.887443
0.232312
0.415979
0.651861
-1.05194
1.98677
0.301664
-0.207459
0.0878294
-0.598639
-1.057
0.632694
-0.111322
1.618
-0.510744
0.605331
-0.70168
0.650399
0.560933
0.405662
1.17452
2.36431
-0.454738
-0.302743
-0.44204
0.0717948
0.0938847
0.943089
-1.42001
0.931645
-0.332069
0.00193301
1.60547
-1.13933
2.12285
-0.129543
2.60213
1.0284
-0.506706
0.515061
-1.71249
0.569076
-0.10879
1.02605
-1.9026
-0.308671
0.361721
-0.148921
-0.725997
-1.34686
2.28006
-0.0597257
0.314937
-0.407441
0.640781
-0.548251
-0.924337
0.738122
2.19943
-0.852115
0.832402
1.0035
-0.61408
-0.381826
0.18855
0.964925
1.55269
0.8781
0.17684
-0.63057
-0.926217
0.611972
-0.492504
0.294327
-0.437691
-0.00548311
1.32657
-0.628934
-0.00734014
0.0171467
-2.1763
-0.0197148
-0.677077
-0.766682
0.608612
0.465904
0.295015
1.08637
1.25169
-0.911913
-0.232256
0.221564
-0.411418
1.43511
0.86532
0.179028
-0.315937
2.44544
-1.01093
-0.0400079
2.02877
-1.08297
-0.0666521
-0.918316
2.07773
0.0395441
-0.892836
-0.76573
-0.295957
0.940725
-0.769059
-0.598616
0.544697
1.12824
-0.335255
-0.031166
-0.492335
0.764303
0.308156
1.41698
-0.359216
-0.297854
-0.0509484
-0.656382
-2.29483
0.180444
0.560816
-0.485045
-0.0203238
-0.662424
-0.1019
0.946108
-0.10812
-0.0213552
0.437455
-0.347015
-0.694106
0.240183
1.14517
1.30729
-0.105701
-0.893517
0.799028
-0.637307
-0.808252
-0.999256
-0.475031
-0.649262
-0.0981477
-0.864836
-0.0709825
0.598945
-1.25391
0.411891
0.558437
-0.683861
-1.68734
0.0095012
-0.337414
1.04921
-1.17305
-0.995703
0.939022
0.866161
-1.61723
-1.34364
-0.295067
-0.73461
1.34433
0.386193
1.13633
0.205149
1.06503
-0.0486244
0.35136
-0.494753
1.11451
0.418642
-0.423167
0.324278
1.14583
2.8038
1.66643
0.143036
1.49628
1.73215
1.39887
-0.0266013
0.533131
-0.492027
0.487953
-0.432156
-0.0505799
-1.07169
-0.344869
0.730066
1.40581
-0.028385
1.08348
0.843274
0.568909
-0.695754
1.18755
0.182406
2.09185
-1.45764
-0.120506
-0.463396
-1.4916
1.10334
1.38281
-1.1873
0.9661
-0.551689
1.75324
0.0311409
1.23742
-1.81726
-2.3804
0.416413
0.541913
-0.323551
-0.299202
0.994135
-1.21092
-0.279058
1.5816
0.689825
0.783853
-0.776237
1.41172
0.0945034
-0.673082
-0.316865
0.850297
-0.717698
-1.83377
-0.311195
0.460497
0.25608
0.977859
0.486785
1.12353
-0.213129
-1.38259
2.08262
-1.87027
1.52587
-2.07837
2.61985
1.18377
0.1028
0.0573657
-0.674277
-0.703278
1.7666
0.981907
-1.27102
0.498744
-0.0413265
-1.35911
0.195554
-0.00728058
-0.524605
-0.726311
0.100806
1.24321
1.83638
0.81919
-0.742706
-0.335083
-0.3076
-1.14783
-0.337642
-1.13855
-1.30741
-0.799231
-0.949337
-1.29836
0.392775
-1.22774
-0.684227
-1.31086
0.922355
-0.144348
-0.404941
-1.2545
-0.419801
-0.324511
-1.01078
-0.638469
2.29713
0.480304
0.434784
0.0645431
0.0986001
-0.911761
-1.31453
-0.297828
0.681517
1.69406
1.16767
0.57552
-1.53348
0.760491
0.212105
1.29515
0.352008
-0.564346
1.88853
-0.967692
0.668934
-0.779256
0.0649912
1.30244
0.236576
-0.639249
0.632897
0.0835931
-0.0831614
0.0950726
-0.655429
1.11095
1.08866
-0.826362
-1.10009
0.0532221
0.698478
0.55564
-1.09099
-0.0574453
-0.621735
-0.0913449
-0.460262
1.43177
-2.62193
0.776125
0.0133763
0.787437
0.163235
-0.550092
0.469238
1.01178
1.26833
0.00830821
0.224198
-1.16748
-0.548277
-1.07805
-0.810451
-1.39841
-1.16026
-1.96431
-0.282254
-0.325668
1.01995
0.186529
-0.469313
-0.835789
1.92628
-1.17972
0.159944
-1.1618
-1.39976
1.1405
-1.15414
0.67828
-0.592347
0.4618
-0.858064
-0.0344973
0.090809
0.126956
-1.77005
0.857547
-1.05873
0.728236
-0.574633
1.08929
0.372644
0.704882
1.17709
-0.77523
0.566814
1.43902
1.22526
1.72378
1.01322
0.568361
0.546882
-0.0206243
-1.48296
1.90751
0.322686
-1.3731
0.788734
-1.03193
0.745964
-0.89775
0.0028655
-1.20726
-1.64925
-0.443136
1.26886
0.270451
-1.51006
0.63407
0.690251
-2.14962
1.7605
-2.00255
-1.68153
0.759527
0.357671
-0.543918
-0.611843
-0.0788771
-0.517507
-0.919976
0.671712
1.89133
-1.3536
-0.358441
-0.00220543
-0.0519166
-0.301956
-0.299569
-0.1426
1.23562
0.961347
0.242039
-1.48115
0.445346
0.0790527
1.87212
1.08142
0.897888
-0.227093
-0.230322
0.700494
-0.238321
-0.528425
-0.579461
0.725349
0.662031
0.680371
1.69582
-0.123298
-0.528961
-0.946012
-0.602113
0.807099
-0.671249
-0.78219
-1.03438
-1.49355
0.404045
0.585046
1.67352
-0.102993
0.962636
0.469937
-0.113277
-0.325098
-0.165906
0.402917
-0.00372461
-0.327561
0.591125
-1.17294
0.488689
1.49782
0.0308056
-0.371895
-0.809017
0.412253
-0.509127
0.122255
-0.627539
1.20422
0.376255
-0.0278472
2.46508
-0.975395
-0.754243
-0.651203
0.671041
0.0447631
0.13704
-0.0912524
0.00796463
-0.590958
0.0846219
-0.382011
-2.65405
0.0480313
1.21544
-0.510998
1.22624
0.057756
0.221099
-0.838846
-1.96725
-0.237741
-0.388602
-0.770033
-1.31096
0.561342
-0.651556
-0.739447
-0.119209
-2.04351
0.915428
-0.0908031
-1.29168
1.08648
0.172267
-0.239386
1.4693
0.187352
-0.143242
1.18087
2.19969
0.177631
-1.69971
-0.40304
0.567442
0.786139
-0.759636
0.126473
0.507932
-0.407475
1.85797
-0.259954
-0.478892
-0.335735
0.246557
-0.213903
-0.0591312
-0.775429
1.14586
-0.437063
0.428186
0.972037
-1.07356
2.79212
0.682523
0.319728
-0.248436
-0.744713
-1.27137
0.252164
-1.38447
0.442186
-0.42467
-1.16701
-1.53599
1.12627
-0.325838
1.95858
1.42248
0.801203
1.10992
0.926741
1.09595
-0.185151
-1.70553
-0.388269
-0.722217
0.379023
-1.12651
-1.06126
-1.59825
1.31568
-0.869373
-1.09461
1.97374
1.46282
-0.949071
-1.2536
1.14873
0.717798
-0.934325
-0.0129762
0.201211
0.0345622
-1.21011
-1.11106
0.252557
1.51059
0.0801504
1.38814
-0.729248
0.128507
-0.852147
0.49566
-0.781217
0.0358549
0.95684
-0.704198
-0.922064
-1.44548
0.316271
0.790667
0.0361137
0.657439
0.210117
-0.0282557
-0.0760284
1.21777
1.40669
-2.30636
1.15428
-1.49272
0.790835
0.387035
-0.801674
-0.72493
1.42202
-0.129308
-0.465712
2.37091
-2.65669
0.348604
-0.482634
1.46478
-0.652497
-0.333115
0.252049
-0.154186
-1.00095
-0.0624981
-0.648111
-0.00640773
-1.24788
-1.82587
-0.489087
-1.19208
0.00019442
-0.770821
0.301898
-0.230536
1.1694
0.373544
-2.66186
-0.669353
-1.43875
-0.0953311
0.830902
-1.2759
0.77457
0.731779
-1.13626
-1.40948
-0.0112457
-0.995611
-0.0777586
0.0306624
0.804272
-0.425951
0.248376
-2.73507
-0.925798
-0.495547
1.1568
1.03237
-0.977901
0.263366
2.36458
0.392329
-0.0352895
0.705588
0.278455
-0.830116
-0.994943
0.110941
-1.04808
-0.976017
0.0720685
0.293685
-0.520113
1.07628
-0.21143
0.757089
-1.1831
-0.291087
0.680231
1.90971
-0.736752
1.80761
-1.11598
-0.544917
-1.00731
-0.449103
0.382497
-2.18859
-0.336317
-0.0859974
0.413697
-2.1954
0.16359
-1.06602
0.238233
-1.67917
0.660265
0.460785
0.697284
-0.444616
0.335745
-0.203304
2.19161
-0.684174
1.02175
-0.897148
1.42103
1.59902
-0.751104
0.180487
1.69917
-0.255904
1.2793
-1.12876
1.04188
-0.689903
-0.0373103
1.92534
2.09381
0.598156
0.716025
-1.27633
0.396015
-0.0998972
0.339335
-0.948791
-1.4186
-1.63664
0.840919
-0.890814
1.13162
-0.224416
0.102504
0.0326459
0.529054
0.450496
0.353802
-2.06328
1.55396
1.56424
-0.954627
0.474847
0.0786259
0.552582
0.133365
-0.174916
0.996394
-1.74867
-0.823046
-0.819559
-0.633585
0.0380817
0.652069
0.0224306
-1.48335
-0.340327
0.328885
-1.72625
-1.0863
0.891541
0.985032
-1.7957
-0.517009
0.160798
0.471063
-1.12451
-0.307093
2.14525
-0.429752
-2.63848
0.409201
0.146999
-1.23093
1.38279
-0.611247
-0.518011
0.564618
0.292029
0.179569
0.682349
0.800125
-0.171641
0.298169
2.47988
1.04042
0.65911
-1.276
-2.29109
-1.37184
1.51275
-0.911675
-0.556273
-0.190534
0.625639
-1.09679
-0.594565
1.46694
0.108319
-1.59654
0.0895386
0.476069
-0.0967744
-1.28608
-0.130099
-0.508712
-1.25009
0.79368
0.874217
1.15781
-1.98917
1.09825
-0.376917
1.15901
-0.366399
0.0937574
-0.341646
-0.819595
-0.215618
-0.432609
-0.717242
0.305262
-0.352772
0.12501
-0.746328
-0.142764
1.213
0.274471
0.779744
0.793936
0.0398869
0.168358
-0.213116
-0.370448
1.01689
0.304709
-1.39921
-0.229514
-0.157911
-0.949817
-1.03832
-0.518713
-0.139339
0.600099
0.314789
1.78846
-2.10681
-0.907085
0.631739
0.301838
-0.880162
1.25028
0.416513
1.36742
1.38346
-0.26225
1.12044
0.476257
-0.00608899
0.40789
-0.749541
-0.78589
-0.337662
-1.00819
-0.90595
-0.159144
-0.685998
-0.41631
-1.64454
1.08252
0.0705194
2.28935
0.431278
-0.950735
-0.218348
0.353198
-0.983754
1.33496
0.220357
-0.92565
-0.938501
-0.0449217
-0.41604
-0.546043
0.624225
-2.08183
-0.117311
-1.35447
0.997202
-2.50501
0.105275
-0.665675
0.616773
0.24646
0.368319
-0.652583
-1.63007
-0.0346667
-0.195438
0.0925871
-0.304748
-0.182441
0.895852
-1.49658
-0.938933
-0.346266
-1.27978
-0.420324
-0.511489
-0.292667
-0.924663
-0.277857
-1.17404
-0.856514
0.879763
-0.120506
0.598769
1.75652
1.46825
-0.779013
-0.746325
1.41387
0.416955
-0.0416199
-1.88577
-0.473291
-0.729043
-0.464783
-1.51687
1.47107
-1.19751
0.381466
0.516287
1.32872
-0.142872
-0.0876662
0.939665
-0.466038
1.10582
0.202042
0.450527
1.26859
-0.534691
-0.580918
-1.10075
-0.95284
0.466182
-0.0776277
-0.308328
-0.510864
0.37746
-2.44603
1.04878
1.11278
-1.43005
1.16505
-0.101283
-0.357249
0.10555
-0.989652
-0.44589
-0.374208
-0.258814
0.211547
1.35218
0.546912
-1.91697
-1.4932
-0.740407
2.02891
0.974502
0.238777
-1.79923
1.16395
0.914449
0.550852
-1.23434
-0.957289
0.00855124
1.71815
0.289611
1.17534
1.1357
1.83616
-0.127502
-1.31817
-0.439996
-1.58485
-0.0306506
1.42305
-0.0637223
0.765453
-0.518075
-0.212667
-1.3736
-1.39174
1.05541
-0.707061
-0.41621
-0.686935
0.46229
-0.534704
0.48138
-0.594762
0.283351
1.84254
0.233002
-0.45624
1.03545
-0.909921
-1.1004
-0.0172922
0.486425
-0.0705284
0.985741
-0.376317
1.83634
-0.36097
-0.920998
0.367411
0.148377
-1.11023
1.26215
0.427655
0.00938959
1.207
-1.1388
-0.938909
-0.705298
-0.247838
0.867853
-1.91971
1.605
-0.339262
-1.70467
-0.0299173
1.80156
0.847078
0.681165
0.611503
1.12068
-0.691946
-0.422721
-0.316864
-1.26565
0.871673
-1.12938
0.0786113
-0.249807
0.579906
-0.529607
0.621829
-0.528148
0.558899
0.406671
-0.0910837
1.70991
-2.34304
0.178628
0.708028
-0.7241
-1.92077
-0.109786
2.37923
-1.21446
-0.96238
-0.5387
0.519135
-0.986314
0.219265
-1.28096
0.327162
1.09303
-0.098126
-1.02565
-0.192165
0.126199
0.609842
1.40921
-2.13656
0.338363
0.0530588
-0.44166
-0.539902
-0.239237
-0.248936
-1.47448
-0.964694
0.851435
0.446905
1.18899
-0.820698
1.36543
0.119859
-0.504558
-0.448749
-0.938642
0.451885
0.832823
-0.399962
0.441284
-0.897529
-0.447003
-0.498849
-0.767289
-0.786469
-0.335261
-0.133216
0.620708
0.992563
-1.33909
2.3423
0.482141
-0.849287
1.23912
1.0379
-0.752182
0.901128
-0.299057
0.38764
-1.14246
-0.106395
-0.634802
-1.04614
-1.38382
0.464868
-2.00751
0.931494
-2.35297
-0.744466
0.0962898
-1.48643
-1.71107
0.477173
0.401356
-0.107733
0.505526
1.29955
0.506309
0.580683
-1.20975
0.534203
0.54234
-0.732991
-1.90639
-0.0961213
-0.501813
-0.261549
-1.91909
-0.311766
-0.099293
0.954345
0.840234
-0.386746
0.469762
-0.760109
-0.819141
0.2686
0.0930897
-0.660354
0.984375
0.847213
-0.826561
0.55731
-1.03585
-0.391426
0.699504
-0.664423
-0.135971
-0.410391
0.805033
-0.783196
0.0616988
-0.019379
-1.03311
-0.782873
1.87146
0.208295
1.97849
-0.596521
-0.954806
0.99064
-1.13946
0.550847
-0.33021
0.0830502
-0.534332
-0.227682
-0.596528
-0.842807
-0.953335
0.841387
1.66271
1.27897
-0.943558
-0.129702
-1.20997
0.0365424
-0.0176704
-0.209772
2.96816
0.425177
0.366754
-1.52024
0.271425
0.631378
0.878203
1.99813
-1.55057
-0.0527168
1.76964
-0.727182
0.455524
-0.619272
-0.297193
-0.139935
-0.7305
1.38621
0.300507
-1.92988
0.353164
0.589833
-0.865986
-1.22326
1.21772
-0.19349
-0.88101
0.00286807
-1.21207
-0.494201
0.510106
-0.495414
-1.61364
0.184288
0.515811
-2.32793
1.27855
0.416462
0.140308
0.0816831
-1.65578
1.13904
1.18721
-0.690094
0.445642
-0.617751
2.37377
-1.03432
-0.0192126
-0.837792
-0.115605
0.195789
-1.17858
1.3925
1.62911
0.60994
-1.11756
0.48822
-0.943638
-0.137543
-0.636515
-0.165386
-0.262079
-0.508358
0.111054
0.476118
-0.334083
1.35102
-0.909392
0.554071
-0.0828883
-0.59684
1.76465
-1.02272
0.79197
0.99008
-0.959382
1.59946
-0.582892
0.131717
0.122164
-0.813081
-0.422435
0.00978739
0.45124
0.461438
0.555814
0.63686
0.549944
-0.437283
-1.10957
-0.0709887
0.765739
0.804304
1.22165
0.104816
0.0280241
-0.367378
-0.783029
-0.789591
1.36845
0.159505
-0.334923
1.54621
0.151057
1.61025
-0.259737
-0.0136891
-0.837789
1.43043
-0.462781
-1.41708
-1.81616
0.219269
-0.287673
0.708173
0.92428
1.35354
0.0117701
-0.176652
0.349077
-0.95097
1.35716
1.15506
0.674277
1.30265
1.2252
0.066826
0.327385
0.631807
0.203425
-1.32983
-0.543548
0.389055
-0.423886
0.321627
-1.12853
0.341222
2.52414
1.57157
-0.00799689
2.36194
-0.526651
0.0732091
-1.8408
-1.30252
0.766073
-0.867805
-0.811624
-1.05997
-2.26
0.0225698
-0.775878
0.946363
0.514477
-0.752653
1.00689
-1.29228
-0.538847
0.291961
-1.26545
0.179983
1.0877
1.78483
-3.83044
0.660367
-1.33312
-0.469652
-0.203409
-1.23312
-0.722432
0.210774
0.447951
-0.591202
0.54875
1.23618
1.07496
-1.68234
-0.211562
0.844096
0.358802
-0.271243
0.972757
-0.423472
0.409349
0.403517
1.64563
0.891182
-1.16564
-1.08281
-0.0575652
0.0866597
-0.703252
0.217353
1.01426
0.0992854
0.671999
0.016885
-0.30282
-0.166392
1.01436
-0.172985
-0.958917
1.14205
1.0826
-1.35092
-0.9446
0.813689
-0.129356
0.153581
-1.86718
2.66606
0.322577
0.365922
0.259892
-1.26299
1.16925
0.516313
-1.15807
0.278938
0.00413462
-1.86241
-0.708299
-1.88038
0.331207
-1.11089
-0.715928
-0.689602
0.383754
1.10793
1.05909
-0.488268
-0.219258
0.775387
1.11601
0.0466232
-0.268327
-0.219923
-0.395601
-0.844455
0.640864
0.352443
0.671944
-0.420467
-1.18324
-0.385741
0.394369
1.18651
-0.409449
-1.4272
-0.493003
-1.61762
0.664906
1.12629
-0.627676
-0.946601
-0.36812
-1.19823
-0.0285182
0.650984
-2.37196
1.51061
-1.10254
0.417853
1.13245
-0.695468
-0.255103
-0.554713
-0.621633
-0.277837
-0.177164
0.61456
1.75164
0.107039
-1.00043
0.473023
0.812489
0.273564
0.145971
-0.262505
-0.627746
0.485931
1.39077
0.993369
-1.21371
-0.626685
1.55112
-0.426628
-0.0425489
0.155615
-0.687378
0.753334
2.28896
0.767162
0.184597
1.46726
-0.89175
-1.25079
-0.105413
-0.883976
1.11721
-0.661424
0.816346
0.491565
0.645255
-1.02909
0.339789
-0.84513
1.93617
0.619418
0.187847
1.70667
1.1319
-0.755554
-0.213165
-0.463433
-2.29689
1.38971
2.19684
-0.173247
0.787997
-0.368604
0.908985
0.285877
0.626916
0.128126
0.0680578
1.43735
-1.35041
-1.02998
2.24442
-0.543517
-1.45911
1.37833
0.428604
-0.808612
-0.930483
-0.0801028
-0.609086
0.587899
1.0249
1.87532
-0.87744
0.739308
0.625749
1.44927
0.99186
0.57939
-0.415525
-0.853096
-1.01236
-0.578488
-0.00978985
-0.253953
0.725534
-0.276556
-1.28229
0.389003
0.598504
0.491908
1.65501
1.16022
1.29854
-0.0706151
-0.181379
0.138387
0.997688
-1.0263
1.01309
0.00630201
-0.376955
0.323706
0.882055
-0.51059
0.184588
1.29383
-1.6784
0.688266
0.336232
1.26641
1.23169
-0.883248
2.44572
1.9699
-2.42346
-1.69188
-0.419712
0.0679886
-1.54505
1.60385
1.76433
2.30408
-1.85567
-0.200937
0.723789
-1.41735
-0.985776
0.523376
1.0703
-0.135608
0.713769
0.288717
1.62122
-1.5719
1.06792
-1.2019
0.404884
-0.126144
-0.297699
0.00464237
-0.36318
-0.809857
-0.59553
-0.251125
0.220281
-0.0257868
0.758375
-0.438669
1.20208
-0.10144
-0.85395
-0.246476
-0.403786
-1.26332
-0.102284
-0.571118
-0.00259169
-0.347049
0.0243813
0.255493
-0.489664
-0.0298815
-0.489362
0.553285
0.935968
1.16507
0.415699
0.14488
-1.66017
-1.24455
0.2482
0.46001
0.160259
-1.01538
0.747815
0.538721
-0.401752
-0.380519
1.05035
-0.0621319
1.05402
0.344612
-1.43972
-0.792561
-0.794007
-0.422995
0.445925
-0.38584
0.547861
-0.248307
1.42579
0.534784
-0.0315709
0.596306
0.341889
0.325306
-0.680361
0.678146
0.988517
-0.677439
0.950338
0.30371
0.405716
0.543336
-0.0330001
1.40294
-1.08809
-1.61662
0.689962
-0.453081
0.440934
-0.776773
0.89032
2.21695
-0.206704
0.501529
0.409716
-1.32182
0.118212
-0.415317
0.614028
-1.75848
-1.68582
0.227505
0.111842
0.477386
-0.407228
1.36849
-1.69332
-1.84623
-2.20524
1.40795
-0.517363
-1.96939
2.33224
-0.599354
0.757766
1.22093
0.850617
-1.49962
0.0160081
0.87317
0.325529
-1.05612
1.23364
-0.459344
0.189073
0.439346
1.37624
0.72512
1.38521
-0.944919
1.78261
1.02662
0.789938
-0.331081
-1.68569
-1.49124
-0.00278506
-0.877575
0.529136
0.171127
0.00179314
-1.08683
1.18444
-1.08108
0.790064
0.764524
-0.276807
0.916763
2.02883
-0.872891
0.992458
1.60078
0.0165509
-0.835569
-1.36429
0.900465
0.00270204
-0.112307
-0.456892
0.599435
0.860211
0.0520174
0.422148
-0.831326
-0.810076
-1.58186
-1.52693
-0.968128
0.161556
-0.582888
-1.08729
0.4005
-0.264192
0.319589
-1.09266
-0.31371
-0.0753276
-0.123983
-1.63043
0.858295
1.09134
0.287598
1.33937
-0.0752897
0.6226
-1.55559
1.31947
0.0251659
-0.0395917
0.50794
-0.146359
-0.484237
1.00606
-0.458176
1.80589
0.454581
-0.43515
-1.48754
-0.232966
0.669802
-0.178708
-0.672185
0.865275
0.49496
-0.233804
0.355323
0.454608
-2.47621
0.476318
-1.2682
-0.226735
-1.40224
0.052666
0.538506
-1.27751
-0.289542
1.49329
-0.026956
0.429245
-0.557007
-2.41574
1.70798
-0.817885
1.00031
0.364346
0.390347
-0.040033
0.0435012
-0.963105
-1.0067
1.21961
0.601775
0.13502
-0.797792
0.921311
0.829092
-0.30275
0.683738
-0.508658
0.146613
-1.40135
-0.0493437
0.275665
0.757966
0.820238
-1.45967
-0.167005
1.38675
-0.298882
0.295873
0.334296
1.96656
-1.85693
-0.895489
-0.28748
0.0264332
0.505529
0.980719
-0.0993428
-0.220014
0.648245
0.207519
-0.152805
2.70409
0.420743
1.5253
-0.972248
-0.659497
-2.00463
1.36039
-0.802672
-0.626762
-1.15402
1.22288
0.0320887
-1.10337
0.0410296
0.29761
2.03558
-1.57812
0.960111
0.674334
-0.845515
-0.288846
-0.279835
1.12212
-1.382
0.805398
-0.75369
0.580926
-0.353613
0.66065
0.330502
0.299966
-0.9815
0.763876
-0.398086
0.486307
0.141004
2.39281
1.15157
-0.99022
-1.56327
-0.628946
1.26082
-1.73294
-1.31899
1.46029
1.01451
-1.22666
0.0615159
0.557543
0.979913
-0.66639
-0.0449229
-0.756529
-0.166383
-0.442337
-0.401098
-1.12088
-1.03901
0.714115
-1.64131
0.592784
0.743512
1.53817
1.30154
0.165771
-0.613987
-0.405919
0.787967
2.0955
-0.0814597
-0.316005
-1.86282
-0.479591
0.521619
-0.190114
1.19087
1.48591
0.585677
0.234005
-0.4384
0.146993
-1.88544
-0.319514
-0.331098
-1.23216
-1.21218
0.213875
-0.531526
-0.943287
0.90197
-1.17325
0.233675
1.51942
-0.244329
0.359621
0.276653
0.0427695
0.00236671
-1.30319
0.489307
2.03244
1.64303
0.383306
1.95595
1.63519
2.50242
-1.00603
-0.357665
-0.996954
-1.40735
-1.02319
-1.22217
-1.7296
-0.598446
1.31582
0.920979
-0.592074
0.782804
-0.890453
-1.43793
1.29473
-0.376051
1.44044
1.09068
0.124403
0.437087
0.722478
-0.876905
-0.229934
0.645178
0.103397
-1.19504
-0.667661
-0.362972
-0.43626
0.329157
0.295454
0.468753
0.020721
-0.393489
-0.0590743
-0.796291
-0.324077
-0.734998
-0.35247
-0.0219689
-1.76665
0.584713
-0.811449
2.56224
-2.09744
-0.128862
-0.797493
-1.58133
-2.11606
-1.26828
-0.716726
0.137471
-0.95712
1.10428
-1.65717
-1.29682
-0.0650959
0.318199
1.1097
-0.546886
-0.335001
0.135334
0.701796
-0.473395
0.0803648
0.0207495
-1.72049
-0.971906
0.0514484
1.45236
-1.27056
-1.01228
1.29965
-0.497899
0.181949
0.939051
-1.8688
-1.08933
-1.47715
0.318353
0.713346
-1.14427
-0.394804
-0.909142
-0.555949
0.726607
-1.47739
0.432055
1.40704
-0.0643257
1.07323
0.743727
1.54202
-1.2835
0.636852
1.58243
1.35373
0.489244
1.14076
0.592612
0.812172
-0.669425
0.391498
-1.41851
0.284601
-1.05313
0.213094
-1.69596
-1.08359
0.577453
-1.34191
-0.361315
-0.3702
-0.339244
-0.34985
0.00664292
0.881968
-0.63279
0.186958
-0.531894
1.15575
-0.767269
0.132014
-1.45943
-1.41253
1.80453
0.427738
0.652934
1.07624
-0.0116773
0.335883
-0.109833
-0.683815
-1.65998
-0.313305
0.156349
-0.0703594
1.91378
-0.315891
0.405741
-1.84492
0.772177
0.779658
0.351909
-2.07195
-0.414413
-1.80102
-1.25549
0.206385
0.800059
0.956116
-0.837612
-1.67429
1.20529
0.315418
0.979634
-0.908815
-0.367493
-1.49518
-0.564754
1.19854
0.109075
-0.162619
0.514808
0.538277
0.133421
1.48982
1.39319
0.0777319
1.14689
0.837154
-0.0281916
0.872771
1.21803
1.47562
-1.67285
-0.0372405
-0.0419499
-0.229357
1.66046
-1.59457
0.627001
-0.0899444
-0.624511
1.09528
-0.616672
1.34257
-0.216476
0.227715
-0.555333
0.0945165
1.4535
-0.328951
-0.700492
0.695472
-0.0779733
0.0257196
-1.02929
-0.6543
1.21886
-0.537315
-0.637524
-0.617753
0.73749
0.131048
0.402708
-1.19082
-0.138479
-0.295964
1.41908
0.667779
-1.73384
-0.0116245
-0.948685
2.26947
1.15361
0.159944
0.00500703
-1.97716
2.59865
-0.322748
0.619077
1.80381
0.0629576
-0.424035
0.500566
-1.20129
-1.00931
-0.636481
0.0914354
-0.595842
1.70312
-0.0474384
0.110324
-1.21627
0.277328
-1.41356
-0.752618
0.830019
-1.15493
0.21472
-0.233307
0.178152
-0.530095
-0.331925
-0.252257
-0.524115
0.885927
0.771597
-0.336847
1.23096
-0.643883
-0.0419851
0.144209
-1.6913
-2.47952
0.894733
0.81951
2.30084
0.892617
-0.734731
-0.809762
-1.15808
0.54466
-0.196662
-0.157311
-1.23192
0.00346529
0.608854
0.947411
-2.08276
0.290119
0.157366
-0.0160764
-0.0975393
0.734571
-0.0514489
-0.119932
-0.137674
-1.56948
-0.0263856
-0.964117
-1.79882
1.0609
-0.251299
0.991149
-0.867802
0.326227
0.0967635
-0.572183
-1.00736
1.45386
-1.38941
1.58314
1.3595
-1.41137
-0.118202
-0.714329
-0.831036
1.50343
-2.13403
-1.13965
0.711136
0.199093
-0.145118
1.69486
-0.648257
0.79186
0.0216984
0.222158
-0.900147
-0.161654
0.447174
0.513025
2.13961
0.370006
1.22277
0.286783
-0.0250029
-0.442912
0.247819
1.33234
0.279235
0.795867
-1.14065
-1.86307
0.234584
-0.227036
0.738849
-1.11228
0.893368
0.865182
-0.751821
-0.555389
-0.685118
-0.810321
0.477587
1.14534
0.955423
-0.141576
0.327134
-2.07046
-0.818207
-0.409993
-1.15611
-0.412986
-1.12844
-0.989865
0.0039757
-0.391066
-0.956634
-0.148783
1.33131
-0.508596
0.802031
-0.336739
-0.529432
-2.11177
-0.632208
1.11699
0.0596907
1.52244
-0.35604
1.31808
0.542915
1.01075
-1.20044
-0.884843
0.195153
0.248411
0.290211
0.283736
-0.104091
0.829939
-0.758761
-0.562276
1.79513
0.157536
0.685676
-0.751982
0.83039
0.433077
-0.858462
-1.10979
0.0242286
0.808243
0.0843605
-0.273132
0.788765
-0.668212
0.275246
-0.160017
-0.578951
1.75949
0.747623
2.581
-0.31554
-1.14542
0.609062
-0.21373
0.490585
0.832364
-0.161
-0.00390883
-0.033105
-0.354704
-0.856815
1.28496
-1.43871
0.636247
0.520944
-1.12122
-1.00318
0.722698
-0.690186
-0.647775
-0.0236643
0.653774
-0.530173
0.349984
0.652805
-0.491544
0.344011
0.0564283
0.840381
-0.149023
-0.287189
-0.0761426
0.128652
0.0624387
-0.297668
-0.490851
2.72486
0.5005
-0.815736
-0.783441
0.00685691
0.795327
0.00694157
0.320516
1.95091
-1.08298
-0.733986
0.894314
-1.26095
1.41422
0.344827
-0.606361
-0.954752
-0.430922
0.230325
1.23864
-0.812233
1.29604
0.475829
1.88654
-1.93871
-0.728726
0.0744125
1.06998
0.278488
-0.200156
0.539575
0.236505
-0.201223
-0.327059
-1.94215
-1.24166
-0.739051
-0.204759
0.00215341
-0.952443
-0.341705
0.243905
-0.0731591
0.794051
-0.963203
-0.157561
-0.7251
-0.105928
-0.213493
0.60295
0.296584
-1.54281
-2.4692
0.098625
-1.10706
-1.1807
1.62468
-0.685349
-0.694206
0.632475
-0.456137
-0.77914
0.362544
-1.3817
0.241851
0.574731
-0.465689
-0.700041
2.07087
0.0029145
1.55962
1.09521
-0.295527
0.0216882
0.292011
-2.12953
0.547523
1.10925
1.58493
1.7101
-0.412302
0.760308
-0.524591
1.29261
1.05044
-0.439329
0.878095
-0.852953
-0.169806
0.229275
1.00612
-0.762469
0.883802
-0.45636
0.336163
-0.420008
-1.85432
-1.39269
-1.35934
0.118362
-2.24483
-0.449472
1.88379
0.192844
-1.01326
0.288567
-0.50431
-0.184262
0.492223
1.19634
-2.47292
-1.23672
0.484073
0.239414
-0.881666
-0.476558
1.02219
1.01765
-0.00515531
-0.407811
0.127332
-1.07723
-0.196423
0.843242
0.491972
1.09762
0.560494
0.905758
-0.279422
1.22001
-0.44637
0.762313
0.551338
-1.85956
1.40813
-2.29801
-0.56352
-0.916993
0.99344
-0.278429
-0.40125
0.375771
-0.542134
-1.81613
-0.653386
-0.479115
-0.0530516
-1.41164
-1.41478
-0.375393
0.462793
-0.0493708
0.601594
0.653884
-0.630124
-0.581471
-1.46407
-0.970091
-1.30813
-1.6168
-1.19493
1.07
0.764696
-1.5184
-0.951468
-0.214546
-1.85597
1.80692
0.223562
1.88909
0.900811
-0.577853
-0.532702
-0.853373
-1.52578
-0.511807
-0.516546
-1.13033
-1.14483
0.52943
-1.17019
0.779637
2.27848
-2.03135
-0.111076
-1.28952
0.419478
-1.7165
0.25305
-0.490957
-1.2767
0.442819
0.993202
0.342294
1.15535
1.48648
0.8252
0.853085
0.522478
0.401219
-1.33913
-0.738563
2.4922
1.26739
-0.259042
1.29929
-1.65582
-0.279269
2.08279
0.559605
0.291075
-1.24521
-2.99062
0.825438
-1.27038
0.0737468
0.832381
-1.20503
-0.298057
-0.094611
1.56547
0.545415
0.493783
0.803823
0.779578
-1.74037
-1.61112
0.907117
-0.764336
-0.37571
-0.496127
1.53281
-2.09681
-0.327109
-0.145453
-0.451028
-0.501012
0.150395
0.0389425
-0.679149
2.08006
-0.283705
0.379567
-0.315672
0.0530274
0.397251
-0.0768999
-2.29012
-2.08653
-0.799866
-0.418097
0.640304
0.398366
-2.00331
0.523558
0.349325
-1.5366
0.108248
0.577404
-1.55627
0.338274
-1.3229
-2.04552
-0.308532
-0.557594
1.22614
-0.298383
0.680028
-0.753142
-1.16959
-0.765243
-0.62241
-0.193015
0.464091
1.6557
0.160514
1.66569
-0.924536
-0.0936733
-1.51938
1.1574
-1.94006
1.51026
-0.350997
-1.49741
1.30233
-2.12338
0.735616
-0.182251
-1.07716
-1.11392
0.365093
1.52475
-0.0360219
-1.05909
-1.14042
-0.681857
0.155996
1.017
-0.0430835
-1.00845
-1.3715
0.221933
-0.274055
0.384127
-0.935169
-1.15129
0.498524
0.607186
-0.683687
0.502063
-0.60319
0.921853
0.174321
-2.62894
-0.904515
0.24595
-1.03189
-0.591105
-0.403249
-0.362846
-0.0870523
1.05684
-0.774112
0.109214
-1.67403
-2.15548
-0.11828
0.515187
0.365504
-0.196118
0.334356
-0.279608
0.364437
-0.54229
-0.628124
0.184306
0.0371276
0.127232
0.238451
1.1654
1.65666
