0.631127
0.146601
0.596466
0.39226
0.81477
0.375838
0.313705
0.470598
0.79876
0.297488
1.14392
0.752266
1.32392
0.342309
0.675444
0.5412
0.393793
0.770809
0.206911
0.991129
0.833751
0.307089
0.555203
0.973223
0.627952
0.879802
0.477189
1.45067
1.2393
0.319164
0.346745
0.34674
0.354528
0.729478
0.543669
0.961478
0.886625
0.655896
1.27239
0.12718
0.754798
0.870993
0.771081
0.549988
1.01388
1.29802
0.850558
1.24151
0.551798
0.902112
0.728104
1.20073
1.02019
1.06269
0.686326
1.89749
0.492787
0.930495
1.37924
0.0181984
1.06182
1.8237
0.347279
1.25742
0.687566
0.679161
0.711807
1.59359
1.12688
0.471589
1.66338
0.408146
1.14603
0.697627
0.731599
0.68365
0.472202
1.62807
0.41651
0.787759
0.81607
0.919618
0.505952
0.377855
0.53323
0.959188
0.334303
0.788619
0.446561
1.77069
0.78901
1.39444
1.59152
0.92761
1.02627
0.593974
1.7114
0.223418
0.496376
1.04673
0.533987
0.41114
1.30764
1.96778
0.88227
0.51579
0.65932
1.16184
0.421796
0.846789
0.476452
1.02351
0.293529
0.748497
1.23469
0.632877
0.175791
1.47961
1.25524
0.487103
1.36426
0.544468
0.265687
1.20355
1.33911
1.12722
0.25378
1.23072
1.20879
0.574068
0.768257
0.127512
0.757095
0.55477
2.31586
1.94377
0.830762
0.653829
1.12488
1.04077
1.40134
1.59299
0.609982
1.68852
0.656198
0.312357
0.563743
0.691761
1.99025
0.260032
0.946222
1.32124
0.623295
1.03821
0.944967
0.41111
0.690271
1.02871
1.65619
0.39884
1.64724
0.69305
0.422093
0.679692
1.0195
0.415426
0.652944
0.395553
0.840214
0.259176
1.28124
0.675099
2.06457
0.352788
0.60707
0.639655
0.485492
0.932048
1.12211
0.46031
1.0189
0.606328
0.128646
1.85372
1.84955
0.966373
0.362779
0.652056
0.548615
0.246463
0.824656
0.463864
0.761868
1.03386
0.910553
0.301111
1.29924
1.55414
0.513161
0.622768
1.92728
0.196409
1.07851
1.80505
0.410198
2.33761
0.594031
0.673719
0.926644
0.116292
0.900815
0.501239
0.622275
0.921476
0.459017
0.583273
0.444357
0.613068
1.00354
0.760388
0.682338
0.370297
1.00076
1.29399
1.23932
0.467397
1.515
0.95704
0.336254
0.374373
1.59453
0.293506
0.429728
0.968841
0.212329
0.625142
0.963268
0.646268
1.07974
0.446689
0.66202
0.529045
0.718277
1.06148
1.30179
0.948164
1.82545
2.3256
1.53881
0.95594
0.75514
0.571405
1.13966
0.263936
0.309135
0.84688
0.553077
2.15549
0.344224
0.680251
0.359406
0.18339
0.776709
0.584982
1.01341
0.829034
0.97471
0.532038
1.35024
0.59916
0.746721
0.46351
0.88832
1.33218
1.42632
0.670494
0.742139
1.33901
0.665256
0.632621
0.752718
1.25351
0.968225
0.417108
1.40094
1.09653
1.05519
0.36236
1.08209
1.23664
0.824754
1.29094
1.30188
1.71104
0.326121
0.782972
0.765615
1.1191
1.10463
0.575605
0.126188
0.376623
0.803141
0.908025
1.81356
0.650004
1.60385
0.698635
0.44291
0.574674
1.12199
0.971247
0.276257
0.626224
1.21293
1.64406
0.155599
0.763714
0.240152
1.11857
0.505167
0.893015
0.862735
0.206173
0.827771
0.991491
0.832456
1.67513
0.644618
0.47864
0.500492
0.663143
0.641068
1.09262
1.579
0.596865
0.205969
1.35604
1.07613
0.498025
0.36111
0.716967
1.33188
0.466719
1.13834
0.958122
0.371214
1.17783
0.208661
0.451977
0.789801
0.55835
1.15126
2.12423
0.608502
0.511641
0.976807
1.28741
0.431483
1.76019
0.119251
0.704759
0.609959
0.657644
0.304216
0.508744
1.02574
0.37307
0.267465
0.640744
0.655863
0.460783
1.15839
0.445372
0.699599
0.790844
1.23162
0.851568
0.49229
1.31635
1.09806
1.06643
0.308971
0.755399
1.05054
0.715307
1.04597
0.57702
0.48535
1.34236
0.521438
0.503584
0.506753
0.892037
0.92516
0.614936
1.22459
0.506045
0.76709
1.36736
0.909392
1.25769
0.19449
0.598754
1.9136
0.742904
1.20562
1.18582
1.67686
1.99709
0.929007
1.01136
1.03976
1.05175
0.279721
0.631785
0.26875
1.16131
0.973417
0.572614
0.925566
1.37827
0.836824
1.2724
0.713698
0.286225
0.352383
0.439858
0.602693
0.908055
0.148238
1.42093
0.663328
0.246288
0.42956
0.633165
0.812232
1.65213
0.298413
0.741456
1.57466
1.04338
0.255806
0.927563
0.635787
0.386263
1.53805
0.717269
1.45329
0.854792
1.06999
0.778421
0.678317
0.452686
0.544218
1.20857
0.553586
0.683368
1.69683
0.91682
1.65184
1.83533
0.756475
0.586015
0.157208
0.96279
0.984912
0.84148
0.879971
1.10664
1.63215
0.779336
0.679109
2.24989
0.180947
1.10026
0.376662
1.66906
0.331649
0.106508
0.781123
1.24149
0.791727
1.32134
1.88336
1.13152
0.948687
0.517748
0.316249
0.877826
1.27592
0.174122
0.835934
0.523137
0.621631
0.865523
1.36226
1.68462
0.187756
0.694506
1.02126
1.83067
1.34885
0.131168
1.78472
1.4286
1.12672
0.308708
1.28545
1.31631
0.328308
0.555045
0.969158
0.916021
0.308281
0.93175
0.585176
1.07346
1.29987
0.697387
0.500191
0.982438
0.732213
1.13487
1.39839
1.15324
0.538077
1.10056
1.06302
0.580431
0.297741
0.626412
0.537582
1.60006
0.646507
0.48501
1.25462
0.250131
0.597839
0.958808
1.46723
0.717864
1.41863
0.824069
1.87791
1.7739
0.275708
0.549409
1.01228
1.48147
1.01861
1.40846
0.841825
0.250197
0.939872
0.675302
1.26118
1.34911
0.266138
0.80054
0.36387
0.407806
1.26417
0.685562
0.280999
0.387374
0.937303
1.42494
0.472369
1.47102
0.79671
0.295889
0.582602
0.640227
0.927249
0.546776
0.589175
1.02453
0.855462
1.65044
0.879435
0.42415
1.26243
0.217638
0.505288
0.695417
0.729264
0.147504
0.500301
0.809666
0.82618
0.650999
1.00264
0.588124
1.12895
1.11257
0.751796
0.603253
0.929747
0.999487
0.459277
0.223297
1.12128
0.806273
0.697135
0.588017
1.15471
1.06481
1.68877
0.54302
0.973788
0.809643
0.738081
0.725708
0.865362
1.01815
1.25474
1.67514
1.04844
0.120005
0.738533
0.419773
0.667746
0.236661
0.777866
0.289101
1.20243
1.47278
0.697502
0.648319
0.853637
0.925537
0.705162
0.515084
0.234258
1.22447
0.863241
1.24889
0.778987
0.793977
0.215012
0.26437
1.72197
0.791114
0.805005
0.803359
0.342273
0.560735
0.732334
1.22576
0.578099
1.34346
1.67229
1.01605
1.48562
0.706497
1.13464
1.03081
0.571534
0.340125
2.4554
1.26105
1.07428
0.702354
0.172029
1.15741
0.426209
0.899215
0.866293
0.985036
0.149609
0.92252
1.08003
1.87782
0.197433
0.425294
0.768643
0.401352
0.755893
1.40531
1.61444
1.12721
1.09231
1.41556
0.671754
0.939999
0.546421
0.302028
0.525294
0.877255
0.467642
0.522269
0.636272
1.4592
0.99458
0.670477
0.982487
1.25738
1.57607
0.398708
0.732523
1.67105
1.12827
0.331039
1.54929
1.19155
0.560082
0.662703
1.54121
1.10413
0.494147
1.3383
0.742551
1.56406
1.09482
1.2436
0.832664
1.77073
1.43982
1.16267
0.824537
0.270644
1.97733
1.32289
1.74082
0.967828
0.456766
0.91973
0.717414
0.332897
1.1248
1.30438
0.211203
0.758896
1.59467
1.74821
0.467139
0.459881
0.607207
0.329809
1.50168
0.862836
1.65931
0.619806
0.75959
1.00348
0.33473
1.66993
0.945798
1.98038
1.06704
0.297155
0.228394
1.03821
1.55443
0.0503664
0.558252
0.322971
0.922943
1.05303
0.477598
0.586636
0.817757
0.53335
1.14262
0.725224
0.473064
1.60958
0.956746
0.843252
0.168836
0.826268
0.185724
1.82621
1.29638
0.799531
0.956012
1.5882
0.727327
0.459404
1.51719
0.308053
0.566819
1.73521
1.17777
0.453007
1.75036
0.134669
0.578696
0.864827
1.0793
0.818829
1.30491
0.439541
1.15423
0.88963
0.937401
1.66098
0.798978
0.451361
0.767934
0.832493
1.06609
0.807973
0.790093
0.823935
1.74099
0.255931
0.729347
0.671022
0.540913
0.612085
0.776819
0.867027
0.552694
0.476725
1.11879
0.493962
0.500083
2.55846
1.1659
1.54927
0.817115
0.907319
0.298017
0.502591
0.337731
1.05246
0.41735
0.930941
1.3871
0.96427
0.287989
0.872669
0.297675
0.88606
0.161888
0.192919
0.966841
0.759591
0.713646
1.40473
1.1789
1.3826
0.702422
0.119162
0.238839
0.330426
0.512014
0.569163
0.327995
1.90815
0.453668
0.943079
0.874762
0.562212
1.29345
1.01429
1.68067
1.89254
0.501288
1.2582
0.928264
0.599368
0.630136
1.04198
1.36711
0.660536
1.09555
0.776786
1.25306
0.321079
0.61396
0.884746
1.73146
1.10259
0.902277
0.0746614
1.28246
1.24465
0.575901
1.54793
1.19698
0.794764
0.830182
0.592568
1.15945
0.609555
1.67079
1.06738
0.576194
0.418803
0.802259
1.40233
0.788126
1.27324
0.859644
0.607235
0.411695
0.500104
1.19714
1.71887
0.620112
0.280158
0.821485
0.560194
1.22863
0.221136
0.566969
0.938982
1.34299
0.902543
0.826369
0.952863
0.160599
2.22326
1.49422
1.20296
0.601054
1.33433
0.766979
0.938728
2.20628
1.58658
0.768238
0.779057
1.13087
1.85679
1.20052
1.44916
0.458317
0.862577
1.32119
0.843026
0.957618
0.616525
1.2269
0.690565
0.672645
0.233244
1.83252
0.471365
0.970531
0.785025
1.26058
1.00472
0.77662
1.08019
0.715113
1.18788
0.856812
1.36551
0.646759
0.847483
1.20227
1.24472
1.84995
0.815809
1.18732
1.14545
0.672207
1.70441
0.54323
0.457706
0.777843
1.3917
0.838828
0.513764
0.517724
1.42608
0.579127
0.472805
0.266141
1.50147
1.03917
1.41316
0.86972
0.34672
0.897208
1.63509
1.42671
0.275281
1.22321
0.487098
0.938272
0.881694
2.59794
0.896988
0.163568
1.1853
0.577339
0.703013
1.09706
0.879977
0.930074
0.408681
0.708704
0.296538
0.698174
0.997069
