2.1	-1.852992098	0.0006289157975	0.9566777868	0.0002115754611	0.04707359832	0.0007493419403	0.01157333592	0.0002729575972
2.03684211	-1.877858596	0.0005849259672	0.9654249211	0.00019317427930.04344721433	0.0007508427461	0.01019293443	0.0002593123046
2.07368421	-1.870117675	0.000550702414	0.9634034188	0.00018024097320.04336919218	0.0006792906074	0.009947450143	0.000237184674
2.11052632	-1.861831791	0.0006937935014	0.9603607359	0.00022747406150.05725884773	0.0008226011986	0.01330548943	0.0002931839248
2.14736842	-1.849903055	0.0007422077568	0.9565449329	0.00025028986470.0611934201	0.0008444664881	0.0150816019	0.0003157878193
2.18421053	-1.834624768	0.0008094974752	0.9511939739	0.000279411892	0.06777841534	0.0008827446936	0.01779339281	0.000344653407
2.22105263	-1.827375667	0.0007546712205	0.9493628043	0.00025848140150.06427291756	0.0007936333784	0.01666854524	0.0003130823463
2.25789474	-1.815045986	0.000893839164	0.9458325943	0.00029723464450.0818896454	0.0009033051937	0.02037535992	0.000352822399
2.29473684	-1.801768252	0.001000820687	0.9404056221	0.00035467164660.09708223884	0.0009722866743	0.02731253009	0.0004118679708
2.33157895	-1.785789576	0.0009476818381	0.9351590728	0.00034324533510.08539449214	0.0008845021074	0.02530623619	0.0003902197651
2.36842105	-1.759947666	0.001262943991	0.9255681144	0.00046670548440.1314435876	0.001125885265	0.04159083505	0.0005172944379
2.40526316	-1.743959937	0.00129526363	0.9200514399	0.00048661085990.1288881996	0.00111022692	0.04308890968	0.0005278731853
2.44210526	-1.725454992	0.001403649885	0.9126496941	0.000552638079	0.1481950392	0.001152961443	0.0543820754	0.0005850206554
2.47894737	-1.67212205	0.001496748695	0.8898690465	0.0006622788915 0.1538858563	0.001162654071	0.07347233882	0.0006762160813
