0	-0.010816	0.0024
50	-0.01056	0.001696
100	-0.010944	0.002976
150	-0.01056	0.001376
200	-0.010816	0.00272
250	-0.01056	0.001824
300	-0.010944	0.002784
350	-0.010432	0.001696
400	-0.010944	0.00272
450	-0.010688	0.00176
500	-0.010688	0.002528
550	-0.010688	0.001888
600	-0.010816	0.0024
650	-0.546816	-6.4e-05
700	-0.547968	-0.00224
750	-0.545408	-0.000384
800	-0.54784	-0.005312
850	-0.545536	0.00096
900	-0.547456	-0.00192
950	-0.545536	-0.001024
1000	-0.550272	-0.000832
1050	-0.54784	0.002368
1100	-0.55168	-0.003136
1150	-0.547328	0.001344
1200	-0.551552	-0.003968
1250	-0.547712	0.000448
1300	-0.550784	-0.001152
1350	-0.5472	-0.000576
1400	-0.55488	-0.004352
1450	-0.551296	0.001024
1500	-0.555264	-0.001984
1550	-0.551808	-0.000256
1600	-0.55488	-0.002176
1650	-0.550656	0.000704
1700	-0.55424	-0.00288
1750	-0.551808	0.000704
1800	-0.555648	-0.0032
1850	-0.551168	0.000256
1900	-0.55424	-0.001408
1950	-0.55104	-0.000256
2000	-0.56448	-0.003456
2050	-0.562304	0.001792
2100	-0.56448	0.000512
2150	-0.562304	0
2200	-0.564224	6.4e-05
2250	-0.561792	0.000512
2300	-0.562816	-0.000704
2350	-0.56192	0.000832
2400	-0.565504	-0.001664
2450	-0.562304	0.00032
2500	-0.566784	-0.000128
2550	-0.56384	-0.000512
2600	-0.565632	-0.003264
2650	-0.56448	0.00032
2700	-0.565888	0.000256
2750	-0.564352	-0.000192
2800	-0.567168	-0.001408
2850	-0.56512	0.000128
2900	-0.568064	-0.003264
2950	-0.56704	-0.00352
3000	-0.571136	-0.004096
3050	-0.569984	-0.00256
3100	-0.571136	-0.002112
3150	-0.570624	-0.002624
3200	-0.571392	-0.004544
3250	-0.570496	-0.001536
3300	-0.571904	-0.002496
3350	-0.569984	-0.00224
3400	-0.57152	-0.004608
3450	-0.570496	-0.002112
3500	-0.570496	-0.003328
3550	-0.572672	-0.003008
3600	-0.573312	-0.004096
3650	-0.571264	-0.0016
3700	-0.574208	-0.001792
3750	-0.570624	-0.003392
3800	-0.574336	-0.003968
3850	-0.57856	-0.002816
3900	-0.5792	-0.003712
3950	-0.577408	-0.002816
4000	-0.579712	-0.00608
4050	-0.577152	-0.002624
4100	-0.577408	-0.004736
4150	-0.580352	-0.003264
4200	-0.582784	-0.006784
4250	-0.580224	-0.002432
4300	-0.582144	-0.00416
4350	-0.578688	-0.00416
4400	-0.581248	-0.006272
4450	-0.579584	-0.003456
4500	-0.582272	-0.003392
4550	-0.583936	-0.00352
4600	-0.589056	-0.006784
4650	-0.583552	-0.00352
4700	-0.58688	-0.006016
4750	-0.584704	-0.003904
4800	-0.586752	-0.007232
4850	-0.584576	-0.002304
4900	-0.58816	-0.004608
4950	-0.584064	-0.00416
5000	-0.588672	-0.008384
5050	-0.587776	-0.005312
5100	-0.58944	-0.007232
5150	-0.586624	-0.00544
5200	-0.59008	-0.009472
5250	-0.586752	-0.005056
5300	-0.5888	-0.007744
5350	-0.587648	-0.005632
5400	-0.589568	-0.00864
5450	-0.58816	-0.001728
5500	-0.591744	-0.005056
5550	-0.58816	-0.005056
5600	-0.592	-0.006656
5650	-0.58944	-0.004224
5700	-0.591104	-0.005056
5750	-0.588288	-0.003136
5800	-0.592128	-0.005696
5850	-0.587904	-0.003776
5900	-0.590848	-0.004096
5950	-0.591616	-0.00128
6000	-0.594048	-0.006144
6050	-0.590464	0.001216
6100	-0.593408	-0.003712
6150	-0.589824	-0.002112
6200	-0.592384	-0.004928
6250	-0.591488	-0.00064
6300	-0.593024	-0.003968
6350	-0.590336	-0.000512
6400	-0.596736	-0.002944
6450	-0.592896	-0.00032
6500	-0.5952	-0.000832
6550	-0.593792	6.4e-05
6600	-0.597248	-0.003008
6650	-0.59456	0.003456
6700	-0.597888	-0.000832
6750	-0.59392	-0.000384
6800	-0.59648	-0.002048
6850	-0.59456	0.00192
6900	-0.596736	-0.00256
6950	-0.595072	0.00288
7000	-0.5984	-0.00256
7050	-0.5952	0.000448
7100	-0.59712	-0.000768
7150	-0.596352	-0.000192
7200	-0.597376	-0.003584
7250	-0.595328	0.002944
7300	-0.5984	-0.001408
7350	-0.595584	-0.001472
7400	-0.598656	-0.00256
7450	-0.598528	0.004864
7500	-0.603648	-0.0016
7550	-0.601728	0.003328
7600	-0.603904	-0.002432
7650	-0.601472	0.002816
7700	-0.60288	-0.000384
7750	-0.60288	0.001344
7800	-0.604416	-0.002688
7850	-0.602112	0.003584
7900	-0.603648	-0.000832
7950	-0.601088	0.000576
8000	-0.603136	-0.002048
8050	-0.60544	0.0032
8100	-0.607104	-0.000256
8150	-0.604416	0.003584
8200	-0.607104	-0.001152
8250	-0.605056	0.003072
8300	-0.605696	-0.000256
8350	-0.612352	0.00288
8400	-0.613376	-0.003456
8450	-0.612352	0.00384
8500	-0.61248	-0.000576
8550	-0.611968	0.00064
8600	-0.612352	-0.001344
8650	-0.612224	0.003648
8700	-0.613504	-0.001088
8750	-0.612224	0.003264
8800	-0.614144	-0.002176
8850	-0.61184	0.00128
8900	-0.61312	-0.002816
8950	-0.612864	0.00064
9000	-0.614144	-0.004032
9050	-0.611584	0.002368
9100	-0.613888	-0.002688
9150	-0.616704	-0.00224
9200	-0.616704	-0.005504
9250	-0.616704	0.00032
9300	-0.616832	-0.00416
9350	-0.61568	0.00128
9400	-0.61696	-0.004096
9450	-0.616448	0.000704
9500	-0.615936	-0.003904
9550	-0.616704	0.00064
9600	-0.617088	-0.006272
9650	-0.61568	0.002048
9700	-0.616704	-0.002752
9750	-0.615936	-0.000512
9800	-0.61632	-0.004544
9850	-0.617344	0.001472
9900	-0.616448	-0.002688
9950	-0.617856	0.00032
10000	-0.619904	-0.002304
10050	-0.619776	0.000256
10100	-0.61952	-0.001792
10150	-0.619008	0.0016
10200	-0.621312	-0.005248
10250	-0.618368	0.0032
10300	-0.619776	-0.001152
10350	-0.619392	-0.000704
10400	-0.625664	-0.0048
10450	-0.625536	0.00192
10500	-0.627456	-0.00512
10550	-0.62592	-0.000512
10600	-0.626304	-0.004096
10650	-0.626432	-0.001088
10700	-0.625024	-0.004224
10750	-0.625536	6.4e-05
10800	-0.626944	-0.005952
10850	-0.625024	0.000576
10900	-0.631296	-0.001536
10950	-0.6304	-0.000384
11000	-0.63104	-0.003904
11050	-0.631808	0.003264
11100	-0.634112	-0.00256
11150	-0.631552	0.001408
11200	-0.633856	-0.003136
11250	-0.633216	0.001152
11300	-0.632192	-0.00224
11350	-0.632704	0.001856
11400	-0.634624	-0.00416
11450	-0.631936	0.002688
11500	-0.6336	-0.000832
11550	-0.63296	0.000448
11600	-0.633344	-0.004032
11650	-0.633984	0.005056
11700	-0.637696	6.4e-05
11750	-0.634624	0.003264
11800	-0.637824	-0.001152
11850	-0.636544	0.003648
11900	-0.636672	-0.000768
11950	-0.636032	0.003584
12000	-0.637696	-0.002752
12050	-0.634752	0.004352
12100	-0.637568	-1.421085472e-18
12150	-0.641536	0.004224
12200	-0.641792	6.4e-05
12250	-0.64128	0.005952
12300	-0.643968	0.000576
12350	-0.640256	0.004864
12400	-0.642944	-0.00032
12450	-0.641792	0.005632
12500	-0.641664	0.001024
12550	-0.64128	0.004608
12600	-0.643584	6.4e-05
12650	-0.64	0.005824
12700	-0.647296	0.001536
12750	-0.643712	0.004352
12800	-0.645504	0.000832
12850	-0.642816	0.00608
12900	-0.646144	0.001856
12950	-0.642048	0.00544
13000	-0.645888	0.000512
13050	-0.64384	0.005888
13100	-0.644224	0.00192
13150	-0.643456	0.004992
13200	-0.646656	-6.4e-05
13250	-0.642304	0.006464
13300	-0.645632	0.002048
13350	-0.643712	0.004288
13400	-0.64896	0.000448
13450	-0.651392	0.003904
13500	-0.654208	0.00032
13550	-0.650496	0.004224
13600	-0.65344	-0.00128
13650	-0.652032	0.00416
13700	-0.653312	0.000128
13750	-0.65152	0.003392
13800	-0.653696	-0.001216
13850	-0.651008	0.004992
13900	-0.65344	-7.105427358e-19
13950	-0.651776	0.002944
14000	-0.653952	-0.00032
14050	-0.658176	0.001984
14100	-0.660096	-0.00288
14150	-0.657664	0.001856
14200	-0.659584	-0.003712
14250	-0.658304	0.00256
14300	-0.658432	-0.00288
14350	-0.663168	-0.000192
14400	-0.664704	-0.0048
14450	-0.662016	0.0016
14500	-0.66432	-0.004288
14550	-0.663808	0.000128
14600	-0.66432	-0.004288
14650	-0.666496	4.440892099e-19
14700	-0.668288	-0.004736
14750	-0.66624	6.4e-05
14800	-0.667904	-0.005952
14850	-0.666752	0.000384
14900	-0.667776	-0.003968
14950	-0.667008	-0.000704
15000	-0.6688	-0.005568
15050	-0.66624	0.001088
15100	-0.668288	-0.005248
15150	-0.67264	0.002816
15200	-0.673536	-0.001152
15250	-0.673152	0.002752
15300	-0.673792	-3.996802889e-19
15350	-0.672128	0.0032
15400	-0.674176	-0.0016
15450	-0.67264	0.003328
15500	-0.674048	0.000128
15550	-0.672768	0.002176
15600	-0.67392	-0.00128
15650	-0.672256	0.004032
15700	-0.673792	-0.000832
15750	-0.67264	0.00256
15800	-0.674048	-0.000704
15850	-0.672768	0.002816
15900	-0.678016	-0.001344
15950	-0.676992	0.004032
16000	-0.678144	-0.002176
16050	-0.676864	0.00384
16100	-0.687744	0.000896
16150	-0.686208	0.002432
16200	-0.687232	-0.00096
16250	-0.684928	0.0048
16300	-0.687616	-0.000832
16350	-0.68608	0.003264
16400	-0.686976	0.000192
16450	-0.685568	0.003264
16500	-0.687488	-0.000512
16550	-0.685568	0.004352
16600	-0.686976	-0.001408
16650	-0.685952	0.003392
16700	-0.687232	0.001152
16750	-0.685824	0.002688
16800	-0.687232	-0.001728
16850	-0.685184	0.0048
16900	-0.687488	-0.00064
16950	-0.685952	0.003328
17000	-0.689024	0.000896
17050	-0.687488	0.003392
17100	-0.688768	0.000128
17150	-0.686976	0.00448
17200	-0.688384	-0.0016
17250	-0.68736	0.00288
17300	-0.688896	0.001152
17350	-0.687232	0.002688
17400	-0.688768	-0.001216
17450	-0.686336	0.003968
17500	-0.688512	-0.00032
17550	-0.687872	0.002304
17600	-0.688384	-6.4e-05
17650	-0.686464	0.002752
17700	-0.689536	-0.001088
17750	-0.684928	0.00128
17800	-0.68608	-0.004352
17850	-0.685696	0.00064
17900	-0.686592	-0.002112
17950	-0.68864	0.000128
18000	-0.688768	-0.002496
18050	-0.687872	0.003072
18100	-0.690304	0.000128
18150	-0.690304	0.002496
18200	-0.691328	0.00064
18250	-0.688768	0.002112
18300	-0.690688	-0.000576
18350	-0.68992	0.003392
18400	-0.689536	-0.001472
18450	-0.689792	0.00224
18500	-0.6912	0.001984
18550	-0.689408	0.002176
18600	-0.690944	-0.001792
18650	-0.69248	0.00416
18700	-0.693632	-9.769962617e-19
18750	-0.693504	0.00192
18800	-0.694912	0.0016
18850	-0.693248	0.001088
18900	-0.694528	0.00032
18950	-0.6944	0.00352
19000	-0.694656	-0.000704
19050	-0.69312	0.001792
19100	-0.695808	0.002496
19150	-0.694016	0.000896
19200	-0.69376	-0.000896
19250	-0.69376	0.00384
19300	-0.695424	0.000512
19350	-0.695552	0.00256
19400	-0.695936	0.001152
19450	-0.694272	0.002816
19500	-0.695552	0.00032
19550	-0.69504	0.003456
19600	-0.694784	-0.000192
19650	-0.69504	0.002752
19700	-0.69696	0.000704
19750	-0.695808	0.001216
19800	-0.696704	-0.00064
19850	-0.694784	0.001856
19900	-0.696704	0.000256
19950	-0.696064	0.000896
