# KbT 	 E 	 M 	 C 	 Chi
2.51578947	-1.699670727	0.001512476578	0.902315418	0.0006012157225	0.1608941549	0.001155177137	0.06209570529	0.0006118340727
2.55263158	-1.679638756	0.001734248058	0.8961402786	0.0007015541012	0.2037161901	0.001271128402	0.08241542605	0.0006984302201
2.58947368	-1.664234709	0.001787013807	0.889741221	0.0007333818041	0.2082016479	0.001261715514	0.08795414836	0.0007149709731
2.62631579	-1.642376317	0.001839891087	0.8823696357	0.0007682626296	0.216229769	0.001247115551	0.09542440634	0.000732599997
2.66315789	-1.623616248	0.001993766916	0.8748898634	0.0008459235189	0.2462059784	0.001300535914	0.1136617027	0.0007889140803
2.7	-1.606168625	0.002050145982	0.8661282751	0.0008999486305	0.2481219451	0.001288386563	0.1252785696	0.0008203866021
2.75	-1.589020231	0.002324474737	0.8601362914	0.0009862904586	0.3090919111	0.001391743013	0.1483091043	0.0008761618129
2.8	-1.550400682	0.002338802517	0.8452553666	0.001048781178	0.2994482632	0.001321278295	0.1632668471	0.000900301012
3	-1.459418726	0.002885721533	0.8063927652	0.001396887453	0.3974632006	0.001338537332	0.2688779136	0.001068072284
