0	-1.3832	-0.344	3158
1	-1.396	0.2878	152
2	-1.3952	0.2572	1374
3	-1.3852	0.5321	302
4	-1.3794	0.4715	26
5	-1.381	0.4769	3183
6	-1.3754	-0.1597	3377
7	-1.3942	0.5158	3605
8	-1.4008	-0.2052	3620
9	-1.3962	0.5188	3602
10	-1.4124	-0.2017	3615
11	-1.3992	0.5214	3477
12	-1.3972	-0.1741	3492
13	-1.3938	0.5243	6
14	-1.3932	0.5229	7
15	-1.3938	0.5244	3686
16	-1.3816	-0.2129	3403
17	-1.3916	0.4678	3613
18	-1.3986	-0.255	4024
19	-1.4082	0.5499	5913
20	-1.407	-0.6328	3531
21	-1.4124	0.0735	3417
22	-1.4178	-0.61	6367
23	-1.4172	0.6635	6552
24	-1.4228	-0.6469	3221
25	-1.4064	-0.0025	2606
26	-1.3906	-0.5237	2923
27	-1.4086	0.0611	22
28	-1.4084	0.0567	757
29	-1.4086	0.2081	3316
30	-1.398	-0.4551	4351
31	-1.4066	0.4153	521
32	-1.4056	0.3109	8
33	-1.4056	0.3126	3534
34	-1.4008	-0.3943	4785
35	-1.4202	0.5628	6086
36	-1.427	-0.6546	3156
37	-1.4102	-0.0233	41
38	-1.4112	-0.0316	3010
39	-1.4144	0.5706	2917
40	-1.3924	-0.0129	326
41	-1.3984	0.0524	67
42	-1.3988	0.0389	2598
43	-1.404	0.5586	5661
44	-1.4248	-0.5737	6102
45	-1.4344	0.6469	6300
46	-1.4236	-0.6131	6422
47	-1.4274	0.6715	6251
48	-1.4242	-0.5788	5878
49	-1.4044	0.5969	3183
50	-1.4046	-0.0398	3370
51	-1.4284	0.6342	3617
52	-1.4294	-0.0893	3637
53	-1.4278	0.6382	6489
54	-1.4362	-0.6598	5734
55	-1.4244	0.487	5539
56	-1.4316	-0.6208	4081
57	-1.4152	0.1954	3754
58	-1.4132	-0.5555	5898
59	-1.4046	0.6242	5847
60	-1.4212	-0.5453	5028
61	-1.4236	0.4603	2836
62	-1.4258	-0.1071	1
63	-1.4258	-0.1068	2377
64	-1.4214	-0.5824	3285
65	-1.4298	0.0747	3597
66	-1.4464	-0.6447	6823
67	-1.4694	0.7201	6639
68	-1.4254	-0.6079	6111
69	-1.4264	0.6144	6117
70	-1.4406	-0.6092	6283
71	-1.4482	0.6476	6573
72	-1.4518	-0.667	3281
73	-1.4198	-0.0107	3408
74	-1.4396	-0.6924	3406
75	-1.4298	-0.0112	3451
76	-1.4442	-0.7015	1
77	-1.4436	-0.7011	4
78	-1.444	-0.702	3482
79	-1.4282	-0.0056	3274
80	-1.4184	-0.6606	5934
81	-1.4372	0.5263	5422
82	-1.4212	-0.5582	5389
83	-1.4292	0.5197	4826
84	-1.4222	-0.4455	1967
85	-1.426	-0.0521	2639
86	-1.4338	-0.5801	6143
87	-1.463	0.6485	6688
88	-1.4478	-0.6892	6508
89	-1.433	0.6126	6216
90	-1.4272	-0.6307	5999
91	-1.4278	0.5691	6064
92	-1.4302	-0.6437	3523
93	-1.4338	0.0602	6475
94	-1.4322	-0.0059	3288
95	-1.4284	-0.6568	2904
96	-1.4334	-0.0808	5737
97	-1.428	-0.1158	6166
98	-1.4436	0.0214	6449
99	-1.4396	-0.0688	6570
100	-1.4422	0.0104	6895
101	-1.4458	-0.0202	6596
102	-1.418	0.0118	5670
103	-1.3796	-0.0654	2293
104	-1.3792	-0.4764	2381
105	-1.3642	-0.005	2920
106	-1.393	-0.5549	480
107	-1.3944	-0.5325	169
108	-1.3952	-0.5662	3
109	-1.395	-0.5656	2320
110	-1.3886	-0.1027	4705
111	-1.3958	0.1034	5169
112	-1.3898	0.0639	2553
113	-1.3812	-0.4415	2147
114	-1.3834	-0.016	5126
115	-1.3886	-0.0884	1916
116	-1.3966	-0.4716	1926
117	-1.4038	-0.0865	6123
118	-1.4258	0.0089	3212
119	-1.4216	0.6514	2866
120	-1.408	0.0781	2886
121	-1.4196	0.6555	2
122	-1.4198	0.655	34
123	-1.4222	0.6618	3474
124	-1.4224	-0.0332	151
125	-1.423	-0.0029	3133
126	-1.4364	-0.6296	3478
127	-1.437	0.0661	3366
128	-1.4274	-0.6073	2718
129	-1.411	-0.0635	2949
130	-1.4072	-0.6534	3123
131	-1.4144	-0.0287	2041
132	-1.393	-0.4369	5233
133	-1.4	0.6099	5734
134	-1.3972	-0.537	4364
135	-1.3914	0.3359	4595
136	-1.418	-0.5833	5585
137	-1.411	0.5338	5707
138	-1.444	-0.6078	6193
139	-1.4326	0.6309	3286
140	-1.417	-0.0263	3433
141	-1.4324	0.6604	6363
142	-1.417	-0.6123	6239
143	-1.4002	0.6356	5643
144	-1.4322	-0.4932	5816
145	-1.442	0.6702	3349
146	-1.443	0.0003	3436
147	-1.443	0.6876	6402
148	-1.4378	-0.5929	6237
149	-1.4588	0.6547	3367
150	-1.4602	-0.0188	3518
151	-1.472	0.685	3442
152	-1.4614	-0.0019	3439
153	-1.4692	-0.6633	3101
154	-1.4602	-0.045	2984
155	-1.4584	-0.629	307
156	-1.4666	-0.6696	3636
157	-1.4472	0.0539	37
158	-1.4448	0.0602	28
159	-1.4468	0.0555	3396
160	-1.438	-0.6224	3310
161	-1.4358	0.0385	2618
162	-1.4296	-0.485	2295
163	-1.416	-0.026	2336
164	-1.4052	-0.4928	2451
165	-1.406	-0.003	5159
166	-1.4066	0.1704	5305
167	-1.4152	-0.0205	2947
168	-1.4114	-0.6095	3073
169	-1.4146	0.0051	3087
170	-1.4086	-0.567	201
171	-1.4106	-0.5708	3194
172	-1.4194	0.0352	5919
173	-1.408	-0.063	3019
174	-1.3944	0.541	5989
175	-1.4164	-0.6569	6084
176	-1.4042	0.56	5650
177	-1.38	-0.57	2838
178	-1.4054	-0.0024	3212
179	-1.4074	-0.6448	6194
180	-1.406	0.5941	5846
181	-1.4006	-0.5752	1658
182	-1.3806	-0.2435	327
183	-1.39	-0.3091	3789
184	-1.4028	0.4488	2073
185	-1.414	0.034	0
186	-1.414	0.0342	2912
187	-1.3988	-0.5484	2537
188	-1.3956	-0.0408	2565
189	-1.3966	-0.554	5406
190	-1.3998	0.5273	2908
191	-1.4254	-0.0544	3477
192	-1.4338	0.6411	6323
193	-1.4302	-0.6236	5890
194	-1.395	0.5545	5009
195	-1.4112	-0.4474	4521
196	-1.4276	0.4568	3487
197	-1.4238	-0.2407	3524
198	-1.4304	0.4642	5319
199	-1.419	-0.5997	5883
200	-1.4116	0.5769	5670
201	-1.4116	-0.5572	2443
202	-1.4212	-0.0684	2841
203	-1.4268	-0.6367	3414
204	-1.4224	0.041	3240
205	-1.4458	0.689	1
206	-1.4456	0.6889	3107
207	-1.434	0.0678	6108
208	-1.4466	-0.1294	6642
209	-1.4638	0.0363	7011
210	-1.4592	-0.0587	6583
211	-1.4572	0.1067	3564
212	-1.4406	-0.5868	3346
213	-1.421	0.0661	5904
214	-1.428	-0.124	3587
215	-1.4186	0.5595	3194
216	-1.394	-0.0781	2838
217	-1.4014	0.4876	0
218	-1.4008	0.4876	0
219	-1.4014	0.4876	3478
220	-1.4154	-0.0184	3088
221	-1.4132	-0.636	3237
222	-1.4152	0.0114	6615
223	-1.4322	0.0072	2
224	-1.4316	0.0076	1
225	-1.4324	0.0075	3400
226	-1.439	-0.6721	3111
227	-1.4378	-0.0543	6105
228	-1.4048	-0.0076	2795
229	-1.4046	-0.5641	2331
230	-1.403	-0.1011	5323
231	-1.4222	0.021	5648
232	-1.4246	-0.1226	5626
233	-1.3974	0.0091	5954
234	-1.427	-0.0381	2946
235	-1.4216	-0.6214	2987
236	-1.4048	-0.0297	2435
237	-1.4	-0.5111	1491
238	-1.386	-0.2245	114
239	-1.3846	-0.2293	153
240	-1.389	-0.2439	3521
241	-1.3912	0.4454	3323
242	-1.386	-0.2184	3351
243	-1.3886	0.4518	3367
244	-1.3922	-0.2132	3389
245	-1.417	0.4613	361
246	-1.4196	0.5323	35
247	-1.4192	0.5268	3287
248	-1.4062	-0.1274	3130
249	-1.3976	0.493	116
250	-1.3956	0.4778	77
251	-1.3964	0.4929	3
252	-1.3974	0.4935	92
253	-1.3998	0.4954	54
254	-1.3982	0.5037	24
255	-1.3972	0.5009	3195
256	-1.3896	-0.138	3300
257	-1.3814	0.5219	3104
258	-1.3802	-0.0713	4508
259	-1.3644	0.0467	4328
260	-1.3604	-0.2585	4330
261	-1.3706	0.0899	4871
262	-1.3904	-0.1386	4401
263	-1.3654	0.0464	3728
264	-1.4006	-0.2589	4770
265	-1.3996	0.1151	3362
266	-1.3978	-0.5569	3114
267	-1.4032	0.0658	5777
268	-1.4252	-0.0779	6550
269	-1.4202	0.0673	6586
270	-1.4426	-0.0995	6548
271	-1.4254	0.0152	5518
272	-1.441	0.2317	3475
273	-1.4256	-0.439	3332
274	-1.4222	0.227	3355
275	-1.4278	-0.4433	3956
276	-1.447	0.1538	3502
277	-1.4246	-0.5457	3568
278	-1.4296	0.1678	5991
279	-1.4312	0.0019	1
280	-1.4302	0.002	0
281	-1.4308	0.002	6536
282	-1.453	-0.0504	6756
283	-1.4568	0.0372	7015
284	-1.4698	-0.0734	6793
285	-1.4308	0.034	6371
286	-1.446	0.0074	6720
287	-1.457	0.0363	3147
288	-1.4324	-0.593	2211
289	-1.447	-0.1509	5711
290	-1.416	-0.0539	3469
291	-1.3956	0.6014	3373
292	-1.4048	-0.0721	3220
293	-1.4324	0.5714	3130
294	-1.4206	-0.0515	6218
295	-1.4356	0.0202	2892
296	-1.4202	-0.5506	2635
297	-1.408	-0.0257	2777
298	-1.4006	-0.5707	2876
299	-1.4224	-0.0198	6036
300	-1.4144	-0.0349	4651
301	-1.4118	0.3566	4941
302	-1.4088	-0.0912	6143
303	-1.435	0.0227	5682
304	-1.4154	0.0222	5856
305	-1.403	0.0625	6771
306	-1.467	-0.0206	3684
307	-1.4716	0.7162	3448
308	-1.4456	0.0267	6433
309	-1.439	0.0396	6350
310	-1.4184	-0.0409	6000
311	-1.4034	0.0123	3196
312	-1.3824	-0.405	30
313	-1.382	-0.3995	30
314	-1.3854	-0.4054	2701
315	-1.3776	0.1317	2799
316	-1.3944	-0.4272	3128
317	-1.4034	0.1317	5530
318	-1.4024	-0.0938	5865
319	-1.4214	0.1332	2470
320	-1.4248	0.6274	3457
321	-1.416	-0.0642	3210
322	-1.406	0.578	5141
323	-1.4314	-0.4502	3532
324	-1.419	0.2564	3437
325	-1.4176	-0.4311	3456
326	-1.4102	0.2602	3623
327	-1.416	-0.4646	3923
328	-1.4152	0.3202	4262
329	-1.4026	-0.5322	5557
330	-1.425	0.5793	6108
331	-1.4196	-0.6424	5691
332	-1.3978	0.4958	2529
333	-1.4184	-0.0101	3098
334	-1.4036	0.6096	3169
335	-1.3934	-0.0243	295
336	-1.3842	0.0348	94
337	-1.382	0.0159	3027
338	-1.3898	0.6214	6194
339	-1.408	-0.6174	3491
340	-1.4234	0.0809	3458
341	-1.4238	-0.6108	5772
342	-1.3964	0.5437	4378
343	-1.3988	-0.332	2833
344	-1.389	0.2348	82
345	-1.3876	0.2183	119
346	-1.3924	0.2422	2244
347	-1.3864	-0.2067	1779
348	-1.3772	0.1492	15
349	-1.3774	0.1462	389
350	-1.3744	0.2242	533
351	-1.3708	0.3148	69
352	-1.3694	0.301	10
353	-1.3698	0.3006	2076
354	-1.3848	-0.0079	4536
355	-1.3778	0.0281	5459
356	-1.4036	-0.0144	5702
357	-1.4016	-0.0491	3920
358	-1.4108	0.4613	1904
359	-1.4184	0.3141	4083
360	-1.4222	0.0815	1642
361	-1.4184	0.4067	9
362	-1.4192	0.4081	3615
363	-1.4302	-0.3141	5007
364	-1.4356	0.1549	3689
365	-1.4366	-0.5704	3
366	-1.4356	-0.5705	2
367	-1.4358	-0.5706	0
368	-1.4354	-0.5706	2
369	-1.4366	-0.5709	54
370	-1.4366	-0.5814	42
371	-1.4376	-0.5731	16
372	-1.436	-0.5759	41
373	-1.4368	-0.5688	3617
374	-1.4238	0.1317	3701
375	-1.423	-0.5897	3790
376	-1.4384	0.1323	0
377	-1.4382	0.1323	12
378	-1.4394	0.1344	3422
379	-1.432	-0.5475	3060
380	-1.4186	0.0133	3030
381	-1.4232	-0.5904	3326
382	-1.4006	0.0744	3094
383	-1.4072	-0.5036	3004
384	-1.403	0.0403	2988
385	-1.3982	-0.5288	0
386	-1.398	-0.5288	12
387	-1.3994	-0.5269	3044
388	-1.4164	0.0484	2698
389	-1.4102	-0.4887	2667
390	-1.4088	0.0438	2926
391	-1.4018	-0.5321	3134
392	-1.4294	0.0919	5931
393	-1.4262	-0.209	3179
394	-1.4092	0.426	2989
395	-1.4046	-0.1666	3220
396	-1.3702	0.4219	2180
397	-1.3724	0.0103	3885
398	-1.3646	-0.1063	5467
399	-1.3944	0.0155	138
400	-1.3884	-0.0025	23
401	-1.3902	-0.0067	6240
402	-1.4032	-0.0222	3142
403	-1.3986	-0.6238	1704
404	-1.3872	-0.3131	3557
405	-1.3898	0.2948	114
406	-1.3838	0.2721	26
407	-1.382	0.2772	3536
408	-1.41	-0.2953	3857
409	-1.3806	0.2024	1123
410	-1.378	0.4254	169
411	-1.375	0.396	146
412	-1.3706	0.3668	129
413	-1.3708	0.3926	92
414	-1.374	0.4109	4
415	-1.3748	0.4116	69
416	-1.3712	0.3979	358
417	-1.3778	0.3404	1092
418	-1.3782	0.5209	91
419	-1.3808	0.5391	2539
420	-1.3744	0.0314	3566
421	-1.37	0.2734	1274
422	-1.3696	0.5274	2432
423	-1.3848	0.0453	5234
424	-1.3926	0.1045	5415
425	-1.4142	-0.1889	5498
426	-1.416	0.1075	3720
427	-1.4338	-0.5928	4059
428	-1.419	0.0706	6216
429	-1.416	-0.097	3427
430	-1.3898	0.5884	3354
431	-1.4002	-0.0823	5894
432	-1.3908	0.0641	5846
433	-1.4016	-0.0204	176
434	-1.3966	0.0024	36
435	-1.3994	-0.0025	3020
436	-1.3988	-0.5858	3179
437	-1.4038	0.0257	3199
438	-1.3942	0.5803	3227
439	-1.403	0.0073	5930
440	-1.4092	-0.0027	3115
441	-1.4118	0.6195	52
442	-1.4082	0.6091	11
443	-1.4086	0.6113	3250
444	-1.4114	-0.0375	6145
445	-1.4168	0.0852	5425
446	-1.4148	-0.2263	5103
447	-1.3998	0.0999	3312
448	-1.4084	-0.56	3447
449	-1.4124	0.1266	3328
450	-1.418	-0.539	3234
451	-1.3984	0.1078	5764
452	-1.4114	-0.0006	6273
453	-1.4102	-0.0327	5921
454	-1.421	0.0552	6034
455	-1.4352	0.0316	6860
456	-1.4692	-0.0021	3436
457	-1.4466	0.6851	3352
458	-1.4436	0.0147	6901
459	-1.4328	-0.0646	3706
460	-1.4386	0.5814	50
461	-1.4366	0.5873	8
462	-1.4368	0.5881	3378
463	-1.441	-0.0854	3646
464	-1.4494	0.6154	3781
465	-1.445	-0.0847	3621
466	-1.4294	0.6339	3749
467	-1.4344	-0.0732	3825
468	-1.433	0.6381	3563
469	-1.417	-0.0553	3027
470	-1.4032	0.5224	1987
471	-1.3866	0.2045	104
472	-1.3872	0.1861	81
473	-1.391	0.1916	1827
474	-1.3868	0.5474	2917
475	-1.4186	-0.0288	3051
476	-1.4024	0.5803	2987
477	-1.4076	-0.0155	6252
478	-1.4262	-0.0875	1890
479	-1.4064	-0.4654	1263
480	-1.4084	-0.2132	3508
481	-1.4122	0.4885	3871
482	-1.4124	-0.2858	3274
483	-1.4072	0.3692	2982
484	-1.4316	-0.2272	3256
485	-1.4266	0.4242	5006
486	-1.4284	-0.577	2881
487	-1.401	-0.0007	2861
488	-1.413	-0.5729	3455
489	-1.3944	0.1182	587
490	-1.4006	0.0007	3037
491	-1.416	0.6083	6129
492	-1.4318	-0.6175	5586
493	-1.4402	0.4997	5735
494	-1.4136	-0.6473	6572
495	-1.4366	0.6672	6511
496	-1.4382	-0.6351	6506
497	-1.4384	0.6662	6042
498	-1.4454	-0.5423	3810
499	-1.45	0.0265	6802
500	-1.4386	0.0069	6659
501	-1.4318	0.0383	6585
502	-1.443	-0.0911	6607
503	-1.4228	0.0015	6386
504	-1.4016	0.0443	3280
505	-1.4088	-0.6114	3047
506	-1.395	-0.0024	5038
507	-1.3884	0.1572	2611
508	-1.4048	-0.3651	2433
509	-1.402	0.1217	2699
510	-1.4024	-0.4181	2951
511	-1.4442	0.1722	3456
512	-1.4292	-0.5191	3392
513	-1.4232	0.1594	2983
514	-1.4066	-0.4373	5540
515	-1.4352	0.6707	6381
516	-1.4178	-0.6055	3111
517	-1.4174	0.0103	296
518	-1.4108	-0.0473	282
519	-1.41	0.0078	3238
520	-1.4162	-0.6362	3139
521	-1.4102	-0.0124	3256
522	-1.4036	0.6348	3061
523	-1.4068	0.0277	5571
524	-1.4144	0.1183	3376
525	-1.4152	-0.5497	3480
526	-1.4208	0.1459	3575
527	-1.4356	-0.5691	3565
528	-1.4232	0.1439	3584
529	-1.4308	-0.5709	3759
530	-1.4344	0.1678	6028
531	-1.4506	-0.0786	6553
532	-1.4688	0.0637	3311
533	-1.4728	0.7179	3400
534	-1.4828	0.0396	7213
535	-1.4694	-0.0127	3501
536	-1.4408	0.6874	3274
537	-1.4544	0.0366	6874
538	-1.4336	0.0141	3905
539	-1.4248	-0.5052	608
540	-1.4362	-0.6264	3317
541	-1.4438	0.037	3185
542	-1.4418	-0.6	3012
543	-1.4254	0.002	324
544	-1.4248	-0.0625	421
545	-1.4266	0.0213	3128
546	-1.4248	-0.5988	2602
547	-1.4016	-0.0841	5190
548	-1.4052	0.1746	5522
549	-1.3818	-0.059	6163
550	-1.4148	0.0997	5794
551	-1.4392	-0.2352	3601
552	-1.4032	0.461	761
553	-1.3898	0.5568	33
554	-1.3882	0.5582	29
555	-1.3892	0.5584	1017
556	-1.3876	0.3634	1161
557	-1.3928	0.5927	2681
558	-1.4098	0.0897	5562
559	-1.398	-0.0608	2811
560	-1.3982	-0.6046	3252
561	-1.409	0.0282	2510
562	-1.3866	-0.4583	2203
563	-1.3908	-0.0225	3092
564	-1.3966	0.5826	4
565	-1.3962	0.5833	2847
566	-1.3994	0.0142	6031
567	-1.4134	0.0099	3220
568	-1.4108	-0.555	3154
569	-1.4076	0.0234	96
570	-1.403	0.0353	68
571	-1.406	0.0346	1260
572	-1.4102	0.2625	1287
573	-1.4276	0.0271	6465
574	-1.4516	0.0029	6908
575	-1.4378	0.0322	6412
576	-1.438	-0.0578	3231
577	-1.4232	0.588	3190
578	-1.4148	-0.0488	4920
579	-1.3932	0.2412	4724
580	-1.4118	-0.0588	4665
581	-1.418	0.3301	4054
582	-1.4254	-0.2615	4938
583	-1.4038	0.0266	5502
584	-1.3704	-0.0497	2741
585	-1.3638	0.4982	68
586	-1.3672	0.485	323
587	-1.3692	0.4779	3240
588	-1.387	-0.067	2320
589	-1.384	-0.5309	2407
590	-1.3798	-0.0495	2190
591	-1.3764	-0.4311	15
592	-1.3774	-0.4306	30
593	-1.3782	-0.4287	31
594	-1.378	-0.4348	3
595	-1.3782	-0.4349	1674
596	-1.3724	-0.1005	2303
597	-1.3992	-0.5608	2766
598	-1.4226	-0.0096	232
599	-1.4216	-0.0063	351
600	-1.429	0.0239	6813
601	-1.4622	-0.0175	6930
602	-1.438	-0.0075	6564
603	-1.4242	0.0332	6483
604	-1.4282	0.0166	3299
605	-1.4302	-0.6328	2871
606	-1.4378	-0.0625	5767
607	-1.4244	-0.0779	3412
608	-1.4406	0.5817	10
609	-1.4414	0.5838	3569
610	-1.453	-0.1301	3759
611	-1.446	0.6218	6044
612	-1.425	-0.587	3364
613	-1.4138	0.0858	3219
614	-1.4092	-0.538	3201
615	-1.3962	0.0182	5755
616	-1.3938	-0.0623	6119
617	-1.4258	0.0003	2837
618	-1.4104	0.5676	2599
619	-1.4084	0.0478	3363
620	-1.4348	-0.624	3602
621	-1.4246	0.0964	5876
622	-1.4334	0.0355	5990
623	-1.4296	0.0468	3035
624	-1.4206	-0.5582	2923
625	-1.411	0.0248	6177
626	-1.416	0.0178	2789
627	-1.4146	-0.5388	136
628	-1.409	-0.5119	70
629	-1.409	-0.5259	1517
630	-1.4102	-0.2232	4266
631	-1.4026	0.1908	5359
632	-1.4192	0.0119	6289
633	-1.4378	-0.0375	6101
634	-1.4338	0.0351	6346
635	-1.4394	-0.0282	3522
636	-1.431	0.6759	1
637	-1.4314	0.676	3437
638	-1.4514	-0.0114	3406
639	-1.447	0.6697	3415
640	-1.4558	-0.0128	3190
641	-1.428	0.5976	2867
642	-1.4266	0.0307	3251
643	-1.4356	0.68	3549
644	-1.4434	-0.0238	3393
645	-1.4314	0.6548	3420
646	-1.4398	-0.0292	6913
647	-1.453	0.0342	6546
648	-1.4476	0.039	6467
649	-1.4256	0.0356	6179
650	-1.4414	-0.179	6039
651	-1.434	0.0732	2980
652	-1.4384	0.5776	1
653	-1.4384	0.5777	3309
654	-1.4366	-0.0841	5932
655	-1.4272	0.0647	2900
656	-1.4294	0.6447	26
657	-1.4282	0.6395	3338
658	-1.4178	-0.0193	6211
659	-1.4182	0.0709	2912
660	-1.4202	-0.5103	101
661	-1.418	-0.4905	2678
662	-1.4112	0.0111	2921
663	-1.4172	-0.518	2917
664	-1.4188	0.0373	5834
665	-1.4254	-0.014	2771
666	-1.4066	0.5155	2119
667	-1.4246	0.1121	5768
668	-1.4342	0.0201	6041
669	-1.4324	0.0291	6191
670	-1.457	-0.0203	5941
671	-1.418	0.1502	3386
672	-1.4258	-0.5206	3237
673	-1.4072	0.1197	5434
674	-1.4404	0.0185	2951
675	-1.4052	0.6089	2441
676	-1.388	0.1206	2268
677	-1.379	0.5743	5167
678	-1.3802	-0.4592	4960
679	-1.3892	0.533	31
680	-1.3868	0.5268	100
681	-1.3882	0.547	5406
682	-1.4016	-0.5343	3230
683	-1.3944	0.1119	2730
684	-1.3862	-0.4342	4861
685	-1.4078	0.5381	5924
686	-1.4178	-0.6467	80
687	-1.4154	-0.6308	3301
688	-1.4228	0.0025	6864
689	-1.4412	-0.0143	6473
690	-1.4374	-0.0172	5207
691	-1.4248	0.2311	3175
692	-1.4048	-0.3819	78
693	-1.402	-0.3664	1917
694	-1.3992	0.0166	3145
695	-1.4064	-0.6115	3518
696	-1.4392	0.0916	3328
697	-1.3974	-0.5739	2
698	-1.3974	-0.5743	3348
699	-1.4242	0.0954	3643
700	-1.4332	-0.6334	6284
701	-1.4178	0.6235	3356
702	-1.3992	-0.0478	3640
703	-1.4218	0.6804	6238
704	-1.4314	-0.5673	5928
705	-1.4216	0.6184	3413
706	-1.448	-0.0557	6386
707	-1.4372	0.0271	3083
708	-1.4392	0.6165	2900
709	-1.437	0.047	2634
710	-1.413	0.5591	2521
711	-1.4238	0.097	3682
712	-1.4196	-0.5154	3368
713	-1.4172	0.1563	3392
714	-1.4132	-0.5137	3222
715	-1.3952	0.045	2990
716	-1.406	-0.4794	3083
717	-1.3846	-0.0005	10
718	-1.3838	0	473
719	-1.3968	0.091	2677
720	-1.4162	0.626	3028
721	-1.4124	0.0221	5633
722	-1.4286	-0.2681	420
723	-1.421	-0.3472	27
724	-1.421	-0.3433	56
725	-1.421	-0.3521	831
726	-1.4218	-0.188	5890
727	-1.435	0.0108	6171
728	-1.4262	-0.0273	2
729	-1.425	-0.0277	1
730	-1.4258	-0.0278	5990
731	-1.4234	-0.0122	3110
732	-1.442	0.6095	0
733	-1.4418	0.6095	2895
734	-1.4438	0.0306	5963
735	-1.4192	-0.1296	6027
736	-1.406	-0.0175	463
737	-1.3996	-0.0581	427
738	-1.4012	-0.0003	2968
739	-1.4188	-0.593	2966
740	-1.4082	-0.0123	2725
741	-1.3988	0.5327	4205
742	-1.395	-0.3083	2282
743	-1.39	0.1482	2389
744	-1.4012	-0.3296	3001
745	-1.3874	0.2708	1566
746	-1.3728	-0.0426	142
747	-1.3732	-0.014	1231
748	-1.3786	-0.2603	2106
749	-1.377	0.1611	2789
750	-1.3948	-0.3969	5355
751	-1.4298	0.6742	2629
752	-1.4178	0.1484	37
753	-1.4162	0.156	3224
754	-1.4162	-0.4889	34
755	-1.4166	-0.4821	223
756	-1.4204	-0.5269	5544
757	-1.4442	0.582	3160
758	-1.4214	-0.0501	3326
759	-1.44	0.6152	85
760	-1.4418	0.6069	363
761	-1.442	0.6563	3294
762	-1.448	0.0278	3044
763	-1.433	0.6363	236
764	-1.4278	0.5912	3558
765	-1.4096	-0.1201	3442
766	-1.3962	0.5675	3217
767	-1.3884	0.0002	2945
768	-1.3824	0.5512	3153
769	-1.4042	-0.0161	5532
770	-1.4018	0.0071	6107
771	-1.4614	-0.0503	6877
772	-1.4536	0.0707	2623
773	-1.4416	0.5953	2612
774	-1.4556	0.073	6574
775	-1.4432	-0.0294	5745
776	-1.425	0.178	3265
777	-1.4038	-0.4582	3243
778	-1.4028	0.1832	3485
779	-1.4172	-0.5137	3160
780	-1.4264	0.1182	2150
781	-1.4158	-0.3038	2209
782	-1.4066	0.138	2720
783	-1.4164	-0.4057	2935
784	-1.4068	0.0253	2642
785	-1.4062	0.5536	2968
786	-1.4018	-0.0399	5671
787	-1.4032	0.0488	5632
788	-1.3894	-0.044	2768
789	-1.4086	-0.5556	2941
790	-1.4218	0.031	107
791	-1.415	0.0107	29
792	-1.4152	0.0156	5553
793	-1.4302	-0.0186	5821
794	-1.4378	0.008	3296
795	-1.443	-0.6511	3478
796	-1.445	0.0444	3554
797	-1.4464	-0.6639	2894
798	-1.4222	-0.0907	5483
799	-1.411	0.0307	6215
800	-1.4166	-0.0215	5912
801	-1.4052	0.0773	2
802	-1.405	0.0774	14
803	-1.4056	0.0761	5743
804	-1.4106	0.0512	6084
805	-1.4124	0.0328	2
806	-1.4122	0.0325	6
807	-1.4132	0.0336	2907
808	-1.41	-0.5478	2693
809	-1.4064	-0.0096	5372
810	-1.4392	-0.1111	2689
811	-1.4138	-0.6489	2445
812	-1.4042	-0.16	4550
813	-1.4196	0.2664	4897
814	-1.4204	0.001	2936
815	-1.4138	0.5722	3307
816	-1.4206	-0.0249	3348
817	-1.4132	0.6446	3194
818	-1.4238	0.0059	6370
819	-1.4318	-0.0065	3416
820	-1.4316	-0.6837	3660
821	-1.4498	0.0106	3404
822	-1.4598	0.691	3392
823	-1.4622	0.013	7291
824	-1.466	0.0081	7037
825	-1.4318	-0.01	6473
826	-1.4572	0.0313	6618
827	-1.442	-0.0022	3454
828	-1.4338	-0.6925	3443
829	-1.4388	-0.0044	5650
830	-1.4112	0.1172	3109
831	-1.4118	-0.5048	4628
832	-1.4092	0.421	2354
833	-1.4144	-0.0498	2927
834	-1.4212	0.5358	5571
835	-1.412	-0.5784	4861
836	-1.3932	0.3939	3315
837	-1.4038	-0.2693	3052
838	-1.4054	0.3413	3231
839	-1.4036	-0.3051	3450
840	-1.3952	0.385	56
841	-1.3908	0.3737	62
842	-1.399	0.3862	3027
843	-1.4096	-0.2193	3288
844	-1.4206	0.4384	3384
845	-1.4072	-0.2385	3424
846	-1.412	0.4465	1177
847	-1.3874	0.2111	2
848	-1.3868	0.2115	2
849	-1.3872	0.2109	7
850	-1.3866	0.2124	15
851	-1.389	0.2093	187
852	-1.3946	0.2469	3572
853	-1.3926	-0.4676	3195
854	-1.3968	0.1714	3265
855	-1.4042	-0.4818	3218
856	-1.4092	0.162	3178
857	-1.3852	-0.4736	15
858	-1.3864	-0.4705	142
859	-1.3866	-0.4989	5471
860	-1.4176	0.5953	5898
861	-1.4156	-0.5843	5878
862	-1.3852	0.5914	5687
863	-1.4094	-0.5462	5703
864	-1.3982	0.5944	5572
865	-1.4002	-0.5201	3396
866	-1.4038	0.1592	767
867	-1.4018	0.0059	6329
868	-1.4206	0.043	4523
869	-1.3952	-0.2301	3616
870	-1.4054	0.3083	3512
871	-1.3944	-0.3809	2876
872	-1.387	0.1911	2932
873	-1.3938	-0.3786	3378
874	-1.418	0.2969	3450
875	-1.4162	-0.3923	3798
876	-1.4118	0.2534	5357
877	-1.4144	-0.0488	6300
878	-1.434	0.0663	6411
879	-1.4016	-0.0595	6300
880	-1.4184	-0.0112	6153
881	-1.4026	0.0306	6205
882	-1.4128	-0.0084	3358
883	-1.4242	0.6633	3215
884	-1.4286	0.0203	3098
885	-1.4128	0.64	3261
886	-1.4082	-0.0124	3183
887	-1.402	0.6244	3423
888	-1.4194	-0.0603	3296
889	-1.4156	0.599	3269
890	-1.4126	-0.0549	3454
891	-1.4352	0.636	3628
892	-1.437	-0.0897	3530
893	-1.4162	0.6163	6173
894	-1.4212	-0.6184	6726
895	-1.441	0.7269	6631
896	-1.4132	-0.5994	3456
897	-1.4182	0.0918	201
898	-1.421	0.0516	163
899	-1.4214	0.0842	237
900	-1.4298	0.0367	3156
901	-1.4274	0.6681	3143
902	-1.408	0.0394	633
903	-1.4032	0.1662	3901
904	-1.4134	-0.6142	3319
905	-1.4044	0.0496	2844
906	-1.4032	-0.5193	5686
907	-1.4234	0.618	5835
908	-1.4188	-0.5491	2779
909	-1.4104	0.0069	3118
910	-1.4172	-0.6168	6248
911	-1.4106	0.633	4865
912	-1.4088	-0.3402	2509
913	-1.4178	0.1616	2644
914	-1.4188	-0.3673	1964
915	-1.4298	-0.0154	5317
916	-1.4188	0.064	2656
917	-1.4088	0.5923	2842
918	-1.4106	0.0268	6290
919	-1.437	0.0148	6339
920	-1.4244	0.0866	3567
921	-1.446	-0.6032	3756
922	-1.4484	0.0943	6230
923	-1.4176	0.0267	6242
924	-1.4314	-0.0905	3365
925	-1.4152	0.5827	6250
926	-1.443	-0.6675	6775
927	-1.4238	0.6877	6165
928	-1.415	-0.5455	3673
929	-1.4004	0.1892	3429
930	-1.393	-0.4968	5060
931	-1.3934	0.5154	2734
932	-1.3998	-0.0314	8
933	-1.3996	-0.0297	2
934	-1.3992	-0.0302	2385
935	-1.4032	0.4469	2341
936	-1.378	-0.0214	2728
937	-1.4104	0.5242	293
938	-1.4042	0.4655	282
939	-1.41	0.5219	5617
940	-1.424	-0.6016	5913
941	-1.4168	0.581	3387
942	-1.4164	-0.0552	2204
943	-1.426	-0.4932	31
944	-1.4258	-0.4895	94
945	-1.4248	-0.4874	1986
946	-1.424	-0.1098	5442
947	-1.4182	0.203	3420
948	-1.3972	-0.379	3223
949	-1.381	0.0936	4608
950	-1.382	0.0696	4768
951	-1.3922	-0.1009	5257
952	-1.3938	0.0633	6017
953	-1.4256	-0.0124	6314
954	-1.431	0.1169	2235
955	-1.425	0.5619	2702
956	-1.4448	0.0247	7028
957	-1.4662	-0.0418	3296
958	-1.468	-0.7012	0
959	-1.468	-0.701	15
960	-1.4704	-0.7041	6962
961	-1.4534	0.6884	6431
962	-1.4366	-0.5978	6468
963	-1.4502	0.6958	7007
964	-1.4476	-0.7057	6856
965	-1.4372	0.6655	3660
966	-1.4478	-0.0665	3660
967	-1.4552	0.6655	3480
968	-1.4486	-0.0305	3540
969	-1.4416	0.6777	6846
970	-1.4466	-0.6916	6628
971	-1.423	0.6341	6295
972	-1.4112	-0.625	2743
973	-1.4032	-0.0763	2471
974	-1.406	-0.5707	5619
975	-1.4174	0.5532	5978
976	-1.4118	-0.6425	3227
977	-1.4028	0.003	1
978	-1.4028	0.0026	5
979	-1.4024	0.0036	3286
980	-1.3858	-0.6537	6145
981	-1.3774	0.5754	195
982	-1.3738	0.5364	203
983	-1.372	0.577	2015
984	-1.3742	0.1738	1505
985	-1.3858	0.4748	4529
986	-1.3982	-0.4311	2579
987	-1.414	0.0848	2461
988	-1.4088	-0.4075	4700
989	-1.4304	0.5326	119
990	-1.4258	0.5087	103
991	-1.4288	0.5294	5752
992	-1.4416	-0.6211	6284
993	-1.406	0.6357	6528
994	-1.4446	-0.6701	1
995	-1.4446	-0.6698	1
996	-1.445	-0.6701	6539
997	-1.4114	0.6378	6189
998	-1.406	-0.6	5521
999	-1.4114	0.5042	3705
